CHARACTER_NAME: SM
STROKE_COUNT: 3
  X           Y   STYLUS_STATE STROKE
PEN_DOWN
1164        1164        1        1
1191        1164        1        1
1244        1164        1        1
1323        1191        1        1
1376        1191        1        1
1429        1191        1        1
1482        1191        1        1
1535        1217        1        1
1588        1244        1        1
1640        1270        1        1
1667        1296        1        1
1693        1323        1        1
1693        1349        1        1
1720        1402        1        1
1693        1429        1        1
1693        1482        1        1
1667        1508        1        1
1640        1561        1        1
1614        1588        1        1
1588        1640        1        1
1535        1667        1        1
1482        1693        1        1
1402        1720        1        1
1349        1746        1        1
1296        1746        1        1
1244        1773        1        1
1191        1746        1        1
1164        1746        1        1
1138        1720        1        1
1111        1720        1        1
1111        1693        1        1
1111        1667        1        1
1138        1640        1        1
1164        1614        1        1
1191        1588        1        1
1244        1561        1        1
1323        1535        1        1
1402        1508        1        1
1508        1482        1        1
1588        1482        1        1
1667        1482        1        1
1746        1482        1        1
1826        1482        1        1
1879        1482        1        1
1931        1508        1        1
1958        1535        1        1
1984        1561        1        1
1984        1588        1        1
1984        1614        1        1
1958        1667        1        1
1931        1693        1        1
1905        1720        1        1
1852        1720        1        1
1799        1746        1        1
1746        1746        1        1
1720        1746        1        1
1667        1720        1        1
1640        1693        1        1
1614        1667        1        1
1614        1640        1        1
1614        1614        1        1
1614        1561        1        1
1640        1535        1        1
1667        1482        1        1
1693        1455        1        1
1746        1429        1        1
1799        1402        1        1
1852        1376        1        1
1905        1376        1        1
1984        1376        1        1
2037        1376        1        1
2117        1376        1        1
2170        1402        1        1
2223        1402        1        1
2275        1429        1        1
2328        1429        1        1
2381        1455        1        1
2408        1455        1        1
PEN_UP                  0
PEN_DOWN
2487        1244        1        2
2487        1217        1        2
2487        1191        1        2
2487        1164        1        2
2487        1138        1        2
2487        1164        1        2
2487        1191        1        2
2487        1217        1        2
2487        1270        1        2
2487        1349        1        2
2487        1429        1        2
2514        1508        1        2
2514        1588        1        2
2514        1693        1        2
2514        1773        1        2
2514        1852        1        2
2514        1958        1        2
2514        2037        1        2
2514        2090        1        2
2514        2170        1        2
2514        2249        1        2
2514        2302        1        2
2514        2355        1        2
2514        2408        1        2
2514        2461        1        2
2514        2514        1        2
2514        2540        1        2
2487        2593        1        2
2487        2646        1        2
2461        2699        1        2
2461        2752        1        2
2461        2805        1        2
2434        2831        1        2
2434        2884        1        2
2408        2937        1        2
2381        2990        1        2
2381        3016        1        2
2355        3043        1        2
2328        3069        1        2
2328        3096        1        2
2302        3096        1        2
2275        3122        1        2
2249        3122        1        2
2223        3096        1        2
2196        3069        1        2
2170        3043        1        2
2143        2990        1        2
2117        2937        1        2
2090        2884        1        2
2090        2858        1        2
2090        2805        1        2
2090        2752        1        2
2117        2725        1        2
2143        2672        1        2
2170        2619        1        2
2223        2593        1        2
2302        2566        1        2
2381        2540        1        2
2434        2514        1        2
2514        2487        1        2
2593        2487        1        2
2672        2487        1        2
2752        2514        1        2
2831        2540        1        2
2884        2540        1        2
2963        2593        1        2
3016        2619        1        2
3069        2646        1        2
3122        2672        1        2
3149        2699        1        2
3201        2725        1        2
3228        2752        1        2
3254        2752        1        2
3281        2778        1        2
3307        2778        1        2
3334        2752        1        2
3307        2725        1        2
3307        2699        1        2
3307        2672        1        2
3281        2619        1        2
3281        2566        1        2
3281        2487        1        2
3254        2434        1        2
3254        2355        1        2
3228        2249        1        2
3201        2170        1        2
3201        2064        1        2
3175        1958        1        2
3175        1852        1        2
3175        1746        1        2
3149        1667        1        2
3149        1561        1        2
3149        1482        1        2
3149        1402        1        2
3149        1323        1        2
3149        1270        1        2
3149        1217        1        2
3149        1164        1        2
3149        1111        1        2
3149        1085        1        2
3122        1032        1        2
3122        1005        1        2
3122         979        1        2
3122         953        1        2
3122         926        1        2
3122         900        1        2
3096         900        1        2
3096         873        1        2
3096         900        1        2
3069         926        1        2
3043         926        1        2
3043         953        1        2
3016         953        1        2
3016         979        1        2
2990         979        1        2
2963         979        1        2
2937        1005        1        2
2910        1005        1        2
2884        1005        1        2
PEN_UP                  0
PEN_DOWN
2249         979        1        3
2223         979        1        3
2249         979        1        3
2275        1005        1        3
2328        1005        1        3
2381        1032        1        3
2461        1032        1        3
2540        1058        1        3
2619        1085        1        3
2752        1111        1        3
2858        1111        1        3
2990        1111        1        3
3122        1138        1        3
3254        1138        1        3
3360        1138        1        3
3466        1138        1        3
3545        1138        1        3
3598        1138        1        3
3651        1138        1        3
3678        1138        1        3
3704        1138        1        3
3731        1138        1        3
3757        1138        1        3
PEN_UP                  0
END_CHARACTER: SM
