CHARACTER_NAME: KA
STROKE_COUNT: 3
  X           Y   STYLUS_STATE STROKE
PEN_DOWN
 582         953        1        1
 582         979        1        1
 609         979        1        1
 635         979        1        1
 635        1005        1        1
 661        1005        1        1
 688        1005        1        1
 714        1005        1        1
 741        1005        1        1
 767        1032        1        1
 794        1032        1        1
 820        1032        1        1
 847        1032        1        1
 900        1032        1        1
 926        1032        1        1
 953        1032        1        1
 979        1058        1        1
1005        1058        1        1
1032        1058        1        1
1085        1058        1        1
1111        1058        1        1
1138        1058        1        1
1164        1058        1        1
1191        1058        1        1
1217        1032        1        1
1244        1032        1        1
1296        1032        1        1
1323        1032        1        1
1349        1032        1        1
1402        1032        1        1
1429        1032        1        1
1455        1032        1        1
1482        1032        1        1
1508        1032        1        1
1535        1032        1        1
1561        1032        1        1
1588        1032        1        1
1614        1032        1        1
1640        1032        1        1
1693        1032        1        1
1720        1032        1        1
1746        1032        1        1
1773        1032        1        1
1799        1032        1        1
1826        1005        1        1
1852        1005        1        1
1905        1005        1        1
1931        1005        1        1
1958        1005        1        1
1984        1005        1        1
2011        1005        1        1
2064        1005        1        1
2090        1005        1        1
2117        1005        1        1
2170        1005        1        1
2196        1005        1        1
2223        1005        1        1
2275         979        1        1
2302         979        1        1
2328         979        1        1
2355         979        1        1
2408         979        1        1
2434         953        1        1
2487         953        1        1
2514         953        1        1
2540         953        1        1
2566         953        1        1
2593         953        1        1
2619         953        1        1
2646         926        1        1
2672         926        1        1
2699         926        1        1
2725         926        1        1
2752         926        1        1
2778         926        1        1
2805         926        1        1
2831         926        1        1
2858         900        1        1
2884         900        1        1
2910         900        1        1
2937         900        1        1
2963         900        1        1
2990         900        1        1
3016         900        1        1
3043         900        1        1
3069         900        1        1
3096         900        1        1
3096         873        1        1
3122         873        1        1
3149         873        1        1
PEN_UP                  0
PEN_DOWN
2037        1032        1        2
2011        1032        1        2
2011        1058        1        2
1984        1058        1        2
1984        1085        1        2
1958        1085        1        2
1958        1111        1        2
1931        1111        1        2
1879        1138        1        2
1852        1164        1        2
1826        1191        1        2
1773        1217        1        2
1720        1270        1        2
1667        1296        1        2
1614        1349        1        2
1561        1376        1        2
1508        1429        1        2
1455        1482        1        2
1376        1535        1        2
1323        1588        1        2
1270        1640        1        2
1217        1667        1        2
1191        1720        1        2
1138        1746        1        2
1111        1799        1        2
1085        1826        1        2
1058        1852        1        2
1032        1879        1        2
1005        1879        1        2
1005        1905        1        2
 979        1905        1        2
 953        1931        1        2
 953        1958        1        2
 979        1958        1        2
 979        1984        1        2
1005        2011        1        2
1005        2037        1        2
1032        2064        1        2
1058        2090        1        2
1085        2117        1        2
1138        2143        1        2
1164        2196        1        2
1191        2223        1        2
1244        2249        1        2
1296        2275        1        2
1349        2302        1        2
1402        2328        1        2
1455        2355        1        2
1508        2381        1        2
1561        2434        1        2
1614        2461        1        2
1667        2487        1        2
1720        2514        1        2
1773        2540        1        2
1799        2566        1        2
1852        2593        1        2
1905        2619        1        2
1931        2646        1        2
1984        2672        1        2
2011        2699        1        2
2037        2725        1        2
2064        2752        1        2
2090        2752        1        2
2117        2778        1        2
2143        2778        1        2
2170        2805        1        2
2196        2805        1        2
2170        2778        1        2
2170        2752        1        2
2170        2725        1        2
2170        2672        1        2
2170        2619        1        2
2143        2566        1        2
2143        2514        1        2
2143        2434        1        2
2143        2355        1        2
2143        2275        1        2
2143        2196        1        2
2117        2143        1        2
2117        2064        1        2
2117        1984        1        2
2117        1931        1        2
2117        1852        1        2
2117        1799        1        2
2117        1720        1        2
2117        1640        1        2
2117        1588        1        2
2117        1535        1        2
2117        1482        1        2
2117        1455        1        2
2117        1402        1        2
2117        1376        1        2
2117        1349        1        2
2117        1323        1        2
2117        1296        1        2
2117        1270        1        2
2117        1244        1        2
2117        1217        1        2
2117        1191        1        2
2090        1191        1        2
2090        1164        1        2
2090        1138        1        2
2090        1111        1        2
2064        1111        1        2
2064        1085        1        2
2064        1058        1        2
2037        1058        1        2
2037        1032        1        2
2037        1058        1        2
2037        1085        1        2
2064        1085        1        2
2064        1111        1        2
2090        1138        1        2
2117        1164        1        2
2143        1164        1        2
2143        1191        1        2
2170        1191        1        2
2196        1191        1        2
2223        1217        1        2
2249        1217        1        2
2275        1217        1        2
2328        1244        1        2
2355        1244        1        2
2408        1270        1        2
2434        1270        1        2
2487        1270        1        2
2514        1296        1        2
2566        1296        1        2
2593        1296        1        2
2619        1296        1        2
2646        1323        1        2
2672        1323        1        2
2699        1323        1        2
2699        1349        1        2
2725        1376        1        2
2725        1402        1        2
2752        1402        1        2
2752        1455        1        2
2752        1482        1        2
2752        1508        1        2
2752        1535        1        2
2752        1561        1        2
2752        1588        1        2
2752        1640        1        2
2752        1667        1        2
2752        1693        1        2
2752        1720        1        2
2752        1746        1        2
2752        1773        1        2
2752        1799        1        2
2725        1826        1        2
2725        1852        1        2
2699        1852        1        2
2699        1879        1        2
2699        1905        1        2
2672        1931        1        2
2646        1958        1        2
2619        1984        1        2
2593        1984        1        2
2540        2011        1        2
2514        2011        1        2
2487        2011        1        2
2461        2011        1        2
2408        2011        1        2
2381        1984        1        2
2355        1958        1        2
2355        1931        1        2
2328        1879        1        2
2328        1852        1        2
2328        1826        1        2
2328        1799        1        2
2328        1773        1        2
2355        1746        1        2
2381        1720        1        2
2408        1720        1        2
PEN_UP                  0
PEN_DOWN
2381        1826        1        3
2381        1799        1        3
2381        1773        1        3
2381        1746        1        3
2381        1720        1        3
2408        1693        1        3
2434        1693        1        3
2461        1693        1        3
2487        1693        1        3
2514        1693        1        3
2540        1693        1        3
2566        1693        1        3
2593        1693        1        3
2619        1693        1        3
2646        1693        1        3
2672        1693        1        3
2672        1720        1        3
2699        1720        1        3
2699        1746        1        3
2725        1746        1        3
2752        1773        1        3
2752        1799        1        3
PEN_UP                  0
END_CHARACTER: KA
