CHARACTER_NAME: STH
STROKE_COUNT: 3
  X           Y   STYLUS_STATE STROKE
PEN_DOWN
1058        1111        1        1
1111        1111        1        1
1138        1111        1        1
1191        1111        1        1
1270        1111        1        1
1349        1111        1        1
1455        1111        1        1
1561        1138        1        1
1693        1138        1        1
1799        1138        1        1
1931        1138        1        1
2064        1138        1        1
2170        1138        1        1
2302        1138        1        1
2408        1138        1        1
2514        1138        1        1
2593        1138        1        1
2672        1138        1        1
2752        1138        1        1
2805        1138        1        1
2858        1138        1        1
2910        1138        1        1
2937        1138        1        1
2963        1138        1        1
2990        1138        1        1
3016        1138        1        1
PEN_UP                  0
PEN_DOWN
1244        1773        1        2
1270        1773        1        2
1270        1799        1        2
1270        1826        1        2
1296        1852        1        2
1323        1879        1        2
1323        1905        1        2
1349        1931        1        2
1376        1958        1        2
1402        1958        1        2
1402        1984        1        2
1429        1984        1        2
1455        1984        1        2
1482        2011        1        2
1535        2011        1        2
1561        2011        1        2
1588        2011        1        2
1614        2011        1        2
1640        2011        1        2
1667        1984        1        2
1693        1984        1        2
1720        1984        1        2
1746        1984        1        2
1773        1958        1        2
1799        1958        1        2
1826        1931        1        2
1826        1905        1        2
1852        1879        1        2
1879        1852        1        2
1879        1826        1        2
1879        1799        1        2
1905        1746        1        2
1905        1720        1        2
1931        1693        1        2
1931        1640        1        2
1958        1614        1        2
1958        1561        1        2
1958        1535        1        2
1984        1508        1        2
1984        1482        1        2
1984        1455        1        2
2011        1455        1        2
2011        1429        1        2
2011        1402        1        2
2037        1376        1        2
2037        1349        1        2
2037        1323        1        2
2064        1323        1        2
2064        1296        1        2
2064        1270        1        2
2064        1244        1        2
2090        1244        1        2
2090        1217        1        2
2090        1244        1        2
2064        1244        1        2
2064        1270        1        2
2064        1296        1        2
2064        1323        1        2
2064        1349        1        2
2064        1376        1        2
2064        1402        1        2
2037        1429        1        2
2037        1482        1        2
2037        1508        1        2
2037        1535        1        2
2037        1561        1        2
2064        1588        1        2
2064        1614        1        2
2037        1614        1        2
2064        1640        1        2
2064        1667        1        2
2064        1693        1        2
2064        1720        1        2
2064        1746        1        2
2064        1773        1        2
2064        1799        1        2
2090        1826        1        2
2090        1852        1        2
2090        1879        1        2
2117        1879        1        2
2117        1905        1        2
2117        1931        1        2
2143        1958        1        2
2170        1984        1        2
2170        2011        1        2
2196        2011        1        2
2196        2037        1        2
2223        2037        1        2
2249        2037        1        2
2249        2064        1        2
2275        2064        1        2
2302        2064        1        2
2328        2090        1        2
2355        2090        1        2
2381        2090        1        2
2408        2090        1        2
2434        2090        1        2
2461        2090        1        2
2487        2064        1        2
2514        2064        1        2
2540        2037        1        2
2566        2037        1        2
2593        2011        1        2
2619        1984        1        2
2646        1958        1        2
2646        1931        1        2
2672        1879        1        2
2699        1852        1        2
2699        1826        1        2
2725        1799        1        2
2725        1746        1        2
2752        1720        1        2
2752        1693        1        2
2752        1640        1        2
2778        1614        1        2
2778        1588        1        2
2778        1561        1        2
2778        1535        1        2
2778        1482        1        2
2778        1455        1        2
2778        1429        1        2
2778        1402        1        2
2752        1376        1        2
2752        1349        1        2
2752        1323        1        2
2752        1296        1        2
2725        1296        1        2
2725        1270        1        2
2725        1244        1        2
2725        1217        1        2
2699        1217        1        2
2699        1191        1        2
2672        1164        1        2
2646        1164        1        2
2619        1191        1        2
PEN_UP                  0
PEN_DOWN
2619        2170        1        3
2619        2196        1        3
2619        2223        1        3
2619        2249        1        3
2619        2275        1        3
2619        2302        1        3
2593        2328        1        3
2593        2355        1        3
2566        2381        1        3
2566        2408        1        3
2566        2434        1        3
2540        2461        1        3
2514        2487        1        3
2487        2514        1        3
2461        2540        1        3
2434        2540        1        3
2408        2566        1        3
2381        2566        1        3
2355        2566        1        3
2328        2540        1        3
2302        2540        1        3
2275        2514        1        3
2249        2487        1        3
2249        2434        1        3
2249        2408        1        3
2249        2381        1        3
2275        2355        1        3
2275        2328        1        3
2302        2302        1        3
2328        2275        1        3
2355        2249        1        3
2381        2249        1        3
2408        2223        1        3
2461        2223        1        3
2487        2223        1        3
2514        2196        1        3
2566        2196        1        3
2593        2223        1        3
2646        2223        1        3
2699        2223        1        3
2725        2249        1        3
2778        2249        1        3
2831        2275        1        3
2858        2302        1        3
2884        2328        1        3
2910        2355        1        3
2937        2381        1        3
2937        2408        1        3
2963        2434        1        3
2937        2461        1        3
2937        2487        1        3
2910        2514        1        3
2884        2566        1        3
2858        2593        1        3
2805        2646        1        3
2752        2672        1        3
2699        2725        1        3
2619        2778        1        3
2540        2805        1        3
2461        2858        1        3
2381        2884        1        3
2302        2937        1        3
2223        2963        1        3
2170        2990        1        3
2090        3016        1        3
2037        3016        1        3
1984        3043        1        3
1931        3069        1        3
1879        3069        1        3
1852        3069        1        3
1852        3096        1        3
1826        3096        1        3
1799        3096        1        3
1826        3096        1        3
1852        3096        1        3
1905        3069        1        3
1931        3069        1        3
1984        3069        1        3
2037        3069        1        3
2090        3043        1        3
2143        3043        1        3
2196        3043        1        3
2249        3069        1        3
2302        3069        1        3
2355        3069        1        3
2408        3096        1        3
2434        3122        1        3
2487        3149        1        3
2540        3175        1        3
2566        3201        1        3
2619        3228        1        3
2646        3254        1        3
2672        3254        1        3
2725        3281        1        3
2752        3281        1        3
2805        3254        1        3
2858        3254        1        3
2910        3228        1        3
2937        3201        1        3
2990        3175        1        3
3043        3122        1        3
PEN_UP                  0
END_CHARACTER: STH
