CHARACTER_NAME: FP
STROKE_COUNT: 6
  X           Y   STYLUS_STATE STROKE
PEN_DOWN
1164        1085        1        1
1138        1111        1        1
1111        1111        1        1
1085        1138        1        1
1058        1164        1        1
1032        1191        1        1
1032        1217        1        1
1005        1244        1        1
 979        1296        1        1
 979        1323        1        1
 953        1349        1        1
 953        1376        1        1
 926        1429        1        1
 926        1455        1        1
 926        1482        1        1
 926        1508        1        1
 926        1561        1        1
 926        1588        1        1
 953        1614        1        1
 953        1640        1        1
 979        1667        1        1
1005        1693        1        1
1032        1720        1        1
1058        1746        1        1
1085        1773        1        1
1138        1799        1        1
1164        1826        1        1
1217        1826        1        1
1244        1852        1        1
1296        1852        1        1
1323        1879        1        1
1376        1852        1        1
1402        1852        1        1
1429        1852        1        1
1482        1852        1        1
1508        1826        1        1
1561        1826        1        1
1588        1799        1        1
1614        1799        1        1
1640        1773        1        1
1667        1746        1        1
1693        1720        1        1
1720        1693        1        1
1720        1640        1        1
1746        1614        1        1
1773        1588        1        1
1773        1535        1        1
1799        1508        1        1
1826        1482        1        1
1826        1455        1        1
1826        1429        1        1
1852        1376        1        1
1852        1349        1        1
1852        1323        1        1
1852        1296        1        1
1852        1270        1        1
1852        1244        1        1
1852        1217        1        1
1852        1191        1        1
1826        1164        1        1
1826        1138        1        1
1826        1111        1        1
1799        1111        1        1
1773        1085        1        1
1746        1058        1        1
1720        1032        1        1
1693        1032        1        1
1693        1005        1        1
1667        1005        1        1
1640        1005        1        1
1614         979        1        1
1588         979        1        1
1561         979        1        1
1535         979        1        1
1508         979        1        1
1482         979        1        1
1455         979        1        1
1429         979        1        1
1402         979        1        1
1402        1005        1        1
1376        1005        1        1
1349        1005        1        1
1323        1032        1        1
1296        1032        1        1
1270        1032        1        1
1244        1032        1        1
1244        1058        1        1
1217        1058        1        1
1191        1058        1        1
1164        1058        1        1
1138        1085        1        1
1111        1085        1        1
1111        1111        1        1
PEN_UP                  0
PEN_DOWN
1191        1191        1        2
1217        1217        1        2
1244        1244        1        2
1244        1270        1        2
1270        1296        1        2
1296        1296        1        2
1323        1323        1        2
1349        1349        1        2
1376        1402        1        2
1429        1429        1        2
1455        1455        1        2
1482        1482        1        2
1535        1508        1        2
1561        1535        1        2
1588        1561        1        2
1614        1588        1        2
1640        1588        1        2
1667        1614        1        2
1693        1640        1        2
1720        1667        1        2
1746        1693        1        2
1773        1667        1        2
1799        1667        1        2
1826        1667        1        2
1826        1640        1        2
1852        1640        1        2
1879        1640        1        2
1905        1640        1        2
1931        1667        1        2
1958        1667        1        2
1984        1693        1        2
2011        1693        1        2
2037        1720        1        2
2064        1746        1        2
2064        1773        1        2
2090        1799        1        2
2117        1799        1        2
2117        1826        1        2
2143        1826        1        2
2170        1826        1        2
2170        1799        1        2
2196        1746        1        2
2223        1720        1        2
2249        1667        1        2
2275        1614        1        2
2302        1561        1        2
2328        1508        1        2
2328        1455        1        2
2355        1429        1        2
2381        1376        1        2
2408        1349        1        2
2408        1323        1        2
2434        1323        1        2
2434        1296        1        2
2434        1323        1        2
2408        1323        1        2
PEN_UP                  0
PEN_DOWN
1905        1588        1        3
1905        1561        1        3
1931        1535        1        3
1958        1535        1        3
1984        1508        1        3
2011        1508        1        3
2064        1482        1        3
2117        1482        1        3
2170        1482        1        3
2196        1455        1        3
2249        1455        1        3
2302        1482        1        3
2355        1482        1        3
2381        1482        1        3
2434        1508        1        3
2487        1535        1        3
2514        1561        1        3
2566        1561        1        3
2593        1588        1        3
2646        1614        1        3
2672        1614        1        3
2699        1614        1        3
2752        1614        1        3
PEN_UP                  0
PEN_DOWN
2831        1138        1        4
2858        1111        1        4
2858        1085        1        4
2884        1058        1        4
2858        1085        1        4
2858        1111        1        4
2884        1138        1        4
2858        1164        1        4
2858        1217        1        4
2858        1270        1        4
2858        1323        1        4
2858        1402        1        4
2858        1482        1        4
2831        1561        1        4
2831        1640        1        4
2831        1720        1        4
2805        1826        1        4
2805        1905        1        4
2805        1984        1        4
2805        2064        1        4
2778        2143        1        4
2778        2223        1        4
2778        2275        1        4
2778        2355        1        4
2778        2408        1        4
2778        2461        1        4
2778        2487        1        4
2778        2540        1        4
2778        2566        1        4
2778        2593        1        4
2778        2619        1        4
2805        2619        1        4
2805        2593        1        4
PEN_UP                  0
PEN_DOWN
2831        1111        1        5
2831        1085        1        5
2858        1085        1        5
2884        1085        1        5
2910        1085        1        5
2990        1085        1        5
3043        1085        1        5
3122        1085        1        5
3201        1058        1        5
3281        1058        1        5
3360        1058        1        5
3413        1058        1        5
3466        1058        1        5
3519        1058        1        5
3545        1058        1        5
3572        1058        1        5
3572        1085        1        5
3545        1085        1        5
PEN_UP                  0
PEN_DOWN
 794         926        1        6
 820         926        1        6
 847         926        1        6
 873         926        1        6
 926         926        1        6
 979         926        1        6
1032         926        1        6
1111         926        1        6
1191         926        1        6
1296         926        1        6
1376         900        1        6
1429         900        1        6
1508         900        1        6
1561         900        1        6
1588         900        1        6
1640         900        1        6
1667         900        1        6
1693         900        1        6
1720         900        1        6
PEN_UP                  0
END_CHARACTER: FP
