CHARACTER_NAME: LB
STROKE_COUNT: 3
  X           Y   STYLUS_STATE STROKE
PEN_DOWN
1111        1270        1        1
1085        1270        1        1
1111        1270        1        1
1138        1270        1        1
1164        1270        1        1
1217        1296        1        1
1270        1296        1        1
1349        1296        1        1
1429        1296        1        1
1535        1296        1        1
1640        1296        1        1
1773        1270        1        1
1879        1270        1        1
2011        1270        1        1
2143        1270        1        1
2275        1244        1        1
2381        1244        1        1
2514        1244        1        1
2619        1244        1        1
2699        1244        1        1
2778        1217        1        1
2858        1217        1        1
2910        1217        1        1
2963        1217        1        1
3016        1217        1        1
3043        1217        1        1
3069        1217        1        1
3096        1217        1        1
3122        1217        1        1
PEN_UP                  0
PEN_DOWN
2566        1244        1        2
2540        1270        1        2
2540        1296        1        2
2540        1323        1        2
2514        1349        1        2
2514        1376        1        2
2514        1429        1        2
2514        1455        1        2
2514        1482        1        2
2487        1535        1        2
2487        1561        1        2
2487        1614        1        2
2487        1667        1        2
2487        1693        1        2
2487        1746        1        2
2487        1799        1        2
2487        1879        1        2
2487        1931        1        2
2487        1984        1        2
2487        2037        1        2
2487        2117        1        2
2461        2170        1        2
2461        2223        1        2
2461        2275        1        2
2461        2328        1        2
2461        2381        1        2
2461        2408        1        2
2461        2461        1        2
2461        2487        1        2
2461        2514        1        2
2461        2540        1        2
2461        2566        1        2
2461        2593        1        2
2461        2619        1        2
2461        2593        1        2
2461        2566        1        2
2461        2540        1        2
2434        2540        1        2
2434        2487        1        2
2434        2461        1        2
2408        2434        1        2
2408        2381        1        2
2381        2328        1        2
2355        2275        1        2
2355        2223        1        2
2328        2143        1        2
2302        2090        1        2
2302        2037        1        2
2275        1984        1        2
2249        1958        1        2
2249        1905        1        2
2223        1879        1        2
2223        1852        1        2
2196        1826        1        2
2170        1826        1        2
2143        1852        1        2
2117        1852        1        2
2090        1879        1        2
2064        1905        1        2
2037        1931        1        2
2011        1958        1        2
1984        1984        1        2
1958        2037        1        2
1958        2064        1        2
1931        2090        1        2
1905        2117        1        2
1905        2143        1        2
1931        2143        1        2
1931        2117        1        2
1931        2090        1        2
1931        2064        1        2
1931        2037        1        2
1931        1984        1        2
1905        1958        1        2
1905        1931        1        2
1905        1879        1        2
1879        1852        1        2
1879        1826        1        2
1852        1799        1        2
1826        1799        1        2
1799        1773        1        2
1773        1773        1        2
1746        1746        1        2
1693        1746        1        2
1667        1773        1        2
1614        1773        1        2
1561        1799        1        2
1535        1826        1        2
1482        1852        1        2
1455        1905        1        2
1429        1931        1        2
1402        1984        1        2
1376        2037        1        2
1376        2090        1        2
1376        2143        1        2
1402        2170        1        2
1429        2223        1        2
1455        2249        1        2
1508        2275        1        2
1561        2302        1        2
1588        2302        1        2
1640        2302        1        2
1667        2302        1        2
1693        2302        1        2
1720        2275        1        2
1720        2249        1        2
1720        2223        1        2
1693        2196        1        2
1693        2170        1        2
1667        2143        1        2
1667        2117        1        2
1640        2090        1        2
1614        2090        1        2
1614        2117        1        2
1614        2143        1        2
PEN_UP                  0
PEN_DOWN
2434        2487        1        3
2408        2487        1        3
2408        2514        1        3
2381        2514        1        3
2355        2514        1        3
2328        2540        1        3
2302        2566        1        3
2275        2566        1        3
2249        2593        1        3
2196        2646        1        3
2143        2672        1        3
2117        2699        1        3
2064        2752        1        3
2011        2778        1        3
1958        2831        1        3
1905        2858        1        3
1879        2910        1        3
1826        2937        1        3
1799        2963        1        3
1773        2990        1        3
1746        3016        1        3
1720        3043        1        3
1693        3069        1        3
1720        3069        1        3
1746        3096        1        3
1773        3096        1        3
1799        3096        1        3
1852        3122        1        3
1879        3122        1        3
1931        3122        1        3
1958        3149        1        3
2011        3149        1        3
2064        3175        1        3
2090        3201        1        3
2143        3228        1        3
2170        3228        1        3
2196        3254        1        3
2249        3281        1        3
2275        3307        1        3
2302        3334        1        3
2328        3360        1        3
2355        3387        1        3
2381        3413        1        3
2408        3413        1        3
2434        3440        1        3
2461        3466        1        3
2487        3466        1        3
2514        3493        1        3
2540        3519        1        3
2566        3545        1        3
2566        3519        1        3
2593        3519        1        3
2593        3493        1        3
2593        3466        1        3
2593        3440        1        3
2593        3413        1        3
2593        3387        1        3
2593        3360        1        3
2593        3334        1        3
2566        3307        1        3
2566        3281        1        3
2566        3254        1        3
2566        3228        1        3
2566        3201        1        3
2566        3149        1        3
2566        3122        1        3
2566        3096        1        3
2566        3043        1        3
2566        3016        1        3
2566        2990        1        3
2566        2937        1        3
2566        2910        1        3
2566        2884        1        3
2566        2831        1        3
2566        2805        1        3
2566        2778        1        3
2566        2752        1        3
2566        2725        1        3
2566        2699        1        3
2566        2672        1        3
2566        2646        1        3
2566        2619        1        3
2566        2593        1        3
2566        2566        1        3
2566        2540        1        3
2566        2514        1        3
2566        2487        1        3
2566        2461        1        3
2540        2434        1        3
2540        2408        1        3
2540        2381        1        3
2540        2355        1        3
2540        2381        1        3
PEN_UP                  0
END_CHARACTER: LB
