CHARACTER_NAME: DSR
STROKE_COUNT: 5
  X           Y   STYLUS_STATE STROKE
PEN_DOWN
1005         873        1        1
1032         873        1        1
1058         873        1        1
1085         900        1        1
1111         900        1        1
1164         926        1        1
1217         926        1        1
1270         926        1        1
1349         953        1        1
1429         953        1        1
1561         953        1        1
1667         953        1        1
1799         926        1        1
1958         926        1        1
2090         926        1        1
2223         926        1        1
2328         926        1        1
2434         926        1        1
2540         926        1        1
2619         926        1        1
2699         926        1        1
2778         926        1        1
2831         926        1        1
2884         926        1        1
2910         900        1        1
2937         900        1        1
2963         900        1        1
2990         900        1        1
2990         926        1        1
PEN_UP                  0
PEN_DOWN
1693        1111        1        2
1667        1164        1        2
1614        1191        1        2
1561        1244        1        2
1508        1296        1        2
1455        1349        1        2
1429        1402        1        2
1402        1455        1        2
1376        1508        1        2
1349        1535        1        2
1376        1588        1        2
1376        1614        1        2
1402        1640        1        2
1455        1667        1        2
1482        1693        1        2
1561        1720        1        2
1614        1746        1        2
1693        1773        1        2
1746        1799        1        2
1799        1799        1        2
1852        1852        1        2
1905        1879        1        2
1931        1905        1        2
1958        1958        1        2
1958        1984        1        2
1984        2037        1        2
1958        2090        1        2
1958        2143        1        2
1905        2170        1        2
1879        2223        1        2
1826        2275        1        2
1773        2302        1        2
1720        2328        1        2
1640        2355        1        2
1588        2381        1        2
1535        2381        1        2
1482        2381        1        2
1455        2381        1        2
1429        2381        1        2
PEN_UP                  0
PEN_DOWN
2011        2037        1        3
2064        2011        1        3
2117        1984        1        3
2170        1984        1        3
2223        1984        1        3
2275        1984        1        3
2328        1984        1        3
2355        2011        1        3
2408        2011        1        3
2434        2011        1        3
2487        2037        1        3
2514        2037        1        3
2540        2037        1        3
2566        2064        1        3
2593        2064        1        3
PEN_UP                  0
PEN_DOWN
2672        1032        1        4
2672        1005        1        4
2672         979        1        4
2646        1005        1        4
2646        1032        1        4
2646        1085        1        4
2646        1138        1        4
2646        1191        1        4
2646        1244        1        4
2646        1323        1        4
2619        1402        1        4
2619        1508        1        4
2619        1588        1        4
2593        1720        1        4
2593        1826        1        4
2593        1931        1        4
2593        2037        1        4
2593        2143        1        4
2593        2249        1        4
2593        2328        1        4
2593        2434        1        4
2593        2514        1        4
2593        2593        1        4
2593        2646        1        4
2593        2725        1        4
2619        2778        1        4
2619        2831        1        4
2619        2910        1        4
2619        2937        1        4
2619        2990        1        4
2619        3016        1        4
2619        3043        1        4
2619        3069        1        4
2619        3096        1        4
2619        3122        1        4
2646        3149        1        4
2646        3175        1        4
2672        3201        1        4
2672        3228        1        4
2646        3201        1        4
2646        3175        1        4
2619        3175        1        4
2619        3149        1        4
2593        3122        1        4
2593        3096        1        4
2566        3069        1        4
2566        3043        1        4
2566        3016        1        4
2540        2990        1        4
2540        2963        1        4
2514        2937        1        4
2514        2910        1        4
2487        2884        1        4
2461        2858        1        4
2434        2831        1        4
2408        2831        1        4
2408        2858        1        4
2381        2858        1        4
2355        2858        1        4
2328        2884        1        4
2275        2910        1        4
2249        2910        1        4
2223        2937        1        4
2170        2963        1        4
2143        2963        1        4
2090        2990        1        4
2064        3016        1        4
2011        3043        1        4
1958        3069        1        4
1931        3096        1        4
1879        3122        1        4
1799        3149        1        4
1720        3149        1        4
1640        3175        1        4
1561        3201        1        4
1455        3201        1        4
1376        3228        1        4
1270        3228        1        4
1164        3228        1        4
1058        3228        1        4
 979        3201        1        4
 873        3201        1        4
 794        3175        1        4
 741        3149        1        4
 661        3122        1        4
PEN_UP                  0
PEN_DOWN
1931         979        1        5
1931         953        1        5
1905         953        1        5
1905         979        1        5
1879         979        1        5
1879        1005        1        5
1852        1005        1        5
1826        1005        1        5
1826        1032        1        5
1799        1058        1        5
1773        1058        1        5
1746        1085        1        5
1720        1111        1        5
1693        1138        1        5
1693        1164        1        5
1667        1191        1        5
1640        1217        1        5
1614        1244        1        5
1588        1270        1        5
1561        1296        1        5
PEN_UP                  0
END_CHARACTER: DSR
