CHARACTER_NAME: NA
STROKE_COUNT: 1
  X           Y   STYLUS_STATE STROKE
PEN_DOWN
1164        1005        1        1
1191        1005        1        1
1217        1005        1        1
1244        1005        1        1
1270        1005        1        1
1296        1005        1        1
1349        1005        1        1
1402        1005        1        1
1482        1005        1        1
1561        1005        1        1
1640        1005        1        1
1746        1005        1        1
1852        1005        1        1
1958        1005        1        1
2037        1005        1        1
2143        1005        1        1
2223        1005        1        1
2302        1005        1        1
2355        1005        1        1
2408        1005        1        1
2461        1005        1        1
2514        1005        1        1
2566        1005        1        1
2593        1005        1        1
2646        1005        1        1
2699        1005        1        1
2725        1005        1        1
2778        1005        1        1
2831        1005        1        1
2884        1005        1        1
2910        1005        1        1
2963        1005        1        1
3016        1005        1        1
3043        1005        1        1
3096        1005        1        1
3122        1005        1        1
3149        1005        1        1
3175        1005        1        1
3201        1005        1        1
3175        1005        1        1
3149        1005        1        1
3149        1032        1        1
3122        1032        1        1
3096        1005        1        1
3069        1005        1        1
3043        1005        1        1
3016        1005        1        1
2990        1005        1        1
2963        1005        1        1
2963         979        1        1
2937         979        1        1
2910         979        1        1
2884         979        1        1
2858         979        1        1
2831         979        1        1
2805        1005        1        1
2778        1005        1        1
2805        1032        1        1
2805        1058        1        1
2805        1085        1        1
2805        1111        1        1
2805        1138        1        1
2805        1191        1        1
2805        1217        1        1
2778        1270        1        1
2778        1323        1        1
2778        1376        1        1
2778        1429        1        1
2778        1482        1        1
2752        1535        1        1
2752        1614        1        1
2752        1667        1        1
2752        1720        1        1
2725        1799        1        1
2725        1852        1        1
2725        1931        1        1
2725        1984        1        1
2699        2064        1        1
2699        2117        1        1
2699        2170        1        1
2699        2223        1        1
2699        2275        1        1
2699        2328        1        1
2699        2381        1        1
2672        2408        1        1
2672        2461        1        1
2672        2487        1        1
2672        2514        1        1
2672        2540        1        1
2672        2566        1        1
2672        2593        1        1
2672        2619        1        1
2672        2646        1        1
2672        2672        1        1
2672        2699        1        1
2672        2725        1        1
2646        2725        1        1
2672        2752        1        1
2672        2778        1        1
2672        2805        1        1
2672        2778        1        1
2646        2778        1        1
2646        2752        1        1
2646        2725        1        1
2646        2699        1        1
2619        2672        1        1
2619        2619        1        1
2619        2566        1        1
2593        2514        1        1
2593        2461        1        1
2566        2408        1        1
2540        2355        1        1
2514        2302        1        1
2487        2249        1        1
2461        2196        1        1
2434        2143        1        1
2408        2090        1        1
2381        2064        1        1
2355        2011        1        1
2328        1984        1        1
2275        1931        1        1
2249        1905        1        1
2223        1852        1        1
2170        1826        1        1
2143        1799        1        1
2117        1773        1        1
2064        1773        1        1
2037        1746        1        1
1984        1746        1        1
1931        1746        1        1
1905        1746        1        1
1879        1746        1        1
1826        1746        1        1
1799        1773        1        1
1773        1799        1        1
1746        1826        1        1
1720        1852        1        1
1693        1879        1        1
1667        1931        1        1
1667        1984        1        1
1640        2011        1        1
1667        2064        1        1
1667        2090        1        1
1693        2143        1        1
1720        2170        1        1
1746        2196        1        1
1799        2223        1        1
1826        2223        1        1
1879        2249        1        1
1931        2249        1        1
1984        2223        1        1
2037        2223        1        1
2090        2196        1        1
2117        2170        1        1
2170        2143        1        1
2196        2117        1        1
2196        2090        1        1
2223        2064        1        1
2223        2037        1        1
2249        2011        1        1
2249        1984        1        1
2249        1958        1        1
2249        1931        1        1
2223        1931        1        1
PEN_UP                  0
END_CHARACTER: NA
