CHARACTER_NAME: AJA
STROKE_COUNT: 2
  X           Y   STYLUS_STATE STROKE
PEN_DOWN
 900        1032        1        1
 926        1032        1        1
 953        1032        1        1
 979        1032        1        1
1032        1032        1        1
1111        1032        1        1
1191        1005        1        1
1270        1005        1        1
1402        1005        1        1
1508        1005        1        1
1640        1005        1        1
1746        1005        1        1
1879        1005        1        1
1984        1005        1        1
2090         979        1        1
2196         979        1        1
2275         979        1        1
2381         979        1        1
2434         979        1        1
2514         979        1        1
2566         979        1        1
2619         979        1        1
2646         979        1        1
2672         979        1        1
2699         979        1        1
2725         979        1        1
2752         979        1        1
2778         979        1        1
2805         979        1        1
2831         979        1        1
2858         953        1        1
2884         953        1        1
2910         953        1        1
2937         953        1        1
2963         953        1        1
2990         953        1        1
3016         953        1        1
3069         953        1        1
3096         953        1        1
3122         953        1        1
3149         953        1        1
3175         953        1        1
3201         953        1        1
3228         953        1        1
3254         953        1        1
3254         926        1        1
PEN_UP                  0
PEN_DOWN
1455        1085        1        2
1482        1085        1        2
1482        1111        1        2
1508        1111        1        2
1535        1138        1        2
1588        1164        1        2
1614        1217        1        2
1667        1244        1        2
1693        1270        1        2
1746        1323        1        2
1826        1376        1        2
1879        1402        1        2
1931        1455        1        2
1984        1482        1        2
2037        1535        1        2
2090        1561        1        2
2117        1588        1        2
2170        1640        1        2
2196        1667        1        2
2223        1693        1        2
2249        1693        1        2
2249        1720        1        2
2275        1746        1        2
2275        1773        1        2
2249        1799        1        2
2223        1826        1        2
2196        1879        1        2
2143        1905        1        2
2090        1958        1        2
2037        1984        1        2
1958        2037        1        2
1879        2064        1        2
1826        2117        1        2
1746        2143        1        2
1667        2170        1        2
1614        2223        1        2
1561        2249        1        2
1508        2275        1        2
1455        2275        1        2
1429        2302        1        2
1402        2302        1        2
1402        2328        1        2
1376        2328        1        2
1402        2355        1        2
1429        2381        1        2
1455        2381        1        2
1482        2408        1        2
1535        2408        1        2
1588        2434        1        2
1640        2461        1        2
1693        2461        1        2
1746        2487        1        2
1826        2514        1        2
1879        2540        1        2
1958        2566        1        2
2037        2619        1        2
2090        2646        1        2
2170        2672        1        2
2249        2699        1        2
2302        2725        1        2
2355        2778        1        2
2434        2805        1        2
2487        2805        1        2
2514        2831        1        2
2566        2858        1        2
2619        2884        1        2
2646        2884        1        2
2672        2910        1        2
2699        2910        1        2
2725        2937        1        2
2752        2937        1        2
2778        2910        1        2
2778        2884        1        2
2778        2858        1        2
2778        2831        1        2
2778        2778        1        2
2778        2725        1        2
2778        2646        1        2
2778        2593        1        2
2778        2487        1        2
2778        2408        1        2
2778        2328        1        2
2778        2249        1        2
2778        2143        1        2
2778        2064        1        2
2778        1984        1        2
2778        1905        1        2
2778        1826        1        2
2778        1746        1        2
2752        1667        1        2
2752        1588        1        2
2752        1535        1        2
2752        1482        1        2
2752        1402        1        2
2752        1349        1        2
2752        1296        1        2
2725        1270        1        2
2725        1217        1        2
2725        1191        1        2
2725        1164        1        2
2725        1138        1        2
2725        1111        1        2
2752        1085        1        2
2752        1058        1        2
2752        1032        1        2
2778        1032        1        2
2778        1005        1        2
2778         979        1        2
2805         979        1        2
2805        1005        1        2
PEN_UP                  0
END_CHARACTER: AJA
