CHARACTER_NAME: NMM
STROKE_COUNT: 3
  X           Y   STYLUS_STATE STROKE
PEN_DOWN
1349        1270        1        1
1349        1296        1        1
1376        1296        1        1
1376        1323        1        1
1402        1349        1        1
1402        1376        1        1
1402        1402        1        1
1402        1429        1        1
1376        1455        1        1
1376        1482        1        1
1376        1508        1        1
1349        1535        1        1
1349        1561        1        1
1323        1561        1        1
1323        1588        1        1
1296        1588        1        1
1270        1614        1        1
1244        1614        1        1
1217        1614        1        1
1191        1588        1        1
1164        1588        1        1
1138        1588        1        1
1138        1561        1        1
1111        1561        1        1
1085        1535        1        1
1058        1508        1        1
1058        1482        1        1
1085        1455        1        1
1085        1429        1        1
1111        1429        1        1
1138        1402        1        1
1164        1402        1        1
1217        1376        1        1
1244        1349        1        1
1296        1349        1        1
1323        1323        1        1
1376        1323        1        1
1429        1296        1        1
1482        1296        1        1
1535        1270        1        1
1588        1270        1        1
1640        1244        1        1
1693        1244        1        1
1746        1244        1        1
1799        1244        1        1
1852        1270        1        1
1905        1270        1        1
1958        1296        1        1
2011        1323        1        1
2037        1323        1        1
2090        1349        1        1
2117        1376        1        1
2170        1402        1        1
2196        1429        1        1
2223        1455        1        1
2275        1455        1        1
2302        1482        1        1
2328        1482        1        1
2355        1508        1        1
2381        1508        1        1
2408        1535        1        1
2434        1535        1        1
2434        1561        1        1
PEN_UP                  0
PEN_DOWN
2540         979        1        2
2540        1005        1        2
2514        1005        1        2
2540        1032        1        2
2514        1032        1        2
2514        1058        1        2
2514        1085        1        2
2514        1111        1        2
2514        1138        1        2
2514        1191        1        2
2514        1217        1        2
2487        1244        1        2
2487        1296        1        2
2487        1323        1        2
2487        1376        1        2
2461        1402        1        2
2461        1455        1        2
2461        1482        1        2
2461        1535        1        2
2434        1561        1        2
2434        1614        1        2
2408        1640        1        2
2408        1693        1        2
2381        1720        1        2
2381        1773        1        2
2381        1799        1        2
2355        1826        1        2
2355        1879        1        2
2355        1905        1        2
2355        1931        1        2
2328        1984        1        2
2328        2011        1        2
2328        2064        1        2
2328        2090        1        2
2328        2143        1        2
2328        2170        1        2
2328        2223        1        2
2328        2275        1        2
2328        2302        1        2
2328        2355        1        2
2328        2408        1        2
2302        2461        1        2
2302        2487        1        2
2302        2540        1        2
2302        2593        1        2
2275        2619        1        2
2275        2672        1        2
2249        2699        1        2
2249        2725        1        2
2249        2778        1        2
2223        2805        1        2
2223        2831        1        2
2196        2858        1        2
2196        2884        1        2
2170        2884        1        2
2170        2910        1        2
2143        2937        1        2
2117        2937        1        2
2117        2963        1        2
2090        2963        1        2
2064        2963        1        2
2011        2963        1        2
1984        2963        1        2
1958        2963        1        2
1931        2963        1        2
1879        2937        1        2
1852        2937        1        2
1826        2910        1        2
1799        2884        1        2
1799        2858        1        2
1773        2831        1        2
1773        2778        1        2
1773        2752        1        2
1799        2725        1        2
1799        2672        1        2
1799        2646        1        2
1826        2619        1        2
1852        2593        1        2
1879        2540        1        2
1931        2540        1        2
1958        2514        1        2
2011        2487        1        2
2064        2487        1        2
2117        2487        1        2
2170        2487        1        2
2223        2487        1        2
2275        2514        1        2
2328        2514        1        2
2381        2540        1        2
2461        2540        1        2
2514        2566        1        2
2540        2593        1        2
2593        2619        1        2
2646        2619        1        2
2672        2646        1        2
2725        2672        1        2
2752        2699        1        2
2778        2725        1        2
2805        2725        1        2
2831        2752        1        2
2858        2778        1        2
2884        2805        1        2
2884        2831        1        2
2884        2858        1        2
2884        2884        1        2
2884        2910        1        2
2884        2937        1        2
2884        2910        1        2
2858        2884        1        2
2858        2858        1        2
2858        2831        1        2
2858        2778        1        2
2831        2725        1        2
2831        2646        1        2
2831        2566        1        2
2858        2487        1        2
2858        2408        1        2
2858        2328        1        2
2858        2223        1        2
2858        2143        1        2
2858        2037        1        2
2858        1958        1        2
2884        1879        1        2
2884        1773        1        2
2884        1693        1        2
2910        1614        1        2
2910        1535        1        2
2937        1455        1        2
2937        1402        1        2
2963        1323        1        2
2963        1270        1        2
2963        1244        1        2
2990        1191        1        2
2990        1164        1        2
2990        1138        1        2
3016        1111        1        2
3016        1085        1        2
3016        1058        1        2
3016        1032        1        2
3016        1005        1        2
3043        1005        1        2
3043         979        1        2
3016         979        1        2
PEN_UP                  0
PEN_DOWN
2302         926        1        3
2328         926        1        3
2328         953        1        3
2355         953        1        3
2381         953        1        3
2434         953        1        3
2461         979        1        3
2540         979        1        3
2619         979        1        3
2699         979        1        3
2778         979        1        3
2884         979        1        3
2963         979        1        3
3069         979        1        3
3149         979        1        3
3228         979        1        3
3281         979        1        3
3360         979        1        3
3387         979        1        3
3440         979        1        3
3466         979        1        3
3493         979        1        3
3519         979        1        3
3545         979        1        3
3572         979        1        3
3598        1005        1        3
PEN_UP                  0
END_CHARACTER: NMM
