CHARACTER_NAME: MP
STROKE_COUNT: 6
  X           Y   STYLUS_STATE STROKE
PEN_DOWN
1111        1005        1        1
1138        1005        1        1
1164        1005        1        1
1191         979        1        1
1217         979        1        1
1270         979        1        1
1323         953        1        1
1376         953        1        1
1429         953        1        1
1508         953        1        1
1588         926        1        1
1667         926        1        1
1746         926        1        1
1826         900        1        1
1905         900        1        1
1984         900        1        1
2064         900        1        1
2143         873        1        1
2249         873        1        1
2302         873        1        1
2381         847        1        1
2461         847        1        1
2540         820        1        1
2619         820        1        1
2672         794        1        1
2725         794        1        1
2752         794        1        1
2778         794        1        1
2805         767        1        1
2831         767        1        1
2831         794        1        1
PEN_UP                  0
PEN_DOWN
2011        1005        1        2
1984        1032        1        2
1958        1032        1        2
1931        1058        1        2
1905        1085        1        2
1879        1111        1        2
1852        1138        1        2
1826        1138        1        2
1799        1164        1        2
1773        1191        1        2
1746        1217        1        2
1746        1244        1        2
1720        1244        1        2
1693        1270        1        2
1693        1296        1        2
1667        1296        1        2
1667        1323        1        2
1640        1349        1        2
1640        1376        1        2
1614        1376        1        2
1614        1402        1        2
1614        1429        1        2
1614        1402        1        2
1640        1402        1        2
1667        1402        1        2
1693        1402        1        2
1720        1402        1        2
1773        1376        1        2
1826        1376        1        2
1852        1376        1        2
1905        1402        1        2
1958        1402        1        2
1984        1429        1        2
2037        1455        1        2
2064        1482        1        2
2117        1508        1        2
2143        1535        1        2
2170        1561        1        2
2196        1614        1        2
2223        1640        1        2
2249        1667        1        2
2249        1693        1        2
2275        1720        1        2
2275        1746        1        2
2302        1773        1        2
2302        1799        1        2
2302        1826        1        2
2302        1852        1        2
2302        1879        1        2
2302        1905        1        2
2275        1931        1        2
2275        1958        1        2
2249        1984        1        2
2223        2011        1        2
2223        2037        1        2
2196        2064        1        2
2170        2064        1        2
2143        2090        1        2
2117        2090        1        2
2117        2117        1        2
2090        2117        1        2
2064        2117        1        2
2037        2117        1        2
2037        2090        1        2
2011        2090        1        2
2011        2064        1        2
1984        2064        1        2
1984        2037        1        2
1984        2011        1        2
1984        1984        1        2
2011        1958        1        2
2011        1931        1        2
2037        1931        1        2
2064        1905        1        2
2090        1879        1        2
2117        1879        1        2
2143        1852        1        2
2170        1852        1        2
2196        1826        1        2
2223        1826        1        2
2249        1826        1        2
2275        1826        1        2
2302        1826        1        2
2328        1826        1        2
2328        1852        1        2
2355        1852        1        2
2381        1852        1        2
2434        1852        1        2
2461        1879        1        2
2487        1879        1        2
2514        1905        1        2
2540        1905        1        2
2566        1931        1        2
2619        1931        1        2
2646        1958        1        2
2672        1958        1        2
2699        1984        1        2
2725        1984        1        2
2752        2011        1        2
2752        1984        1        2
2725        1958        1        2
2725        1931        1        2
2699        1905        1        2
2672        1879        1        2
2672        1852        1        2
2646        1826        1        2
2646        1799        1        2
2646        1773        1        2
2619        1746        1        2
2619        1693        1        2
2619        1667        1        2
2619        1640        1        2
2619        1588        1        2
2593        1561        1        2
2593        1535        1        2
2593        1482        1        2
2593        1455        1        2
2593        1429        1        2
2593        1376        1        2
2566        1349        1        2
2566        1323        1        2
2566        1296        1        2
2566        1270        1        2
2566        1244        1        2
2566        1217        1        2
2540        1191        1        2
2540        1164        1        2
2540        1138        1        2
2540        1111        1        2
2540        1085        1        2
2514        1085        1        2
2514        1058        1        2
2514        1032        1        2
2514        1005        1        2
2514         979        1        2
PEN_UP                  0
PEN_DOWN
PEN_UP                  0
2619        2037        1        3
PEN_DOWN
2672        2011        1        4
2699        2011        1        4
2699        1984        1        4
2725        1984        1        4
2752        1984        1        4
2778        1984        1        4
2805        1984        1        4
2831        1984        1        4
2858        1984        1        4
2884        1984        1        4
2910        1984        1        4
2937        1984        1        4
2963        2011        1        4
2990        2011        1        4
3016        2011        1        4
3043        2037        1        4
3069        2037        1        4
3069        2064        1        4
3096        2090        1        4
3122        2117        1        4
3122        2143        1        4
3149        2143        1        4
3175        2170        1        4
3175        2223        1        4
3201        2249        1        4
3201        2275        1        4
3228        2302        1        4
3228        2328        1        4
3254        2381        1        4
3254        2408        1        4
3281        2434        1        4
3281        2487        1        4
3281        2514        1        4
3307        2540        1        4
3307        2566        1        4
3307        2593        1        4
3307        2619        1        4
3334        2646        1        4
3334        2619        1        4
3334        2566        1        4
3334        2540        1        4
3334        2487        1        4
3334        2434        1        4
3334        2381        1        4
3334        2328        1        4
3334        2275        1        4
3360        2249        1        4
3360        2196        1        4
3360        2143        1        4
3387        2117        1        4
3387        2064        1        4
3413        2037        1        4
3440        2011        1        4
3466        1958        1        4
3466        1931        1        4
3493        1905        1        4
3519        1879        1        4
3545        1852        1        4
3545        1826        1        4
3572        1826        1        4
3572        1799        1        4
3598        1799        1        4
3598        1773        1        4
PEN_UP                  0
PEN_DOWN
2725        1958        1        5
2725        1931        1        5
2725        1905        1        5
2752        1905        1        5
2752        1879        1        5
2778        1852        1        5
2805        1852        1        5
2831        1826        1        5
2858        1799        1        5
2910        1799        1        5
2937        1773        1        5
2963        1773        1        5
3016        1746        1        5
3043        1746        1        5
3069        1746        1        5
3122        1720        1        5
3149        1720        1        5
3175        1720        1        5
3228        1720        1        5
3254        1746        1        5
3307        1746        1        5
3334        1746        1        5
3360        1773        1        5
3387        1799        1        5
3440        1799        1        5
3466        1826        1        5
3493        1826        1        5
3519        1852        1        5
3545        1852        1        5
3545        1879        1        5
3572        1905        1        5
3598        1931        1        5
3598        1958        1        5
3625        1984        1        5
3625        2011        1        5
3625        1984        1        5
3598        1958        1        5
3598        1931        1        5
3598        1905        1        5
3572        1852        1        5
3572        1826        1        5
3572        1799        1        5
3572        1773        1        5
3572        1746        1        5
3572        1720        1        5
3572        1693        1        5
3572        1667        1        5
3545        1667        1        5
3545        1693        1        5
3545        1720        1        5
3572        1746        1        5
3572        1773        1        5
3572        1799        1        5
3572        1826        1        5
3598        1852        1        5
3598        1905        1        5
3598        1931        1        5
3598        1958        1        5
3625        1984        1        5
3625        2011        1        5
3625        2064        1        5
3651        2090        1        5
3651        2143        1        5
3651        2170        1        5
3678        2196        1        5
3678        2249        1        5
3678        2302        1        5
3678        2355        1        5
3704        2408        1        5
3704        2461        1        5
3704        2540        1        5
3731        2593        1        5
3731        2646        1        5
3731        2725        1        5
3731        2778        1        5
3757        2831        1        5
3757        2884        1        5
3784        2937        1        5
3784        3016        1        5
3784        3069        1        5
3810        3096        1        5
3810        3149        1        5
3810        3175        1        5
3836        3201        1        5
3836        3228        1        5
3836        3201        1        5
3810        3175        1        5
3784        3149        1        5
PEN_UP                  0
PEN_DOWN
3545        1693        1        6
3572        1693        1        6
3598        1693        1        6
3625        1667        1        6
3651        1667        1        6
3704        1667        1        6
3731        1640        1        6
3757        1640        1        6
3784        1640        1        6
3784        1614        1        6
3810        1614        1        6
3836        1614        1        6
PEN_UP                  0
END_CHARACTER: MP
