CHARACTER_NAME: MND
STROKE_COUNT: 1
  X           Y   STYLUS_STATE STROKE
PEN_DOWN
1402        1349        1        1
1376        1349        1        1
1376        1376        1        1
1402        1402        1        1
1376        1402        1        1
1376        1429        1        1
1376        1455        1        1
1402        1455        1        1
1402        1482        1        1
1402        1455        1        1
1429        1455        1        1
1402        1455        1        1
1402        1429        1        1
1376        1429        1        1
1376        1402        1        1
1349        1376        1        1
1349        1349        1        1
1349        1323        1        1
1349        1296        1        1
1349        1270        1        1
1376        1270        1        1
1376        1244        1        1
1376        1217        1        1
1402        1217        1        1
1402        1191        1        1
1429        1164        1        1
1455        1164        1        1
1482        1138        1        1
1508        1138        1        1
1535        1111        1        1
1561        1111        1        1
1588        1111        1        1
1614        1111        1        1
1640        1111        1        1
1667        1111        1        1
1720        1111        1        1
1746        1111        1        1
1773        1138        1        1
1799        1138        1        1
1826        1138        1        1
1852        1164        1        1
1879        1164        1        1
1905        1191        1        1
1931        1191        1        1
1958        1217        1        1
1984        1244        1        1
2011        1270        1        1
2037        1296        1        1
2037        1323        1        1
2064        1349        1        1
2064        1376        1        1
2064        1402        1        1
2090        1402        1        1
2090        1429        1        1
2090        1455        1        1
2117        1482        1        1
2117        1508        1        1
2117        1535        1        1
2117        1561        1        1
2117        1588        1        1
2117        1614        1        1
2117        1640        1        1
2143        1667        1        1
2117        1667        1        1
2143        1667        1        1
2143        1693        1        1
2143        1667        1        1
2170        1640        1        1
2170        1614        1        1
2196        1614        1        1
2196        1588        1        1
2223        1588        1        1
2223        1561        1        1
2249        1535        1        1
2249        1508        1        1
2275        1508        1        1
2275        1482        1        1
2302        1455        1        1
2328        1429        1        1
2328        1402        1        1
2355        1402        1        1
2381        1376        1        1
2408        1349        1        1
2434        1349        1        1
2434        1323        1        1
2461        1323        1        1
2487        1323        1        1
2514        1296        1        1
2540        1323        1        1
2566        1323        1        1
2593        1323        1        1
2593        1349        1        1
2619        1349        1        1
2619        1376        1        1
2646        1402        1        1
2672        1429        1        1
2672        1455        1        1
2672        1482        1        1
2699        1508        1        1
2699        1535        1        1
2699        1561        1        1
2699        1588        1        1
2699        1614        1        1
2699        1640        1        1
2699        1667        1        1
2699        1693        1        1
2699        1720        1        1
2672        1746        1        1
2672        1773        1        1
2672        1799        1        1
2646        1799        1        1
2646        1852        1        1
2646        1879        1        1
2619        1905        1        1
2593        1931        1        1
2593        1958        1        1
2566        1984        1        1
2540        2011        1        1
2540        2037        1        1
2514        2064        1        1
2487        2090        1        1
2487        2117        1        1
2461        2117        1        1
2461        2143        1        1
2434        2143        1        1
2434        2170        1        1
2408        2170        1        1
2381        2170        1        1
2381        2196        1        1
2355        2196        1        1
2328        2196        1        1
2328        2170        1        1
2328        2143        1        1
2328        2170        1        1
2302        2170        1        1
2328        2143        1        1
2355        2143        1        1
2355        2117        1        1
2381        2117        1        1
2408        2117        1        1
2408        2090        1        1
2434        2090        1        1
2461        2090        1        1
2487        2090        1        1
2514        2090        1        1
2540        2090        1        1
2566        2090        1        1
2593        2090        1        1
2619        2090        1        1
2619        2117        1        1
2646        2117        1        1
2672        2117        1        1
2672        2143        1        1
2699        2143        1        1
2725        2143        1        1
2752        2143        1        1
2752        2170        1        1
2778        2170        1        1
2805        2196        1        1
2805        2223        1        1
2831        2249        1        1
2858        2275        1        1
2858        2302        1        1
2884        2328        1        1
2884        2355        1        1
2910        2381        1        1
2910        2408        1        1
2910        2434        1        1
2937        2461        1        1
2937        2487        1        1
2937        2514        1        1
2937        2540        1        1
2937        2566        1        1
2910        2593        1        1
2910        2619        1        1
2910        2646        1        1
2884        2646        1        1
2884        2672        1        1
2858        2699        1        1
2831        2725        1        1
2831        2752        1        1
2805        2752        1        1
2778        2778        1        1
2752        2805        1        1
2725        2805        1        1
2699        2831        1        1
2672        2831        1        1
2646        2831        1        1
2593        2858        1        1
2566        2858        1        1
2514        2858        1        1
2487        2858        1        1
2434        2858        1        1
2408        2831        1        1
2381        2831        1        1
2328        2831        1        1
2302        2831        1        1
2249        2831        1        1
2223        2831        1        1
2196        2805        1        1
2143        2805        1        1
2117        2778        1        1
2064        2778        1        1
2037        2752        1        1
1984        2699        1        1
1958        2672        1        1
1931        2619        1        1
1879        2566        1        1
1852        2540        1        1
1826        2487        1        1
1799        2434        1        1
1773        2408        1        1
1746        2355        1        1
1746        2328        1        1
1720        2302        1        1
1693        2249        1        1
1667        2223        1        1
1667        2196        1        1
1640        2143        1        1
1614        2117        1        1
1588        2090        1        1
1588        2037        1        1
1561        2011        1        1
1535        1958        1        1
1535        1931        1        1
1508        1905        1        1
1508        1879        1        1
1482        1852        1        1
1482        1826        1        1
PEN_UP                  0
END_CHARACTER: MND
