CHARACTER_NAME: SM
STROKE_COUNT: 1
  X           Y   STYLUS_STATE STROKE
PEN_DOWN
1376        1191        1        1
1402        1217        1        1
1455        1217        1        1
1508        1244        1        1
1561        1296        1        1
1614        1323        1        1
1667        1376        1        1
1720        1429        1        1
1773        1482        1        1
1799        1535        1        1
1852        1561        1        1
1879        1614        1        1
1905        1667        1        1
1905        1693        1        1
1931        1746        1        1
1931        1773        1        1
1958        1826        1        1
1931        1852        1        1
1931        1879        1        1
1931        1905        1        1
1905        1958        1        1
1905        1984        1        1
1879        2011        1        1
1879        2037        1        1
1852        2064        1        1
1826        2090        1        1
1799        2090        1        1
1773        2090        1        1
1746        2117        1        1
1720        2090        1        1
1693        2090        1        1
1667        2090        1        1
1640        2090        1        1
1614        2064        1        1
1588        2037        1        1
1561        2037        1        1
1535        2011        1        1
1508        1984        1        1
1508        1958        1        1
1508        1931        1        1
1508        1905        1        1
1535        1879        1        1
1561        1852        1        1
1588        1799        1        1
1640        1773        1        1
1667        1720        1        1
1720        1693        1        1
1773        1667        1        1
1799        1640        1        1
1852        1614        1        1
1879        1614        1        1
1905        1614        1        1
1958        1614        1        1
1984        1614        1        1
2037        1614        1        1
2064        1614        1        1
2090        1640        1        1
2143        1640        1        1
2170        1667        1        1
2196        1667        1        1
2223        1693        1        1
2249        1693        1        1
2275        1720        1        1
2302        1720        1        1
2302        1746        1        1
2328        1773        1        1
2355        1773        1        1
2355        1799        1        1
2381        1826        1        1
2381        1852        1        1
2381        1879        1        1
2355        1905        1        1
2355        1931        1        1
2328        1931        1        1
2328        1958        1        1
2302        1958        1        1
2275        1958        1        1
2249        1984        1        1
2223        1984        1        1
2196        1984        1        1
2170        1984        1        1
2143        1984        1        1
2117        1958        1        1
2090        1958        1        1
2064        1931        1        1
2037        1905        1        1
2011        1879        1        1
2011        1852        1        1
1984        1826        1        1
1984        1799        1        1
1984        1773        1        1
1984        1746        1        1
1984        1720        1        1
1984        1693        1        1
1984        1667        1        1
1984        1614        1        1
1984        1588        1        1
1958        1561        1        1
1958        1535        1        1
1958        1508        1        1
1958        1482        1        1
1958        1455        1        1
1958        1429        1        1
1958        1402        1        1
1984        1376        1        1
1984        1349        1        1
1984        1323        1        1
2011        1323        1        1
2011        1296        1        1
2011        1270        1        1
1984        1270        1        1
2011        1244        1        1
2037        1244        1        1
2064        1217        1        1
2090        1217        1        1
2117        1191        1        1
2143        1191        1        1
2196        1191        1        1
2223        1164        1        1
2249        1164        1        1
2302        1138        1        1
2328        1138        1        1
2381        1138        1        1
2408        1138        1        1
2434        1111        1        1
2487        1111        1        1
2514        1111        1        1
2540        1111        1        1
2566        1111        1        1
2593        1111        1        1
2619        1111        1        1
2619        1085        1        1
2593        1085        1        1
2593        1058        1        1
2593        1032        1        1
2593        1005        1        1
2593         979        1        1
2566         979        1        1
2566        1005        1        1
2593        1005        1        1
2593        1032        1        1
2593        1058        1        1
2593        1085        1        1
2619        1111        1        1
2619        1138        1        1
2619        1164        1        1
2619        1191        1        1
2619        1217        1        1
2646        1270        1        1
2646        1296        1        1
2646        1323        1        1
2646        1376        1        1
2646        1402        1        1
2672        1455        1        1
2672        1482        1        1
2672        1535        1        1
2699        1561        1        1
2699        1614        1        1
2699        1640        1        1
2725        1693        1        1
2725        1720        1        1
2725        1773        1        1
2752        1826        1        1
2752        1879        1        1
2752        1905        1        1
2752        1958        1        1
2778        1984        1        1
2778        2037        1        1
2778        2064        1        1
2778        2090        1        1
2805        2117        1        1
2805        2143        1        1
2805        2170        1        1
2805        2196        1        1
2805        2223        1        1
2831        2249        1        1
2831        2275        1        1
2831        2302        1        1
2831        2328        1        1
2831        2355        1        1
2831        2381        1        1
2831        2408        1        1
2858        2408        1        1
2858        2434        1        1
2858        2461        1        1
2858        2487        1        1
2858        2514        1        1
2858        2540        1        1
2858        2566        1        1
2858        2593        1        1
2831        2619        1        1
2831        2646        1        1
2831        2672        1        1
2831        2699        1        1
2831        2725        1        1
2805        2752        1        1
2805        2778        1        1
2805        2805        1        1
2805        2831        1        1
2778        2884        1        1
2752        2910        1        1
2752        2937        1        1
2725        2963        1        1
2725        2990        1        1
2699        3016        1        1
2672        3016        1        1
2646        3043        1        1
2646        3069        1        1
2619        3069        1        1
2593        3069        1        1
2566        3096        1        1
2540        3069        1        1
2514        3069        1        1
2487        3069        1        1
2461        3069        1        1
2461        3043        1        1
2434        3043        1        1
2408        3016        1        1
2408        2990        1        1
2408        2963        1        1
2408        2937        1        1
2408        2910        1        1
2434        2884        1        1
2434        2858        1        1
2461        2805        1        1
2487        2778        1        1
2514        2752        1        1
2566        2725        1        1
2593        2699        1        1
2619        2672        1        1
2646        2672        1        1
2699        2646        1        1
2725        2646        1        1
2778        2646        1        1
2805        2646        1        1
2858        2646        1        1
2910        2672        1        1
2963        2672        1        1
2990        2672        1        1
3043        2699        1        1
3096        2725        1        1
3122        2725        1        1
3175        2752        1        1
3201        2778        1        1
3228        2805        1        1
3281        2831        1        1
3307        2858        1        1
3334        2884        1        1
3360        2910        1        1
3387        2937        1        1
3413        2990        1        1
3413        3016        1        1
3440        3043        1        1
3466        3069        1        1
3466        3096        1        1
3493        3122        1        1
3519        3122        1        1
3519        3149        1        1
3545        3175        1        1
3545        3149        1        1
3545        3122        1        1
3519        3096        1        1
3519        3043        1        1
3519        3016        1        1
3493        2963        1        1
3493        2937        1        1
3493        2884        1        1
3466        2831        1        1
3466        2752        1        1
3466        2699        1        1
3440        2619        1        1
3440        2566        1        1
3413        2487        1        1
3413        2434        1        1
3387        2355        1        1
3387        2302        1        1
3360        2223        1        1
3360        2170        1        1
3334        2090        1        1
3334        2037        1        1
3307        1984        1        1
3307        1931        1        1
3281        1852        1        1
3281        1799        1        1
3254        1746        1        1
3254        1693        1        1
3254        1667        1        1
3228        1614        1        1
3228        1561        1        1
3228        1508        1        1
3228        1482        1        1
3201        1455        1        1
3201        1429        1        1
3201        1402        1        1
3201        1376        1        1
3175        1349        1        1
3175        1323        1        1
3149        1296        1        1
3149        1270        1        1
3122        1244        1        1
3122        1217        1        1
3122        1191        1        1
3122        1164        1        1
3096        1164        1        1
3096        1138        1        1
3096        1111        1        1
3096        1085        1        1
3096        1058        1        1
3096        1032        1        1
3096        1005        1        1
3069        1005        1        1
3043        1005        1        1
3016        1005        1        1
2990         979        1        1
2963         979        1        1
2963        1005        1        1
2937        1005        1        1
2910        1005        1        1
2884        1005        1        1
2858        1005        1        1
2831        1032        1        1
2805        1032        1        1
2752        1032        1        1
2725        1058        1        1
2672        1058        1        1
2646        1058        1        1
2619        1058        1        1
2566        1058        1        1
2566        1085        1        1
2540        1085        1        1
2514        1085        1        1
2487        1085        1        1
2461        1058        1        1
2434        1058        1        1
2408        1058        1        1
2434        1058        1        1
2461        1058        1        1
2487        1058        1        1
2540        1058        1        1
2566        1058        1        1
2619        1058        1        1
2672        1058        1        1
2725        1058        1        1
2805        1058        1        1
2858        1058        1        1
2910        1058        1        1
2963        1032        1        1
3016        1032        1        1
3069        1032        1        1
3122        1032        1        1
3175        1032        1        1
3228        1032        1        1
3281        1032        1        1
3334        1032        1        1
3387        1032        1        1
3413        1005        1        1
3466        1005        1        1
3493        1005        1        1
3519        1005        1        1
3545        1005        1        1
3572        1005        1        1
3598        1005        1        1
3572        1005        1        1
PEN_UP                  0
END_CHARACTER: SM
