CHARACTER_NAME: FP
STROKE_COUNT: 7
  X           Y   STYLUS_STATE STROKE
PEN_DOWN
1058        1191        1        1
1085        1191        1        1
1138        1191        1        1
1164        1191        1        1
1217        1164        1        1
1244        1164        1        1
1296        1164        1        1
1349        1164        1        1
1402        1138        1        1
1482        1138        1        1
1535        1138        1        1
1614        1138        1        1
1667        1138        1        1
1746        1138        1        1
1799        1111        1        1
1879        1111        1        1
1931        1111        1        1
2011        1111        1        1
2064        1111        1        1
2117        1111        1        1
2170        1111        1        1
2223        1111        1        1
2275        1111        1        1
2302        1111        1        1
2355        1111        1        1
2381        1111        1        1
2434        1111        1        1
2461        1111        1        1
2487        1111        1        1
2514        1111        1        1
2540        1111        1        1
2514        1111        1        1
PEN_UP                  0
PEN_DOWN
1667        1164        1        2
1640        1191        1        2
1614        1191        1        2
1588        1191        1        2
1588        1217        1        2
1561        1217        1        2
1535        1217        1        2
1535        1244        1        2
1508        1244        1        2
1508        1270        1        2
1482        1270        1        2
1482        1296        1        2
1455        1323        1        2
1455        1349        1        2
1429        1376        1        2
1402        1402        1        2
1402        1429        1        2
1402        1455        1        2
1376        1482        1        2
1376        1508        1        2
1376        1535        1        2
1349        1561        1        2
1349        1588        1        2
1349        1614        1        2
1376        1640        1        2
1376        1667        1        2
1376        1720        1        2
1376        1746        1        2
1402        1773        1        2
1402        1799        1        2
1429        1826        1        2
1455        1852        1        2
1482        1879        1        2
1508        1905        1        2
1535        1905        1        2
1561        1931        1        2
1588        1958        1        2
1614        1958        1        2
1667        1984        1        2
1693        1984        1        2
1720        1984        1        2
1746        2011        1        2
1773        2011        1        2
1826        2011        1        2
1852        2037        1        2
1879        2037        1        2
1905        2037        1        2
1931        2037        1        2
1984        2011        1        2
2011        2011        1        2
2037        2011        1        2
2064        2011        1        2
2090        2011        1        2
2117        1984        1        2
2143        1984        1        2
2170        1984        1        2
2196        1958        1        2
2223        1958        1        2
2249        1931        1        2
2275        1905        1        2
2275        1879        1        2
2302        1879        1        2
2328        1852        1        2
2328        1826        1        2
2355        1799        1        2
2355        1773        1        2
2381        1773        1        2
2381        1746        1        2
2381        1720        1        2
2408        1693        1        2
2408        1667        1        2
2408        1640        1        2
2434        1614        1        2
2434        1588        1        2
2434        1561        1        2
2434        1535        1        2
2434        1508        1        2
2434        1482        1        2
2434        1455        1        2
2434        1429        1        2
2408        1402        1        2
2408        1376        1        2
2408        1349        1        2
2408        1323        1        2
2408        1296        1        2
2408        1270        1        2
2408        1244        1        2
2408        1217        1        2
2381        1217        1        2
2381        1191        1        2
2381        1164        1        2
2355        1138        1        2
PEN_UP                  0
PEN_DOWN
1640        1191        1        3
1667        1191        1        3
1667        1217        1        3
1693        1217        1        3
1693        1244        1        3
1720        1244        1        3
1720        1270        1        3
1746        1270        1        3
1773        1296        1        3
1799        1323        1        3
1826        1349        1        3
1852        1376        1        3
1879        1402        1        3
1905        1429        1        3
1931        1455        1        3
1958        1482        1        3
1984        1508        1        3
2011        1535        1        3
2037        1561        1        3
2064        1588        1        3
2090        1614        1        3
2117        1640        1        3
2117        1667        1        3
2143        1693        1        3
2170        1720        1        3
2196        1746        1        3
2196        1773        1        3
2223        1799        1        3
2249        1826        1        3
2275        1852        1        3
2275        1879        1        3
2302        1879        1        3
2302        1905        1        3
2302        1931        1        3
2328        1931        1        3
2328        1958        1        3
2328        1984        1        3
2355        1984        1        3
2355        2011        1        3
2328        1984        1        3
2328        1958        1        3
PEN_UP                  0
PEN_DOWN
2223        1958        1        4
2223        1931        1        4
2249        1931        1        4
2275        1905        1        4
2302        1905        1        4
2328        1905        1        4
2355        1905        1        4
2381        1931        1        4
2408        1931        1        4
2408        1958        1        4
2434        1958        1        4
2461        1984        1        4
2487        2011        1        4
2514        2037        1        4
2514        2064        1        4
2514        2090        1        4
2540        2117        1        4
2540        2143        1        4
2540        2170        1        4
2566        2196        1        4
2566        2223        1        4
2566        2249        1        4
2593        2275        1        4
2593        2302        1        4
2593        2328        1        4
2619        2355        1        4
2619        2381        1        4
2619        2408        1        4
2619        2434        1        4
2646        2434        1        4
2646        2408        1        4
2646        2381        1        4
2646        2355        1        4
2646        2328        1        4
2646        2302        1        4
2672        2249        1        4
2672        2223        1        4
2672        2196        1        4
2699        2143        1        4
2699        2117        1        4
2725        2090        1        4
2752        2037        1        4
2778        2011        1        4
2805        1984        1        4
2831        1931        1        4
2858        1905        1        4
2910        1879        1        4
2937        1852        1        4
2963        1852        1        4
2963        1826        1        4
2990        1799        1        4
3016        1773        1        4
PEN_UP                  0
PEN_DOWN
2302        1826        1        5
2328        1799        1        5
2355        1773        1        5
2381        1746        1        5
2408        1720        1        5
2434        1693        1        5
2487        1667        1        5
2514        1640        1        5
2540        1614        1        5
2566        1614        1        5
2593        1588        1        5
2646        1561        1        5
2672        1561        1        5
2699        1561        1        5
2752        1535        1        5
2778        1535        1        5
2831        1535        1        5
2858        1508        1        5
2910        1535        1        5
2937        1535        1        5
2963        1535        1        5
2990        1561        1        5
3043        1588        1        5
3069        1588        1        5
3096        1614        1        5
3122        1640        1        5
3149        1640        1        5
3175        1667        1        5
3201        1693        1        5
3254        1693        1        5
3254        1720        1        5
3281        1720        1        5
3307        1746        1        5
3334        1746        1        5
3334        1773        1        5
3360        1773        1        5
3334        1773        1        5
3307        1773        1        5
3307        1746        1        5
3281        1746        1        5
3281        1720        1        5
3254        1720        1        5
3254        1693        1        5
PEN_UP                  0
PEN_DOWN
3201        1535        1        6
3201        1508        1        6
3201        1482        1        6
3201        1429        1        6
3201        1402        1        6
3201        1376        1        6
3201        1349        1        6
3201        1323        1        6
3201        1296        1        6
3175        1296        1        6
3175        1323        1        6
3175        1349        1        6
3149        1349        1        6
3149        1376        1        6
3149        1402        1        6
3149        1429        1        6
3149        1455        1        6
3149        1482        1        6
3149        1535        1        6
3149        1561        1        6
3149        1614        1        6
3149        1640        1        6
3149        1693        1        6
3149        1746        1        6
3149        1799        1        6
3149        1852        1        6
3149        1905        1        6
3149        1958        1        6
3149        2037        1        6
3149        2090        1        6
3175        2143        1        6
3175        2223        1        6
3175        2302        1        6
3175        2355        1        6
3175        2434        1        6
3175        2487        1        6
3175        2540        1        6
3175        2593        1        6
3175        2646        1        6
3175        2672        1        6
3175        2699        1        6
3175        2725        1        6
3175        2699        1        6
3149        2672        1        6
PEN_UP                  0
PEN_DOWN
3228        1270        1        7
3254        1270        1        7
3281        1270        1        7
3307        1296        1        7
3360        1296        1        7
3413        1296        1        7
3466        1270        1        7
3545        1270        1        7
3598        1270        1        7
3678        1270        1        7
3731        1270        1        7
3784        1270        1        7
3810        1270        1        7
3836        1270        1        7
3863        1270        1        7
3836        1270        1        7
3810        1270        1        7
PEN_UP                  0
END_CHARACTER: FP
