CHARACTER_NAME: NGK
STROKE_COUNT: 4
  X           Y   STYLUS_STATE STROKE
PEN_DOWN
 873        1058        1        1
 900        1058        1        1
 926        1085        1        1
 953        1085        1        1
 979        1085        1        1
1005        1085        1        1
1032        1085        1        1
1058        1085        1        1
1111        1085        1        1
1138        1085        1        1
1164        1085        1        1
1191        1111        1        1
1217        1111        1        1
1270        1111        1        1
1296        1111        1        1
1323        1111        1        1
1376        1111        1        1
1402        1111        1        1
1455        1111        1        1
1508        1111        1        1
1561        1111        1        1
1614        1111        1        1
1667        1111        1        1
1720        1111        1        1
1773        1111        1        1
1852        1138        1        1
1905        1138        1        1
1958        1138        1        1
2037        1138        1        1
2117        1138        1        1
2196        1138        1        1
2249        1138        1        1
2328        1111        1        1
2408        1111        1        1
2487        1111        1        1
2566        1111        1        1
2646        1111        1        1
2699        1111        1        1
2752        1111        1        1
2778        1111        1        1
2805        1111        1        1
2831        1085        1        1
2831        1111        1        1
2858        1085        1        1
2858        1111        1        1
PEN_UP                  0
PEN_DOWN
PEN_UP                  0
1879        1138        1        2
PEN_DOWN
1455        2090        1        3
1482        2090        1        3
1482        2117        1        3
1482        2090        1        3
1508        2090        1        3
1482        2064        1        3
1482        2090        1        3
1455        2090        1        3
1455        2064        1        3
1429        2037        1        3
1429        2011        1        3
1429        1984        1        3
1429        1958        1        3
1429        1931        1        3
1429        1905        1        3
1429        1879        1        3
1429        1852        1        3
1455        1826        1        3
1482        1799        1        3
1508        1773        1        3
1535        1746        1        3
1561        1746        1        3
1588        1720        1        3
1614        1720        1        3
1667        1693        1        3
1693        1693        1        3
1746        1693        1        3
1773        1667        1        3
1826        1667        1        3
1879        1693        1        3
1905        1693        1        3
1958        1693        1        3
1984        1693        1        3
2037        1720        1        3
2064        1720        1        3
2090        1746        1        3
2143        1746        1        3
2170        1773        1        3
2196        1799        1        3
2223        1799        1        3
2249        1826        1        3
2249        1852        1        3
2275        1879        1        3
2302        1905        1        3
2302        1931        1        3
2302        1958        1        3
2328        1984        1        3
2328        2011        1        3
2355        2037        1        3
2355        2064        1        3
2355        2090        1        3
2355        2117        1        3
2381        2117        1        3
2355        2117        1        3
2355        2143        1        3
2328        2143        1        3
2328        2170        1        3
2302        2170        1        3
2302        2196        1        3
2275        2196        1        3
2249        2223        1        3
2223        2249        1        3
2196        2275        1        3
2143        2302        1        3
2117        2328        1        3
2090        2355        1        3
2037        2381        1        3
2011        2408        1        3
1958        2434        1        3
1905        2487        1        3
1879        2514        1        3
1826        2540        1        3
1799        2566        1        3
1773        2593        1        3
1746        2619        1        3
1720        2646        1        3
1693        2672        1        3
1693        2699        1        3
1667        2699        1        3
1640        2725        1        3
1667        2725        1        3
1693        2725        1        3
1720        2725        1        3
1773        2752        1        3
1799        2752        1        3
1826        2752        1        3
1879        2752        1        3
1931        2752        1        3
1958        2778        1        3
2011        2778        1        3
2064        2778        1        3
2117        2805        1        3
2143        2805        1        3
2196        2805        1        3
2223        2831        1        3
2275        2831        1        3
2302        2858        1        3
2355        2884        1        3
2381        2910        1        3
2434        2937        1        3
2461        2963        1        3
2514        2990        1        3
2540        3016        1        3
2566        3016        1        3
2593        3043        1        3
2619        3069        1        3
2619        3096        1        3
2646        3096        1        3
2672        3122        1        3
2699        3149        1        3
2725        3149        1        3
2725        3122        1        3
2699        3096        1        3
2699        3069        1        3
2699        3043        1        3
2672        3016        1        3
2672        2990        1        3
2646        2937        1        3
2646        2910        1        3
2619        2884        1        3
2619        2831        1        3
2619        2805        1        3
2593        2778        1        3
2593        2725        1        3
2566        2699        1        3
2566        2672        1        3
2566        2619        1        3
2566        2593        1        3
2540        2540        1        3
2540        2514        1        3
2540        2487        1        3
2540        2434        1        3
2514        2408        1        3
2514        2381        1        3
2514        2355        1        3
2514        2302        1        3
2514        2275        1        3
2514        2249        1        3
2514        2223        1        3
2514        2196        1        3
2514        2170        1        3
2514        2143        1        3
2487        2143        1        3
2487        2117        1        3
2487        2090        1        3
2461        2090        1        3
2461        2064        1        3
2461        2037        1        3
2461        2011        1        3
2487        2011        1        3
2487        1984        1        3
2514        1958        1        3
2540        1931        1        3
2566        1931        1        3
2593        1905        1        3
2619        1905        1        3
2646        1905        1        3
2672        1905        1        3
2699        1905        1        3
2725        1931        1        3
2752        1931        1        3
2778        1958        1        3
2805        1984        1        3
2831        1984        1        3
2858        2011        1        3
2884        2037        1        3
2884        2064        1        3
2884        2090        1        3
2884        2117        1        3
2858        2143        1        3
2831        2143        1        3
2831        2170        1        3
2831        2143        1        3
2805        2143        1        3
PEN_UP                  0
PEN_DOWN
2408        1111        1        4
2408        1138        1        4
2434        1164        1        4
2434        1191        1        4
2434        1217        1        4
2461        1217        1        4
2461        1270        1        4
2487        1296        1        4
2487        1323        1        4
2514        1349        1        4
2540        1376        1        4
2566        1402        1        4
2566        1429        1        4
2593        1455        1        4
2619        1482        1        4
2646        1508        1        4
2672        1508        1        4
2699        1508        1        4
2725        1535        1        4
2752        1508        1        4
2778        1508        1        4
2831        1508        1        4
2858        1482        1        4
2884        1482        1        4
2910        1455        1        4
2910        1429        1        4
2937        1402        1        4
2963        1376        1        4
2990        1349        1        4
2990        1323        1        4
3016        1296        1        4
3016        1270        1        4
3043        1244        1        4
3016        1217        1        4
3016        1191        1        4
3016        1164        1        4
3016        1138        1        4
2990        1138        1        4
PEN_UP                  0
END_CHARACTER: NGK
