CHARACTER_NAME: NGH
STROKE_COUNT: 3
  X           Y   STYLUS_STATE STROKE
PEN_DOWN
1164        1058        1        1
1191        1085        1        1
1217        1085        1        1
1244        1085        1        1
1270        1111        1        1
1296        1111        1        1
1323        1111        1        1
1376        1111        1        1
1402        1138        1        1
1455        1138        1        1
1508        1138        1        1
1561        1111        1        1
1614        1111        1        1
1667        1111        1        1
1720        1111        1        1
1773        1085        1        1
1799        1085        1        1
1852        1085        1        1
1879        1058        1        1
1905        1058        1        1
1931        1032        1        1
1958        1032        1        1
1984        1005        1        1
2011         979        1        1
2037         953        1        1
2037         926        1        1
2064         900        1        1
2090         873        1        1
2090         847        1        1
2090         820        1        1
2090         794        1        1
2090         767        1        1
2064         767        1        1
2064         741        1        1
2037         741        1        1
2037         714        1        1
2011         714        1        1
1984         714        1        1
1958         688        1        1
1931         688        1        1
1905         688        1        1
1879         688        1        1
1852         688        1        1
1826         688        1        1
1799         688        1        1
1799         714        1        1
1773         714        1        1
1746         714        1        1
1720         741        1        1
1693         767        1        1
1667         794        1        1
1640         820        1        1
1640         847        1        1
1640         873        1        1
1640         900        1        1
1614         926        1        1
1614         953        1        1
1614         979        1        1
1614        1032        1        1
1614        1058        1        1
1614        1085        1        1
1614        1111        1        1
1640        1138        1        1
1640        1164        1        1
1640        1191        1        1
1640        1217        1        1
1640        1244        1        1
1640        1270        1        1
1640        1296        1        1
1640        1323        1        1
1640        1349        1        1
1667        1376        1        1
1667        1402        1        1
1667        1429        1        1
1667        1455        1        1
1667        1482        1        1
1693        1482        1        1
1693        1508        1        1
1693        1535        1        1
1693        1561        1        1
1693        1588        1        1
1693        1614        1        1
1720        1614        1        1
1720        1640        1        1
1720        1667        1        1
1746        1667        1        1
1746        1693        1        1
1773        1720        1        1
1799        1720        1        1
1826        1720        1        1
1852        1720        1        1
1879        1720        1        1
1905        1720        1        1
1931        1720        1        1
1958        1720        1        1
1984        1720        1        1
1984        1693        1        1
2011        1693        1        1
2037        1693        1        1
2064        1693        1        1
2090        1693        1        1
2117        1693        1        1
2143        1693        1        1
2170        1693        1        1
2170        1720        1        1
2196        1720        1        1
2196        1746        1        1
2223        1746        1        1
2223        1773        1        1
2223        1799        1        1
2223        1826        1        1
2223        1852        1        1
2223        1879        1        1
2223        1905        1        1
2223        1931        1        1
2196        1958        1        1
2196        1984        1        1
2196        2011        1        1
2170        2037        1        1
2170        2064        1        1
2143        2064        1        1
2143        2090        1        1
2117        2117        1        1
2090        2143        1        1
2090        2170        1        1
2064        2170        1        1
2064        2196        1        1
2037        2196        1        1
2011        2223        1        1
1984        2249        1        1
1958        2249        1        1
1931        2249        1        1
1905        2275        1        1
1852        2275        1        1
1826        2275        1        1
1773        2275        1        1
1746        2275        1        1
1720        2275        1        1
1667        2249        1        1
1640        2249        1        1
1614        2223        1        1
1588        2223        1        1
1535        2170        1        1
1508        2143        1        1
1482        2090        1        1
1429        2037        1        1
1402        1958        1        1
1349        1905        1        1
1323        1852        1        1
1270        1826        1        1
1244        1773        1        1
1217        1746        1        1
1191        1720        1        1
1164        1693        1        1
1164        1667        1        1
1138        1640        1        1
1138        1614        1        1
1111        1588        1        1
1111        1561        1        1
1111        1535        1        1
1085        1535        1        1
1085        1508        1        1
1085        1482        1        1
1085        1455        1        1
PEN_UP                  0
PEN_DOWN
2752        1058        1        2
2725        1032        1        2
2699        1032        1        2
2672        1032        1        2
2646        1032        1        2
2646        1058        1        2
2619        1058        1        2
2593        1058        1        2
2566        1085        1        2
2540        1085        1        2
2514        1085        1        2
2487        1111        1        2
2461        1138        1        2
2434        1138        1        2
2408        1164        1        2
2381        1191        1        2
2355        1217        1        2
2328        1244        1        2
2302        1244        1        2
2302        1270        1        2
2275        1296        1        2
2275        1323        1        2
2249        1323        1        2
2249        1349        1        2
2223        1376        1        2
2196        1402        1        2
2196        1429        1        2
2170        1455        1        2
2170        1482        1        2
2143        1508        1        2
2143        1535        1        2
2143        1561        1        2
2143        1588        1        2
2143        1614        1        2
2143        1640        1        2
2143        1667        1        2
2117        1667        1        2
2143        1693        1        2
2117        1693        1        2
2143        1720        1        2
2143        1746        1        2
2143        1773        1        2
2170        1773        1        2
2170        1799        1        2
2196        1826        1        2
2223        1826        1        2
2223        1852        1        2
2249        1852        1        2
2275        1852        1        2
2302        1852        1        2
2328        1852        1        2
2355        1852        1        2
2381        1852        1        2
2381        1879        1        2
2408        1879        1        2
2434        1852        1        2
2434        1879        1        2
2461        1879        1        2
2487        1879        1        2
2514        1879        1        2
2540        1852        1        2
2566        1852        1        2
2619        1852        1        2
2646        1852        1        2
2699        1826        1        2
2752        1826        1        2
2778        1826        1        2
2831        1799        1        2
2858        1799        1        2
2910        1799        1        2
2910        1773        1        2
2937        1773        1        2
2963        1773        1        2
2990        1773        1        2
2963        1773        1        2
2963        1799        1        2
2937        1826        1        2
2937        1852        1        2
2910        1852        1        2
2910        1879        1        2
2884        1905        1        2
2884        1931        1        2
2884        1958        1        2
2858        1984        1        2
2858        2011        1        2
2831        2037        1        2
2831        2064        1        2
2805        2090        1        2
2805        2143        1        2
2778        2170        1        2
2778        2196        1        2
2752        2223        1        2
2752        2249        1        2
2725        2275        1        2
2699        2302        1        2
2699        2328        1        2
2672        2355        1        2
2672        2381        1        2
2646        2381        1        2
2646        2408        1        2
2619        2434        1        2
2593        2461        1        2
2593        2487        1        2
2619        2461        1        2
2646        2461        1        2
2672        2434        1        2
2699        2434        1        2
2725        2408        1        2
2752        2408        1        2
2778        2408        1        2
2805        2381        1        2
2831        2381        1        2
2858        2381        1        2
2884        2381        1        2
2910        2381        1        2
2937        2408        1        2
2990        2408        1        2
3016        2408        1        2
3043        2434        1        2
3069        2434        1        2
3096        2461        1        2
3122        2461        1        2
3175        2487        1        2
3201        2487        1        2
3228        2487        1        2
3254        2514        1        2
3281        2540        1        2
3307        2540        1        2
3334        2540        1        2
3360        2566        1        2
3387        2593        1        2
3413        2593        1        2
3440        2619        1        2
3466        2619        1        2
3466        2646        1        2
3493        2646        1        2
3519        2646        1        2
3545        2672        1        2
3572        2672        1        2
3572        2699        1        2
3598        2699        1        2
3598        2672        1        2
3598        2646        1        2
3625        2619        1        2
3625        2593        1        2
3625        2540        1        2
3625        2514        1        2
3625        2487        1        2
3625        2461        1        2
3625        2408        1        2
3625        2381        1        2
3625        2328        1        2
3625        2302        1        2
3625        2249        1        2
3625        2196        1        2
3625        2143        1        2
3625        2090        1        2
3625        2037        1        2
3598        1958        1        2
3598        1905        1        2
3598        1879        1        2
3598        1826        1        2
3598        1773        1        2
3598        1746        1        2
3598        1693        1        2
3598        1667        1        2
3598        1640        1        2
3572        1614        1        2
3572        1561        1        2
3572        1535        1        2
3572        1482        1        2
3572        1455        1        2
3572        1402        1        2
3572        1376        1        2
3572        1323        1        2
3545        1296        1        2
3545        1244        1        2
3545        1217        1        2
3545        1191        1        2
3545        1164        1        2
3545        1138        1        2
3519        1111        1        2
3519        1085        1        2
3519        1058        1        2
3519        1032        1        2
3519        1005        1        2
3519        1032        1        2
3519        1058        1        2
3493        1058        1        2
3493        1085        1        2
3493        1111        1        2
PEN_UP                  0
PEN_DOWN
2408         820        1        3
2434         820        1        3
2434         847        1        3
2461         847        1        3
2487         847        1        3
2514         847        1        3
2540         873        1        3
2566         873        1        3
2593         873        1        3
2619         873        1        3
2672         900        1        3
2699         900        1        3
2752         900        1        3
2805         900        1        3
2858         900        1        3
2910         900        1        3
2963         900        1        3
3043         900        1        3
3096         900        1        3
3149         900        1        3
3228         900        1        3
3281         926        1        3
3334         926        1        3
3387         926        1        3
3440         926        1        3
3493         953        1        3
3545         953        1        3
3598         953        1        3
3651         953        1        3
3704         979        1        3
3757         979        1        3
3810         979        1        3
3836         979        1        3
3889         979        1        3
3916         979        1        3
3942         979        1        3
3969         979        1        3
3995         979        1        3
4022         979        1        3
4048         979        1        3
4022        1005        1        3
3995        1005        1        3
3969        1032        1        3
PEN_UP                  0
END_CHARACTER: NGH
