CHARACTER_NAME: TTH
STROKE_COUNT: 1
  X           Y   STYLUS_STATE STROKE
PEN_DOWN
1032        1614        1        1
1058        1614        1        1
1058        1640        1        1
1058        1667        1        1
1058        1640        1        1
1058        1614        1        1
1058        1588        1        1
1058        1561        1        1
1058        1535        1        1
1058        1508        1        1
1058        1482        1        1
1058        1455        1        1
1085        1429        1        1
1085        1402        1        1
1111        1376        1        1
1138        1349        1        1
1164        1323        1        1
1191        1323        1        1
1217        1296        1        1
1244        1296        1        1
1296        1296        1        1
1323        1270        1        1
1349        1270        1        1
1402        1270        1        1
1429        1244        1        1
1455        1270        1        1
1482        1270        1        1
1508        1270        1        1
1535        1296        1        1
1561        1296        1        1
1588        1323        1        1
1614        1323        1        1
1640        1349        1        1
1667        1376        1        1
1693        1402        1        1
1720        1429        1        1
1746        1455        1        1
1773        1482        1        1
1773        1508        1        1
1799        1535        1        1
1826        1535        1        1
1826        1561        1        1
1826        1588        1        1
1852        1614        1        1
1852        1640        1        1
1852        1667        1        1
1852        1693        1        1
1852        1720        1        1
1852        1746        1        1
1879        1773        1        1
1879        1799        1        1
1879        1826        1        1
1879        1799        1        1
1905        1799        1        1
1905        1773        1        1
1905        1746        1        1
1931        1746        1        1
1931        1720        1        1
1931        1693        1        1
1958        1693        1        1
1958        1667        1        1
1984        1640        1        1
2011        1614        1        1
2011        1588        1        1
2037        1561        1        1
2037        1535        1        1
2064        1535        1        1
2090        1508        1        1
2117        1482        1        1
2143        1482        1        1
2170        1455        1        1
2196        1455        1        1
2223        1455        1        1
2249        1455        1        1
2275        1455        1        1
2302        1455        1        1
2328        1482        1        1
2355        1482        1        1
2381        1482        1        1
2408        1508        1        1
2434        1508        1        1
2434        1535        1        1
2461        1561        1        1
2461        1588        1        1
2487        1614        1        1
2487        1640        1        1
2487        1693        1        1
2487        1746        1        1
2461        1773        1        1
2461        1799        1        1
2461        1826        1        1
2434        1852        1        1
2434        1879        1        1
2434        1905        1        1
2408        1931        1        1
2381        1958        1        1
2355        2011        1        1
2328        2037        1        1
2302        2064        1        1
2275        2090        1        1
2249        2117        1        1
2223        2170        1        1
2170        2196        1        1
2143        2223        1        1
2090        2275        1        1
2064        2302        1        1
2011        2328        1        1
1984        2381        1        1
1958        2408        1        1
1905        2434        1        1
1879        2461        1        1
1852        2487        1        1
1826        2487        1        1
1799        2514        1        1
1773        2514        1        1
1773        2540        1        1
1773        2514        1        1
1799        2514        1        1
1826        2514        1        1
1852        2514        1        1
1879        2487        1        1
1905        2487        1        1
1931        2461        1        1
1958        2461        1        1
1984        2461        1        1
2011        2434        1        1
2037        2434        1        1
2064        2434        1        1
2090        2434        1        1
2117        2434        1        1
2143        2434        1        1
2196        2434        1        1
2223        2434        1        1
2249        2461        1        1
2302        2461        1        1
2328        2461        1        1
2355        2487        1        1
2408        2487        1        1
2434        2487        1        1
2487        2514        1        1
2514        2514        1        1
2540        2540        1        1
2593        2540        1        1
2619        2540        1        1
2646        2566        1        1
2699        2593        1        1
2725        2593        1        1
2752        2619        1        1
2778        2619        1        1
2805        2646        1        1
2831        2646        1        1
2858        2672        1        1
2884        2699        1        1
2910        2699        1        1
2910        2725        1        1
2937        2699        1        1
2937        2672        1        1
2963        2646        1        1
2963        2619        1        1
2963        2593        1        1
2963        2566        1        1
2963        2540        1        1
2963        2514        1        1
2963        2487        1        1
2963        2434        1        1
2963        2408        1        1
2963        2381        1        1
2963        2328        1        1
2963        2302        1        1
2963        2249        1        1
2963        2196        1        1
2963        2170        1        1
2963        2117        1        1
2963        2090        1        1
2963        2037        1        1
2963        2011        1        1
2963        1958        1        1
2963        1931        1        1
2963        1879        1        1
2963        1852        1        1
2963        1799        1        1
2963        1773        1        1
2963        1746        1        1
2963        1720        1        1
2963        1667        1        1
2963        1640        1        1
2963        1614        1        1
2963        1588        1        1
2963        1561        1        1
2963        1535        1        1
2963        1508        1        1
2937        1455        1        1
2937        1429        1        1
2937        1402        1        1
2937        1349        1        1
2937        1296        1        1
2910        1270        1        1
2910        1217        1        1
2910        1191        1        1
2910        1138        1        1
2910        1111        1        1
2910        1085        1        1
2910        1058        1        1
2910        1032        1        1
2910        1005        1        1
2910         979        1        1
2910         953        1        1
2884         953        1        1
2910         953        1        1
2937         953        1        1
2963         926        1        1
3043         926        1        1
3096         926        1        1
3175         926        1        1
3254         926        1        1
3334         926        1        1
3387         926        1        1
3440         926        1        1
3466         926        1        1
3493         926        1        1
3519         926        1        1
3545         926        1        1
3545         953        1        1
3519         953        1        1
3519         979        1        1
PEN_UP                  0
END_CHARACTER: TTH
