CHARACTER_NAME: BB
STROKE_COUNT: 3
  X           Y   STYLUS_STATE STROKE
PEN_DOWN
 979        1032        1        1
1005        1032        1        1
1005        1058        1        1
1032        1058        1        1
1058        1058        1        1
1085        1085        1        1
1111        1085        1        1
1138        1085        1        1
1164        1085        1        1
1191        1085        1        1
1217        1111        1        1
1244        1111        1        1
1270        1111        1        1
1296        1111        1        1
1323        1111        1        1
1349        1111        1        1
1376        1111        1        1
1429        1111        1        1
1482        1111        1        1
1508        1138        1        1
1561        1138        1        1
1614        1138        1        1
1640        1138        1        1
1693        1138        1        1
1746        1138        1        1
1799        1138        1        1
1852        1138        1        1
1905        1138        1        1
1958        1138        1        1
2011        1138        1        1
2090        1138        1        1
2143        1138        1        1
2196        1138        1        1
2249        1138        1        1
2302        1138        1        1
2355        1164        1        1
2408        1164        1        1
2461        1164        1        1
2514        1164        1        1
2566        1164        1        1
2619        1164        1        1
2672        1138        1        1
2725        1138        1        1
2778        1138        1        1
2805        1138        1        1
2858        1138        1        1
2884        1138        1        1
2910        1138        1        1
2937        1138        1        1
2963        1138        1        1
2937        1164        1        1
2910        1164        1        1
2884        1164        1        1
2858        1191        1        1
2831        1191        1        1
2805        1191        1        1
2778        1217        1        1
2752        1217        1        1
2725        1244        1        1
2699        1244        1        1
2672        1244        1        1
2646        1270        1        1
2619        1296        1        1
2593        1296        1        1
2566        1296        1        1
2540        1323        1        1
2514        1323        1        1
2487        1349        1        1
2461        1349        1        1
2434        1349        1        1
2408        1376        1        1
2381        1376        1        1
2355        1402        1        1
2328        1402        1        1
2302        1429        1        1
2275        1455        1        1
2249        1455        1        1
2223        1482        1        1
2196        1482        1        1
2170        1508        1        1
2143        1508        1        1
2117        1508        1        1
2090        1535        1        1
2064        1535        1        1
2011        1561        1        1
1984        1561        1        1
1958        1588        1        1
1931        1614        1        1
1879        1614        1        1
1852        1640        1        1
1799        1640        1        1
1746        1667        1        1
1720        1667        1        1
1667        1693        1        1
1614        1693        1        1
1588        1693        1        1
1561        1720        1        1
1535        1720        1        1
1508        1720        1        1
1482        1746        1        1
1455        1746        1        1
1429        1746        1        1
1455        1746        1        1
1455        1773        1        1
1482        1773        1        1
1508        1799        1        1
1535        1799        1        1
1561        1826        1        1
1588        1826        1        1
1614        1852        1        1
1640        1852        1        1
1667        1852        1        1
1693        1879        1        1
1720        1879        1        1
1746        1905        1        1
1773        1931        1        1
1799        1958        1        1
1826        1958        1        1
1852        1984        1        1
1879        2011        1        1
1905        2037        1        1
1905        2064        1        1
1931        2064        1        1
1958        2090        1        1
1984        2117        1        1
2011        2143        1        1
2011        2170        1        1
2037        2170        1        1
2064        2196        1        1
2064        2223        1        1
2090        2249        1        1
2117        2249        1        1
2117        2275        1        1
2143        2275        1        1
2143        2302        1        1
2170        2302        1        1
2196        2328        1        1
2196        2355        1        1
2223        2355        1        1
2223        2381        1        1
2249        2381        1        1
2249        2408        1        1
2275        2408        1        1
2302        2434        1        1
2328        2434        1        1
2328        2461        1        1
2355        2461        1        1
2355        2434        1        1
PEN_UP                  0
PEN_DOWN
3440        1852        1        2
3440        1879        1        2
PEN_UP                  0
PEN_DOWN
2963        1164        1        3
2963        1191        1        3
2963        1217        1        3
2963        1244        1        3
2990        1244        1        3
2963        1244        1        3
2990        1270        1        3
2990        1296        1        3
2990        1323        1        3
2990        1349        1        3
2990        1376        1        3
2990        1402        1        3
2990        1429        1        3
3016        1429        1        3
3016        1455        1        3
3016        1482        1        3
3016        1508        1        3
3016        1535        1        3
3016        1561        1        3
3016        1588        1        3
3016        1614        1        3
3016        1640        1        3
3016        1667        1        3
3043        1667        1        3
3043        1693        1        3
3043        1720        1        3
3043        1746        1        3
3043        1773        1        3
3043        1799        1        3
3043        1826        1        3
3043        1852        1        3
3043        1879        1        3
3043        1905        1        3
3043        1931        1        3
3043        1958        1        3
3043        1984        1        3
3043        2011        1        3
3043        2037        1        3
3043        2064        1        3
3043        2090        1        3
3016        2117        1        3
3016        2143        1        3
3016        2170        1        3
3016        2196        1        3
3016        2223        1        3
3016        2249        1        3
3016        2275        1        3
3016        2302        1        3
2990        2302        1        3
2990        2328        1        3
2990        2355        1        3
2990        2381        1        3
2990        2408        1        3
2990        2434        1        3
2963        2461        1        3
2963        2487        1        3
2963        2514        1        3
2963        2540        1        3
2937        2540        1        3
2937        2566        1        3
2937        2593        1        3
2937        2619        1        3
2910        2646        1        3
2910        2672        1        3
2910        2699        1        3
2910        2725        1        3
2884        2725        1        3
2884        2752        1        3
2884        2778        1        3
2884        2805        1        3
2858        2805        1        3
2858        2831        1        3
2858        2858        1        3
2858        2884        1        3
2858        2910        1        3
2858        2937        1        3
2831        2937        1        3
2831        2963        1        3
2831        2990        1        3
2831        3016        1        3
2831        3043        1        3
2831        3069        1        3
2831        3096        1        3
2831        3122        1        3
2805        3122        1        3
2805        3149        1        3
2805        3175        1        3
2805        3201        1        3
2805        3228        1        3
2805        3254        1        3
2805        3228        1        3
2805        3201        1        3
2778        3175        1        3
2778        3149        1        3
2752        3122        1        3
2752        3096        1        3
2725        3096        1        3
2725        3069        1        3
2699        3069        1        3
2699        3043        1        3
2672        3043        1        3
2646        3016        1        3
2619        2990        1        3
2593        2990        1        3
2593        2963        1        3
2566        2963        1        3
2540        2963        1        3
2514        2937        1        3
2487        2937        1        3
2487        2910        1        3
2461        2910        1        3
2434        2910        1        3
2434        2884        1        3
2408        2884        1        3
2381        2884        1        3
2355        2858        1        3
2328        2831        1        3
2302        2831        1        3
2275        2831        1        3
2275        2805        1        3
2249        2805        1        3
2223        2778        1        3
2196        2778        1        3
2170        2778        1        3
2170        2752        1        3
2143        2752        1        3
2117        2752        1        3
2117        2725        1        3
2090        2725        1        3
2064        2725        1        3
2037        2699        1        3
2011        2699        1        3
1984        2672        1        3
1958        2672        1        3
1931        2672        1        3
1931        2646        1        3
1958        2646        1        3
1984        2646        1        3
1984        2619        1        3
2011        2619        1        3
2037        2619        1        3
2064        2619        1        3
2064        2593        1        3
2090        2593        1        3
2117        2593        1        3
2143        2593        1        3
2170        2593        1        3
2170        2566        1        3
2196        2566        1        3
2223        2566        1        3
2249        2566        1        3
2275        2566        1        3
2275        2540        1        3
2302        2540        1        3
2328        2540        1        3
2355        2540        1        3
2381        2514        1        3
2408        2514        1        3
2434        2514        1        3
2461        2487        1        3
2487        2487        1        3
2514        2487        1        3
2540        2487        1        3
2566        2487        1        3
2593        2461        1        3
2619        2461        1        3
2646        2461        1        3
2672        2461        1        3
2699        2434        1        3
2725        2434        1        3
2752        2434        1        3
2778        2408        1        3
2805        2408        1        3
2831        2408        1        3
2831        2381        1        3
2858        2381        1        3
2884        2381        1        3
2910        2355        1        3
2937        2355        1        3
2963        2355        1        3
2963        2328        1        3
2990        2328        1        3
3016        2328        1        3
3043        2302        1        3
3069        2302        1        3
3096        2302        1        3
3096        2275        1        3
3122        2275        1        3
3096        2302        1        3
3069        2302        1        3
3043        2302        1        3
PEN_UP                  0
END_CHARACTER: BB
