CHARACTER_NAME: SL
STROKE_COUNT: 2
  X           Y   STYLUS_STATE STROKE
PEN_DOWN
 820         688        1        1
 820         714        1        1
 847         714        1        1
 873         714        1        1
 900         714        1        1
 926         714        1        1
 953         741        1        1
 979         741        1        1
1032         741        1        1
1058         741        1        1
1085         767        1        1
1138         767        1        1
1164         794        1        1
1191         820        1        1
1244         820        1        1
1270         847        1        1
1323         900        1        1
1349         926        1        1
1402         979        1        1
1429        1005        1        1
1482        1058        1        1
1508        1111        1        1
1535        1138        1        1
1561        1191        1        1
1588        1217        1        1
1588        1244        1        1
1614        1296        1        1
1614        1323        1        1
1614        1349        1        1
1588        1376        1        1
1588        1402        1        1
1561        1429        1        1
1535        1429        1        1
1508        1455        1        1
1482        1455        1        1
1455        1455        1        1
1429        1455        1        1
1402        1455        1        1
1376        1455        1        1
1376        1429        1        1
1349        1429        1        1
1323        1402        1        1
1323        1376        1        1
1296        1349        1        1
1296        1323        1        1
1296        1296        1        1
1296        1270        1        1
1296        1244        1        1
1296        1217        1        1
1323        1191        1        1
1349        1164        1        1
1376        1138        1        1
1429        1111        1        1
1482        1085        1        1
1535        1058        1        1
1588        1032        1        1
1614        1032        1        1
1667        1005        1        1
1693        1005        1        1
1746        1005        1        1
1773        1005        1        1
1799        1005        1        1
1826        1005        1        1
1852        1032        1        1
1879        1032        1        1
1905        1058        1        1
1931        1058        1        1
1958        1085        1        1
1984        1085        1        1
2011        1111        1        1
2037        1138        1        1
2037        1164        1        1
2064        1191        1        1
2064        1217        1        1
2037        1244        1        1
2037        1270        1        1
2011        1296        1        1
1984        1323        1        1
1958        1349        1        1
1931        1349        1        1
1905        1376        1        1
1879        1376        1        1
1852        1376        1        1
1826        1376        1        1
1799        1376        1        1
1773        1376        1        1
1746        1349        1        1
1720        1323        1        1
1720        1296        1        1
1693        1296        1        1
1693        1270        1        1
1667        1244        1        1
1667        1217        1        1
1667        1191        1        1
1640        1191        1        1
1640        1164        1        1
1640        1138        1        1
1640        1111        1        1
1640        1085        1        1
1640        1058        1        1
1667        1032        1        1
1667        1005        1        1
1667         979        1        1
1667         953        1        1
1693         926        1        1
1693         900        1        1
1693         873        1        1
1720         847        1        1
1746         820        1        1
1773         820        1        1
1799         794        1        1
1826         794        1        1
1852         767        1        1
1879         767        1        1
1905         741        1        1
1958         741        1        1
1984         741        1        1
2037         741        1        1
2064         714        1        1
2090         714        1        1
2117         714        1        1
2143         714        1        1
2170         714        1        1
2196         714        1        1
2223         714        1        1
2223         741        1        1
2249         741        1        1
2249         767        1        1
2249         794        1        1
2249         820        1        1
2249         873        1        1
2249         900        1        1
2249         953        1        1
2249         979        1        1
2249        1032        1        1
2249        1085        1        1
2249        1111        1        1
2249        1164        1        1
2223        1217        1        1
2223        1244        1        1
2223        1296        1        1
2223        1323        1        1
2223        1376        1        1
2223        1402        1        1
2223        1429        1        1
2223        1482        1        1
2223        1508        1        1
2223        1535        1        1
2223        1561        1        1
2223        1588        1        1
2223        1640        1        1
2223        1667        1        1
2223        1693        1        1
2223        1746        1        1
2223        1773        1        1
2196        1799        1        1
2196        1826        1        1
2196        1879        1        1
2196        1905        1        1
2196        1931        1        1
2196        1984        1        1
2196        2011        1        1
2170        2064        1        1
2170        2090        1        1
2170        2143        1        1
2170        2170        1        1
2170        2223        1        1
2143        2249        1        1
2143        2302        1        1
2143        2328        1        1
2143        2355        1        1
2143        2381        1        1
2143        2408        1        1
2143        2381        1        1
2143        2355        1        1
2143        2328        1        1
2117        2275        1        1
2117        2249        1        1
2117        2196        1        1
2117        2170        1        1
2090        2117        1        1
2090        2090        1        1
2064        2037        1        1
2064        2011        1        1
2037        1984        1        1
2011        1958        1        1
1984        1958        1        1
1958        1931        1        1
1931        1931        1        1
1905        1931        1        1
1879        1931        1        1
1826        1931        1        1
1799        1931        1        1
1773        1958        1        1
1746        1984        1        1
1720        2011        1        1
1693        2064        1        1
1667        2090        1        1
1667        2117        1        1
1640        2170        1        1
1640        2196        1        1
1640        2223        1        1
1640        2249        1        1
1640        2275        1        1
1640        2302        1        1
1667        2302        1        1
1667        2328        1        1
1667        2302        1        1
1640        2275        1        1
1640        2249        1        1
1640        2223        1        1
1614        2170        1        1
1588        2117        1        1
1561        2064        1        1
1535        2037        1        1
1482        1984        1        1
1455        1958        1        1
1402        1958        1        1
1349        1958        1        1
1296        1958        1        1
1244        1984        1        1
1191        2011        1        1
1138        2064        1        1
1111        2090        1        1
1058        2143        1        1
1058        2196        1        1
1032        2223        1        1
1032        2275        1        1
1032        2302        1        1
1032        2328        1        1
1032        2355        1        1
1058        2381        1        1
1058        2408        1        1
1085        2434        1        1
PEN_UP                  0
PEN_DOWN
2223         767        1        2
2223         741        1        2
2249         741        1        2
2249         714        1        2
2249         688        1        2
2275         714        1        2
2328         714        1        2
2381         714        1        2
2461         714        1        2
2540         741        1        2
2646         741        1        2
2752         741        1        2
2831         767        1        2
2910         767        1        2
2963         767        1        2
3016         767        1        2
3069         767        1        2
3096         767        1        2
3122         767        1        2
3149         767        1        2
3122         767        1        2
3096         767        1        2
PEN_UP                  0
END_CHARACTER: SL
