CHARACTER_NAME: CA
STROKE_COUNT: 2
  X           Y   STYLUS_STATE STROKE
PEN_DOWN
 926        1164        1        1
 953        1164        1        1
 953        1138        1        1
 979        1138        1        1
1005        1138        1        1
1032        1138        1        1
1085        1138        1        1
1111        1138        1        1
1138        1138        1        1
1191        1138        1        1
1217        1138        1        1
1270        1138        1        1
1296        1138        1        1
1349        1138        1        1
1376        1138        1        1
1429        1138        1        1
1482        1138        1        1
1535        1138        1        1
1588        1138        1        1
1640        1138        1        1
1693        1138        1        1
1746        1138        1        1
1799        1138        1        1
1879        1138        1        1
1931        1138        1        1
1984        1138        1        1
2037        1138        1        1
2090        1138        1        1
2143        1111        1        1
2223        1111        1        1
2275        1111        1        1
2328        1111        1        1
2408        1111        1        1
2487        1085        1        1
2593        1085        1        1
2699        1085        1        1
2805        1085        1        1
2910        1085        1        1
3016        1058        1        1
3096        1058        1        1
3175        1058        1        1
3228        1058        1        1
3281        1058        1        1
3334        1058        1        1
3360        1058        1        1
3387        1058        1        1
3413        1058        1        1
3440        1058        1        1
3413        1058        1        1
PEN_UP                  0
PEN_DOWN
1958        1217        1        2
1958        1191        1        2
1984        1191        1        2
1984        1217        1        2
1984        1244        1        2
1984        1270        1        2
1984        1323        1        2
1984        1376        1        2
1984        1402        1        2
1984        1455        1        2
1984        1508        1        2
1984        1561        1        2
1984        1614        1        2
1984        1667        1        2
1984        1720        1        2
2011        1746        1        2
2011        1799        1        2
2011        1852        1        2
2011        1879        1        2
2011        1931        1        2
2011        1958        1        2
2011        2011        1        2
2037        2037        1        2
2037        2090        1        2
2037        2143        1        2
2064        2170        1        2
2064        2223        1        2
2064        2249        1        2
2090        2275        1        2
2090        2328        1        2
2090        2355        1        2
2117        2408        1        2
2117        2434        1        2
2117        2487        1        2
2143        2514        1        2
2143        2540        1        2
2170        2593        1        2
2170        2619        1        2
2196        2646        1        2
2196        2699        1        2
2223        2725        1        2
2249        2752        1        2
2249        2778        1        2
2275        2805        1        2
2302        2831        1        2
2328        2858        1        2
2355        2884        1        2
2381        2910        1        2
2408        2937        1        2
2461        2963        1        2
2487        2963        1        2
2514        2990        1        2
2540        2990        1        2
2593        2990        1        2
2619        2990        1        2
2672        2990        1        2
2699        2990        1        2
2752        2990        1        2
2778        2963        1        2
2831        2963        1        2
2858        2937        1        2
2910        2937        1        2
2937        2910        1        2
2963        2884        1        2
2990        2858        1        2
3043        2831        1        2
3069        2805        1        2
3096        2752        1        2
3122        2725        1        2
3149        2699        1        2
3149        2672        1        2
3175        2619        1        2
3175        2593        1        2
3201        2566        1        2
3175        2540        1        2
3175        2514        1        2
3175        2461        1        2
3149        2434        1        2
3149        2408        1        2
3149        2381        1        2
3122        2355        1        2
3096        2328        1        2
3096        2302        1        2
3069        2275        1        2
3043        2249        1        2
3016        2223        1        2
2990        2196        1        2
2963        2196        1        2
2937        2170        1        2
2910        2143        1        2
2884        2117        1        2
2858        2117        1        2
2831        2090        1        2
2805        2064        1        2
2752        2064        1        2
2725        2037        1        2
2699        2037        1        2
2646        2037        1        2
2619        2011        1        2
2593        2011        1        2
2540        2011        1        2
2514        1984        1        2
2487        1984        1        2
2434        1984        1        2
2408        1984        1        2
2381        1984        1        2
2355        1984        1        2
2328        1984        1        2
2275        1984        1        2
2249        1984        1        2
2223        1984        1        2
2196        1984        1        2
2170        1984        1        2
2143        1984        1        2
2117        2011        1        2
2090        2011        1        2
2064        2011        1        2
2037        2011        1        2
2011        2011        1        2
1984        2011        1        2
1984        2037        1        2
1958        2037        1        2
1931        2037        1        2
1905        2037        1        2
1905        2064        1        2
1879        2064        1        2
1852        2064        1        2
1879        2064        1        2
PEN_UP                  0
END_CHARACTER: CA
