CHARACTER_NAME: PAC
STROKE_COUNT: 1
  X           Y   STYLUS_STATE STROKE
PEN_DOWN
1773         794        1        1
1773         820        1        1
1773         847        1        1
1799         900        1        1
1799         926        1        1
1799         979        1        1
1799        1032        1        1
1799        1085        1        1
1773        1138        1        1
1773        1191        1        1
1746        1244        1        1
1746        1323        1        1
1720        1376        1        1
1720        1429        1        1
1693        1455        1        1
1693        1508        1        1
1693        1535        1        1
1693        1561        1        1
1720        1561        1        1
1746        1561        1        1
1773        1561        1        1
1799        1561        1        1
1826        1535        1        1
1879        1535        1        1
1905        1535        1        1
1958        1535        1        1
1984        1535        1        1
2037        1535        1        1
2064        1561        1        1
2090        1561        1        1
2143        1588        1        1
2170        1614        1        1
2196        1640        1        1
2223        1667        1        1
2249        1693        1        1
2249        1746        1        1
2275        1773        1        1
2275        1799        1        1
2275        1852        1        1
2275        1905        1        1
2249        1958        1        1
2249        2011        1        1
2223        2064        1        1
2196        2090        1        1
2170        2143        1        1
2143        2196        1        1
2090        2249        1        1
2064        2275        1        1
2011        2302        1        1
1984        2328        1        1
1958        2355        1        1
1905        2355        1        1
1852        2381        1        1
1799        2381        1        1
1746        2381        1        1
1693        2381        1        1
1614        2381        1        1
1561        2381        1        1
1508        2355        1        1
1455        2328        1        1
1402        2302        1        1
1349        2275        1        1
1296        2249        1        1
1270        2196        1        1
1217        2143        1        1
1191        2090        1        1
1164        2037        1        1
1138        1984        1        1
1085        1931        1        1
1058        1879        1        1
1058        1799        1        1
1032        1746        1        1
1005        1693        1        1
1005        1640        1        1
1005        1588        1        1
1005        1535        1        1
1005        1482        1        1
1005        1402        1        1
1032        1349        1        1
1032        1296        1        1
1058        1244        1        1
1058        1191        1        1
1085        1138        1        1
1111        1085        1        1
1138        1032        1        1
1164         979        1        1
1217         926        1        1
1270         900        1        1
1296         873        1        1
1349         847        1        1
1376         847        1        1
1402         820        1        1
1429         820        1        1
1455         794        1        1
1508         794        1        1
1535         794        1        1
1561         767        1        1
1588         767        1        1
1614         767        1        1
1640         767        1        1
1667         767        1        1
1693         767        1        1
1720         794        1        1
1746         794        1        1
1773         794        1        1
1799         820        1        1
1826         820        1        1
1852         847        1        1
1879         847        1        1
1905         873        1        1
1931         900        1        1
1958         926        1        1
1984         926        1        1
1984         953        1        1
2011        1005        1        1
2011        1032        1        1
2011        1058        1        1
2011        1085        1        1
1984        1085        1        1
PEN_UP                  0
END_CHARACTER: PAC
