CHARACTER_NAME: TA
STROKE_COUNT: 2
  X           Y   STYLUS_STATE STROKE
PEN_DOWN
 926        1402        1        1
 953        1402        1        1
 979        1402        1        1
1005        1376        1        1
1032        1376        1        1
1085        1376        1        1
1111        1376        1        1
1164        1349        1        1
1217        1349        1        1
1296        1323        1        1
1376        1323        1        1
1455        1323        1        1
1535        1296        1        1
1614        1296        1        1
1693        1270        1        1
1773        1270        1        1
1879        1270        1        1
1958        1270        1        1
2037        1244        1        1
2117        1244        1        1
2196        1244        1        1
2275        1244        1        1
2355        1244        1        1
2434        1217        1        1
2514        1217        1        1
2566        1217        1        1
2646        1217        1        1
2725        1217        1        1
2805        1191        1        1
2884        1191        1        1
2937        1191        1        1
3016        1164        1        1
3069        1164        1        1
3096        1164        1        1
3122        1164        1        1
3149        1138        1        1
3175        1138        1        1
3201        1138        1        1
3175        1164        1        1
PEN_UP                  0
PEN_DOWN
2302        1508        1        2
2275        1508        1        2
2275        1535        1        2
2249        1535        1        2
2249        1508        1        2
2249        1482        1        2
2249        1455        1        2
2249        1429        1        2
2249        1402        1        2
2275        1376        1        2
2275        1349        1        2
2302        1323        1        2
2328        1296        1        2
2355        1296        1        2
2355        1270        1        2
2381        1270        1        2
2408        1244        1        2
2434        1244        1        2
2461        1270        1        2
2487        1270        1        2
2540        1270        1        2
2566        1270        1        2
2593        1296        1        2
2619        1323        1        2
2646        1349        1        2
2672        1376        1        2
2699        1402        1        2
2725        1455        1        2
2725        1508        1        2
2752        1561        1        2
2752        1640        1        2
2778        1693        1        2
2778        1746        1        2
2778        1799        1        2
2805        1852        1        2
2805        1905        1        2
2805        1958        1        2
2831        2011        1        2
2831        2037        1        2
2831        2090        1        2
2831        2143        1        2
2831        2170        1        2
2805        2223        1        2
2805        2275        1        2
2805        2328        1        2
2778        2381        1        2
2752        2408        1        2
2752        2461        1        2
2699        2514        1        2
2672        2566        1        2
2646        2593        1        2
2619        2646        1        2
2593        2672        1        2
2540        2725        1        2
2514        2752        1        2
2461        2778        1        2
2434        2805        1        2
2381        2805        1        2
2328        2831        1        2
2275        2858        1        2
2223        2858        1        2
2170        2884        1        2
2117        2884        1        2
2064        2884        1        2
2011        2884        1        2
1958        2884        1        2
1905        2884        1        2
1852        2858        1        2
1799        2858        1        2
1746        2831        1        2
1693        2805        1        2
1640        2778        1        2
1614        2752        1        2
1561        2725        1        2
1508        2699        1        2
1455        2672        1        2
1429        2646        1        2
1376        2619        1        2
1349        2566        1        2
1323        2540        1        2
1296        2487        1        2
1296        2434        1        2
1270        2408        1        2
1244        2355        1        2
1217        2328        1        2
1217        2275        1        2
1191        2249        1        2
1164        2196        1        2
1164        2170        1        2
1138        2143        1        2
1111        2117        1        2
1111        2090        1        2
1085        2037        1        2
1085        2011        1        2
1058        1984        1        2
1032        1958        1        2
1032        1931        1        2
1005        1905        1        2
1005        1852        1        2
 979        1826        1        2
 979        1773        1        2
 953        1746        1        2
 953        1720        1        2
 953        1667        1        2
 953        1640        1        2
 926        1614        1        2
 926        1588        1        2
 926        1561        1        2
 926        1535        1        2
 926        1508        1        2
 926        1482        1        2
 926        1455        1        2
 926        1429        1        2
 926        1402        1        2
PEN_UP                  0
END_CHARACTER: TA
