CHARACTER_NAME: E
STROKE_COUNT: 3
  X           Y   STYLUS_STATE STROKE
PEN_DOWN
1032        1402        1        1
1058        1402        1        1
1058        1376        1        1
1085        1376        1        1
1111        1349        1        1
1138        1349        1        1
1138        1323        1        1
1164        1323        1        1
1191        1323        1        1
1217        1323        1        1
1244        1323        1        1
1270        1323        1        1
1270        1296        1        1
1296        1296        1        1
1323        1296        1        1
1349        1296        1        1
1376        1296        1        1
1402        1296        1        1
1429        1296        1        1
1455        1296        1        1
1482        1296        1        1
1508        1296        1        1
1535        1296        1        1
1561        1296        1        1
1588        1296        1        1
1614        1296        1        1
1640        1296        1        1
1667        1296        1        1
1693        1296        1        1
1720        1270        1        1
1746        1270        1        1
1773        1270        1        1
1799        1270        1        1
1826        1270        1        1
1852        1270        1        1
1879        1270        1        1
1905        1270        1        1
1931        1270        1        1
1984        1270        1        1
2011        1270        1        1
2037        1270        1        1
2064        1270        1        1
2090        1270        1        1
2117        1270        1        1
2143        1270        1        1
2170        1270        1        1
2196        1270        1        1
2223        1270        1        1
2249        1270        1        1
2302        1270        1        1
2328        1270        1        1
2355        1270        1        1
2381        1270        1        1
2408        1270        1        1
2434        1270        1        1
2461        1270        1        1
2487        1270        1        1
2514        1270        1        1
2540        1270        1        1
2566        1270        1        1
2593        1270        1        1
2619        1270        1        1
2646        1270        1        1
2672        1270        1        1
2725        1270        1        1
2752        1270        1        1
2778        1270        1        1
2805        1270        1        1
2831        1270        1        1
2858        1270        1        1
2884        1270        1        1
2910        1270        1        1
2937        1270        1        1
2963        1270        1        1
2990        1296        1        1
3016        1296        1        1
3043        1296        1        1
3069        1270        1        1
3096        1270        1        1
3122        1296        1        1
3149        1270        1        1
3175        1270        1        1
3201        1270        1        1
3228        1296        1        1
3254        1296        1        1
3254        1270        1        1
3254        1296        1        1
PEN_UP                  0
PEN_DOWN
1852        1429        1        2
1826        1429        1        2
1826        1455        1        2
1826        1482        1        2
1826        1455        1        2
1852        1455        1        2
1852        1429        1        2
1879        1429        1        2
1879        1402        1        2
1905        1402        1        2
1931        1376        1        2
1958        1376        1        2
1958        1349        1        2
1984        1349        1        2
2011        1349        1        2
2037        1323        1        2
2064        1323        1        2
2090        1323        1        2
2117        1323        1        2
2143        1323        1        2
2170        1323        1        2
2196        1323        1        2
2196        1349        1        2
2223        1349        1        2
2249        1376        1        2
2275        1402        1        2
2275        1429        1        2
2302        1429        1        2
2302        1455        1        2
2302        1482        1        2
2328        1508        1        2
2328        1535        1        2
2328        1561        1        2
2328        1588        1        2
2328        1614        1        2
2328        1640        1        2
2328        1667        1        2
2328        1693        1        2
2302        1693        1        2
2302        1720        1        2
2302        1746        1        2
2302        1773        1        2
2275        1799        1        2
2275        1826        1        2
2249        1826        1        2
2249        1852        1        2
2249        1879        1        2
2223        1905        1        2
2223        1931        1        2
2196        1958        1        2
2196        1984        1        2
2170        1984        1        2
2170        2011        1        2
2170        2037        1        2
2143        2037        1        2
2143        2064        1        2
2117        2090        1        2
2117        2117        1        2
2090        2117        1        2
2090        2143        1        2
2064        2143        1        2
2064        2170        1        2
2064        2196        1        2
2037        2196        1        2
2037        2223        1        2
2011        2223        1        2
2011        2249        1        2
1984        2275        1        2
1958        2275        1        2
1958        2302        1        2
1931        2328        1        2
1905        2355        1        2
1879        2381        1        2
1852        2408        1        2
1852        2434        1        2
1826        2434        1        2
1826        2461        1        2
1799        2461        1        2
1799        2487        1        2
1773        2487        1        2
1773        2514        1        2
1773        2540        1        2
1746        2540        1        2
1746        2566        1        2
1720        2593        1        2
1720        2566        1        2
1720        2540        1        2
1746        2540        1        2
1746        2514        1        2
1773        2514        1        2
1773        2487        1        2
1799        2487        1        2
1826        2461        1        2
1852        2461        1        2
1852        2434        1        2
1879        2434        1        2
1879        2408        1        2
1905        2408        1        2
1931        2408        1        2
1958        2381        1        2
1984        2381        1        2
2011        2381        1        2
2037        2381        1        2
2064        2381        1        2
2090        2381        1        2
2090        2408        1        2
2117        2408        1        2
2143        2408        1        2
2170        2434        1        2
2196        2434        1        2
2223        2434        1        2
2249        2461        1        2
2275        2461        1        2
2275        2487        1        2
2302        2487        1        2
2328        2487        1        2
2328        2514        1        2
2355        2514        1        2
2381        2514        1        2
2381        2540        1        2
2408        2540        1        2
2408        2566        1        2
2434        2566        1        2
2461        2566        1        2
2461        2593        1        2
2487        2593        1        2
2514        2593        1        2
2540        2593        1        2
2540        2619        1        2
2566        2619        1        2
2593        2619        1        2
2619        2619        1        2
2646        2619        1        2
2672        2619        1        2
2699        2619        1        2
2725        2619        1        2
2752        2619        1        2
2778        2619        1        2
2805        2619        1        2
2831        2619        1        2
2858        2619        1        2
2884        2619        1        2
2910        2619        1        2
2937        2619        1        2
2963        2593        1        2
2990        2593        1        2
3016        2593        1        2
3043        2593        1        2
3069        2566        1        2
3096        2566        1        2
3122        2540        1        2
3149        2540        1        2
3175        2540        1        2
3175        2514        1        2
3201        2514        1        2
3201        2487        1        2
3228        2487        1        2
PEN_UP                  0
PEN_DOWN
2249        1191        1        3
2275        1164        1        3
2275        1138        1        3
2275        1111        1        3
2249        1111        1        3
2249        1085        1        3
2223        1085        1        3
2223        1058        1        3
2196        1058        1        3
2170        1058        1        3
2143        1058        1        3
2117        1058        1        3
2090        1058        1        3
2064        1058        1        3
2037        1058        1        3
2011        1058        1        3
1984        1058        1        3
1958        1058        1        3
1931        1058        1        3
1905        1058        1        3
1879        1058        1        3
1852        1058        1        3
1826        1058        1        3
1799        1058        1        3
1773        1058        1        3
1746        1058        1        3
1720        1058        1        3
1693        1058        1        3
1667        1058        1        3
1640        1058        1        3
1614        1058        1        3
1588        1032        1        3
1561        1032        1        3
1535        1032        1        3
1535        1005        1        3
1508        1005        1        3
1482        1005        1        3
1482         979        1        3
1455         979        1        3
1455         953        1        3
1429         953        1        3
1429         926        1        3
1429         900        1        3
1429         873        1        3
1402         847        1        3
1402         820        1        3
1402         794        1        3
1402         767        1        3
1402         741        1        3
1402         714        1        3
1429         714        1        3
1429         688        1        3
1429         661        1        3
1429         635        1        3
1429         609        1        3
1429         582        1        3
1455         582        1        3
1455         556        1        3
1455         529        1        3
1482         503        1        3
1482         476        1        3
1508         476        1        3
1508         450        1        3
1535         423        1        3
1535         397        1        3
PEN_UP                  0
END_CHARACTER: E
