CHARACTER_NAME: EE
STROKE_COUNT: 3
  X           Y   STYLUS_STATE STROKE
PEN_DOWN
1138        1561        1        1
1138        1535        1        1
1164        1535        1        1
1191        1535        1        1
1217        1508        1        1
1244        1508        1        1
1270        1508        1        1
1296        1508        1        1
1323        1508        1        1
1349        1508        1        1
1376        1508        1        1
1402        1508        1        1
1429        1508        1        1
1455        1508        1        1
1482        1482        1        1
1508        1482        1        1
1535        1482        1        1
1561        1482        1        1
1588        1482        1        1
1614        1482        1        1
1640        1482        1        1
1667        1482        1        1
1693        1482        1        1
1720        1482        1        1
1746        1455        1        1
1773        1455        1        1
1799        1455        1        1
1826        1455        1        1
1879        1455        1        1
1905        1455        1        1
1931        1455        1        1
1958        1455        1        1
1984        1482        1        1
2011        1482        1        1
2037        1482        1        1
2064        1482        1        1
2090        1482        1        1
2117        1482        1        1
2143        1482        1        1
2170        1455        1        1
2223        1455        1        1
2249        1455        1        1
2275        1455        1        1
2302        1455        1        1
2328        1455        1        1
2381        1429        1        1
2408        1429        1        1
2434        1429        1        1
2461        1402        1        1
2487        1402        1        1
2514        1402        1        1
2540        1402        1        1
2566        1402        1        1
2593        1402        1        1
2646        1402        1        1
2672        1376        1        1
2699        1376        1        1
2752        1376        1        1
2778        1376        1        1
2831        1376        1        1
2884        1349        1        1
2910        1349        1        1
2963        1349        1        1
2990        1349        1        1
3043        1349        1        1
3069        1349        1        1
3096        1323        1        1
3122        1323        1        1
3175        1323        1        1
3201        1323        1        1
3228        1323        1        1
3254        1323        1        1
3281        1323        1        1
3307        1323        1        1
3360        1296        1        1
3387        1296        1        1
3413        1296        1        1
3440        1296        1        1
3466        1296        1        1
3493        1296        1        1
3519        1296        1        1
3545        1296        1        1
3572        1296        1        1
3598        1296        1        1
3625        1296        1        1
3598        1296        1        1
PEN_UP                  0
PEN_DOWN
1720        1773        1        2
1720        1799        1        2
1693        1826        1        2
1693        1852        1        2
1720        1852        1        2
1720        1826        1        2
1693        1826        1        2
1693        1799        1        2
1693        1773        1        2
1693        1746        1        2
1720        1746        1        2
1720        1720        1        2
1720        1693        1        2
1720        1667        1        2
1720        1640        1        2
1746        1640        1        2
1746        1614        1        2
1746        1588        1        2
1773        1561        1        2
1773        1535        1        2
1799        1535        1        2
1799        1508        1        2
1826        1508        1        2
1852        1482        1        2
1879        1455        1        2
1905        1455        1        2
1905        1429        1        2
1931        1429        1        2
1958        1429        1        2
1958        1402        1        2
1984        1402        1        2
2011        1402        1        2
2037        1402        1        2
2064        1376        1        2
2090        1376        1        2
2117        1376        1        2
2143        1376        1        2
2170        1402        1        2
2196        1402        1        2
2223        1402        1        2
2249        1429        1        2
2275        1455        1        2
2302        1455        1        2
2302        1482        1        2
2302        1508        1        2
2328        1508        1        2
2328        1535        1        2
2328        1561        1        2
2355        1561        1        2
2355        1588        1        2
2355        1614        1        2
2381        1614        1        2
2381        1640        1        2
2381        1667        1        2
2381        1693        1        2
2408        1720        1        2
2408        1746        1        2
2408        1799        1        2
2408        1826        1        2
2408        1852        1        2
2408        1879        1        2
2408        1905        1        2
2408        1931        1        2
2408        1958        1        2
2408        1984        1        2
2434        2011        1        2
2434        2037        1        2
2434        2064        1        2
2434        2090        1        2
2434        2117        1        2
2434        2143        1        2
2434        2170        1        2
2434        2196        1        2
2434        2223        1        2
2434        2249        1        2
2434        2275        1        2
2408        2302        1        2
2408        2328        1        2
2408        2355        1        2
2408        2381        1        2
2408        2408        1        2
2408        2434        1        2
2408        2461        1        2
2408        2487        1        2
2408        2514        1        2
2408        2540        1        2
2408        2566        1        2
2408        2593        1        2
2408        2619        1        2
2408        2646        1        2
2408        2672        1        2
2408        2699        1        2
2408        2725        1        2
2408        2752        1        2
2408        2778        1        2
2408        2805        1        2
2381        2805        1        2
2381        2831        1        2
2408        2831        1        2
2381        2831        1        2
2408        2831        1        2
2408        2805        1        2
2408        2778        1        2
2408        2752        1        2
2408        2725        1        2
2434        2699        1        2
2434        2672        1        2
2434        2646        1        2
2434        2619        1        2
2461        2619        1        2
2461        2593        1        2
2461        2566        1        2
2461        2540        1        2
2487        2540        1        2
2487        2514        1        2
2487        2487        1        2
2514        2461        1        2
2514        2434        1        2
2540        2434        1        2
2566        2408        1        2
2566        2381        1        2
2593        2355        1        2
2619        2328        1        2
2619        2302        1        2
2646        2302        1        2
2672        2275        1        2
2699        2249        1        2
2725        2223        1        2
2752        2223        1        2
2778        2196        1        2
2778        2170        1        2
2805        2170        1        2
2831        2143        1        2
2858        2117        1        2
2884        2117        1        2
2937        2090        1        2
2963        2064        1        2
2990        2037        1        2
3016        2037        1        2
3043        2011        1        2
3069        1984        1        2
3096        1984        1        2
3122        1958        1        2
3149        1958        1        2
3175        1931        1        2
3201        1931        1        2
3201        1905        1        2
3228        1905        1        2
3254        1879        1        2
3254        1852        1        2
3281        1852        1        2
3307        1852        1        2
3307        1826        1        2
3281        1852        1        2
3254        1852        1        2
3254        1879        1        2
3228        1879        1        2
3228        1905        1        2
3201        1931        1        2
3175        1958        1        2
3175        1984        1        2
3149        2011        1        2
3149        2037        1        2
3149        2064        1        2
3149        2090        1        2
3175        2117        1        2
3175        2143        1        2
3175        2170        1        2
3175        2196        1        2
3175        2223        1        2
3175        2249        1        2
3175        2275        1        2
3175        2302        1        2
3201        2302        1        2
3201        2328        1        2
3201        2355        1        2
3201        2381        1        2
3201        2408        1        2
3228        2434        1        2
3228        2461        1        2
3254        2487        1        2
3254        2514        1        2
3254        2540        1        2
3281        2566        1        2
3281        2593        1        2
3307        2619        1        2
3307        2646        1        2
3334        2646        1        2
3334        2672        1        2
3334        2699        1        2
3360        2699        1        2
3360        2725        1        2
3387        2752        1        2
3413        2778        1        2
3413        2805        1        2
3440        2831        1        2
3466        2858        1        2
3493        2884        1        2
3519        2884        1        2
3519        2910        1        2
3545        2910        1        2
3545        2937        1        2
3572        2937        1        2
3572        2963        1        2
3598        2963        1        2
3625        2963        1        2
3625        2937        1        2
3625        2910        1        2
PEN_UP                  0
PEN_DOWN
2434        1349        1        3
2461        1349        1        3
2487        1349        1        3
2514        1323        1        3
2540        1296        1        3
2540        1270        1        3
2540        1244        1        3
2540        1217        1        3
2540        1191        1        3
2540        1164        1        3
2514        1164        1        3
2514        1138        1        3
2487        1138        1        3
2487        1111        1        3
2461        1111        1        3
2434        1111        1        3
2408        1085        1        3
2381        1085        1        3
2355        1085        1        3
2328        1085        1        3
2302        1085        1        3
2275        1085        1        3
2249        1085        1        3
2223        1085        1        3
2196        1085        1        3
2170        1085        1        3
2143        1085        1        3
2117        1085        1        3
2090        1085        1        3
2064        1085        1        3
2011        1085        1        3
1984        1058        1        3
1958        1058        1        3
1931        1058        1        3
1879        1058        1        3
1852        1058        1        3
1826        1058        1        3
1773        1032        1        3
1746        1032        1        3
1720        1032        1        3
1693        1005        1        3
1667        1005        1        3
1640        1005        1        3
1614         979        1        3
1588         979        1        3
1588         953        1        3
1588         926        1        3
1561         926        1        3
1561         900        1        3
1561         873        1        3
1561         847        1        3
1588         820        1        3
1588         794        1        3
1588         767        1        3
1588         741        1        3
1588         714        1        3
1588         688        1        3
1614         688        1        3
1614         661        1        3
1614         635        1        3
1640         609        1        3
1640         582        1        3
1640         556        1        3
1667         529        1        3
1667         503        1        3
1693         476        1        3
1693         450        1        3
1720         423        1        3
1720         397        1        3
1746         370        1        3
1746         344        1        3
1773         344        1        3
1773         318        1        3
PEN_UP                  0
END_CHARACTER: EE
