CHARACTER_NAME: AYA
STROKE_COUNT: 3
  X           Y   STYLUS_STATE STROKE
PEN_DOWN
1032        1217        1        1
1005        1191        1        1
1032        1191        1        1
1058        1191        1        1
1111        1164        1        1
1191        1164        1        1
1270        1138        1        1
1376        1138        1        1
1482        1111        1        1
1640        1111        1        1
1773        1085        1        1
1905        1085        1        1
2037        1058        1        1
2170        1058        1        1
2302        1058        1        1
2408        1058        1        1
2540        1032        1        1
2619        1032        1        1
2699        1032        1        1
2778        1032        1        1
2831        1032        1        1
2884        1032        1        1
2910        1032        1        1
2937        1032        1        1
2910        1032        1        1
2884        1032        1        1
PEN_UP                  0
PEN_DOWN
1111        1244        1        2
1138        1270        1        2
1164        1296        1        2
1164        1323        1        2
1191        1323        1        2
1217        1349        1        2
1217        1376        1        2
1244        1402        1        2
1270        1429        1        2
1296        1455        1        2
1323        1482        1        2
1376        1508        1        2
1402        1535        1        2
1455        1588        1        2
1508        1614        1        2
1561        1667        1        2
1614        1693        1        2
1667        1720        1        2
1720        1773        1        2
1773        1799        1        2
1826        1852        1        2
1879        1879        1        2
1931        1905        1        2
1984        1931        1        2
2011        1958        1        2
2037        1958        1        2
2064        1984        1        2
2090        1984        1        2
2090        2011        1        2
2064        2037        1        2
2037        2037        1        2
2011        2037        1        2
1984        2064        1        2
1931        2064        1        2
1905        2090        1        2
1852        2117        1        2
1799        2117        1        2
1773        2143        1        2
1720        2170        1        2
1693        2196        1        2
1640        2249        1        2
1614        2275        1        2
1561        2328        1        2
1535        2381        1        2
1482        2408        1        2
1455        2461        1        2
1429        2514        1        2
1402        2540        1        2
1376        2566        1        2
1376        2593        1        2
1349        2619        1        2
1349        2646        1        2
1323        2646        1        2
1323        2672        1        2
1349        2672        1        2
1349        2646        1        2
1376        2646        1        2
1429        2646        1        2
1482        2646        1        2
1535        2619        1        2
1588        2619        1        2
1667        2619        1        2
1746        2619        1        2
1826        2619        1        2
1905        2646        1        2
2011        2646        1        2
2090        2646        1        2
2170        2646        1        2
2223        2672        1        2
2302        2699        1        2
2381        2699        1        2
2461        2725        1        2
2514        2752        1        2
2593        2778        1        2
2672        2805        1        2
2725        2831        1        2
2805        2858        1        2
2858        2884        1        2
2910        2884        1        2
2963        2910        1        2
2990        2937        1        2
3043        2963        1        2
3069        2990        1        2
3096        3016        1        2
3122        3043        1        2
3149        3043        1        2
3175        3069        1        2
3175        3096        1        2
3201        3096        1        2
3201        3122        1        2
3201        3096        1        2
3175        3096        1        2
3175        3069        1        2
3149        3069        1        2
3149        3043        1        2
3122        3016        1        2
3122        2990        1        2
3096        2990        1        2
3096        2963        1        2
3096        2937        1        2
3069        2937        1        2
3069        2910        1        2
3069        2884        1        2
3069        2858        1        2
3069        2831        1        2
3069        2778        1        2
3043        2725        1        2
3043        2699        1        2
3043        2646        1        2
3043        2593        1        2
3043        2514        1        2
3043        2461        1        2
3043        2408        1        2
3043        2381        1        2
3016        2328        1        2
3016        2275        1        2
3016        2223        1        2
3016        2196        1        2
3016        2143        1        2
2990        2117        1        2
2990        2064        1        2
2990        2011        1        2
2990        1984        1        2
2963        1931        1        2
2963        1905        1        2
2963        1879        1        2
2963        1826        1        2
2963        1799        1        2
2963        1746        1        2
2963        1720        1        2
2963        1693        1        2
2937        1640        1        2
2937        1614        1        2
2937        1561        1        2
2937        1508        1        2
2910        1482        1        2
2910        1429        1        2
2910        1402        1        2
2910        1349        1        2
2910        1323        1        2
2884        1296        1        2
2884        1244        1        2
2884        1217        1        2
2858        1191        1        2
2858        1164        1        2
2858        1138        1        2
2831        1111        1        2
2831        1085        1        2
2831        1058        1        2
2805        1058        1        2
2805        1032        1        2
2805        1005        1        2
2805         979        1        2
2778        1005        1        2
PEN_UP                  0
PEN_DOWN
2355        3598        1        3
2355        3572        1        3
2328        3572        1        3
2328        3545        1        3
2328        3519        1        3
2355        3519        1        3
2355        3493        1        3
2355        3466        1        3
2355        3440        1        3
2355        3466        1        3
2328        3466        1        3
2328        3493        1        3
2355        3466        1        3
2355        3440        1        3
2355        3413        1        3
2328        3413        1        3
2328        3387        1        3
2302        3387        1        3
PEN_UP                  0
END_CHARACTER: AYA
