CHARACTER_NAME: UU
STROKE_COUNT: 4
  X           Y   STYLUS_STATE STROKE
PEN_DOWN
1164        1376        1        1
1191        1376        1        1
1217        1376        1        1
1244        1376        1        1
1270        1349        1        1
1296        1349        1        1
1323        1349        1        1
1349        1349        1        1
1376        1349        1        1
1402        1349        1        1
1429        1349        1        1
1455        1349        1        1
1482        1323        1        1
1508        1323        1        1
1535        1323        1        1
1561        1323        1        1
1588        1323        1        1
1614        1323        1        1
1640        1323        1        1
1667        1323        1        1
1667        1296        1        1
1693        1296        1        1
1720        1296        1        1
1746        1296        1        1
1773        1296        1        1
1799        1296        1        1
1826        1296        1        1
1852        1296        1        1
1879        1296        1        1
1905        1296        1        1
1958        1296        1        1
1984        1296        1        1
2011        1296        1        1
2037        1270        1        1
2090        1270        1        1
2143        1270        1        1
2170        1244        1        1
2223        1244        1        1
2275        1244        1        1
2302        1217        1        1
2355        1217        1        1
2381        1217        1        1
2434        1217        1        1
2461        1217        1        1
2487        1217        1        1
2514        1217        1        1
2540        1217        1        1
2566        1191        1        1
2593        1191        1        1
2619        1191        1        1
2646        1191        1        1
2672        1191        1        1
2699        1191        1        1
2725        1191        1        1
2752        1191        1        1
2805        1191        1        1
2831        1191        1        1
2884        1164        1        1
2910        1164        1        1
2963        1164        1        1
2990        1164        1        1
3016        1164        1        1
3043        1164        1        1
3069        1164        1        1
3043        1164        1        1
3043        1191        1        1
PEN_UP                  0
PEN_DOWN
2037        1376        1        2
2037        1402        1        2
2064        1429        1        2
2064        1455        1        2
2064        1482        1        2
2090        1508        1        2
2090        1535        1        2
2090        1561        1        2
2117        1588        1        2
2117        1614        1        2
2117        1640        1        2
2117        1667        1        2
2143        1693        1        2
2143        1720        1        2
2143        1746        1        2
2143        1773        1        2
2143        1799        1        2
2170        1826        1        2
2170        1852        1        2
2170        1879        1        2
2170        1905        1        2
2170        1931        1        2
2196        1958        1        2
2196        1984        1        2
2196        2011        1        2
2196        2037        1        2
2223        2037        1        2
2223        2064        1        2
2223        2090        1        2
2223        2117        1        2
2223        2143        1        2
2249        2143        1        2
2249        2170        1        2
2249        2143        1        2
2275        2117        1        2
2275        2090        1        2
2302        2064        1        2
2302        2037        1        2
2328        2037        1        2
2328        2011        1        2
2355        2011        1        2
2381        2011        1        2
2381        1984        1        2
2408        1984        1        2
2434        1984        1        2
2461        1984        1        2
2487        1984        1        2
2514        1984        1        2
2540        1984        1        2
2566        1984        1        2
2593        1984        1        2
2619        1984        1        2
2646        1984        1        2
2646        2011        1        2
2672        2011        1        2
2699        2011        1        2
2725        2011        1        2
2752        2037        1        2
2778        2037        1        2
2778        2064        1        2
2805        2090        1        2
2831        2090        1        2
2858        2117        1        2
2858        2143        1        2
2884        2170        1        2
2884        2196        1        2
2910        2223        1        2
2910        2249        1        2
2937        2302        1        2
2937        2328        1        2
2963        2355        1        2
2963        2381        1        2
2963        2434        1        2
2963        2461        1        2
2963        2487        1        2
2990        2514        1        2
2990        2566        1        2
2963        2593        1        2
2963        2619        1        2
2963        2646        1        2
2963        2672        1        2
2963        2699        1        2
2937        2752        1        2
2937        2778        1        2
2937        2805        1        2
2910        2831        1        2
2884        2858        1        2
2858        2884        1        2
2858        2910        1        2
2831        2937        1        2
2805        2963        1        2
2778        2990        1        2
2752        2990        1        2
2725        3016        1        2
2699        3043        1        2
2672        3043        1        2
2646        3069        1        2
2619        3069        1        2
2593        3096        1        2
2566        3096        1        2
2540        3122        1        2
2514        3122        1        2
2487        3122        1        2
2461        3149        1        2
2434        3149        1        2
2408        3149        1        2
2381        3149        1        2
2355        3149        1        2
2328        3149        1        2
2302        3149        1        2
2275        3149        1        2
2249        3149        1        2
2223        3149        1        2
2196        3122        1        2
2170        3122        1        2
2143        3122        1        2
2117        3096        1        2
2090        3096        1        2
2064        3069        1        2
2037        3043        1        2
2011        3043        1        2
1984        3016        1        2
1958        3016        1        2
1931        2990        1        2
1905        2963        1        2
1879        2963        1        2
1852        2937        1        2
1826        2910        1        2
1799        2884        1        2
1773        2884        1        2
1746        2858        1        2
1720        2831        1        2
1693        2805        1        2
1667        2778        1        2
1640        2725        1        2
1614        2699        1        2
1588        2672        1        2
1561        2646        1        2
1535        2619        1        2
1508        2593        1        2
1482        2566        1        2
1455        2514        1        2
1455        2487        1        2
1429        2434        1        2
1402        2408        1        2
1402        2381        1        2
1376        2328        1        2
1349        2302        1        2
1349        2275        1        2
1323        2249        1        2
1323        2223        1        2
1296        2196        1        2
1296        2170        1        2
1270        2143        1        2
1270        2117        1        2
1244        2090        1        2
1244        2064        1        2
1217        2064        1        2
1217        2037        1        2
PEN_UP                  0
PEN_DOWN
2249        3281        1        3
2249        3307        1        3
2223        3307        1        3
2223        3334        1        3
2196        3334        1        3
2170        3334        1        3
2170        3360        1        3
2143        3360        1        3
2117        3360        1        3
2090        3360        1        3
2064        3360        1        3
2037        3360        1        3
2011        3360        1        3
1984        3360        1        3
1958        3360        1        3
1931        3360        1        3
1905        3360        1        3
1879        3360        1        3
1852        3360        1        3
1826        3334        1        3
1799        3334        1        3
1773        3334        1        3
1746        3334        1        3
1720        3334        1        3
1693        3334        1        3
1667        3307        1        3
1640        3307        1        3
1614        3307        1        3
1588        3307        1        3
1561        3281        1        3
1535        3281        1        3
1508        3254        1        3
1482        3254        1        3
1455        3254        1        3
1429        3228        1        3
1402        3228        1        3
1376        3201        1        3
1349        3201        1        3
1323        3175        1        3
1296        3149        1        3
1270        3149        1        3
1244        3122        1        3
1244        3096        1        3
1217        3096        1        3
1191        3069        1        3
1164        3069        1        3
1164        3043        1        3
1138        3016        1        3
1111        3016        1        3
1085        2990        1        3
1058        2963        1        3
1032        2937        1        3
1005        2937        1        3
 979        2910        1        3
 953        2910        1        3
 926        2884        1        3
 926        2858        1        3
 900        2858        1        3
 873        2831        1        3
 847        2831        1        3
 847        2805        1        3
 820        2805        1        3
 820        2778        1        3
 794        2778        1        3
 794        2752        1        3
 767        2752        1        3
 767        2725        1        3
 741        2699        1        3
 714        2699        1        3
 714        2672        1        3
 688        2646        1        3
 661        2619        1        3
 661        2593        1        3
 635        2566        1        3
 635        2540        1        3
 609        2540        1        3
 609        2514        1        3
PEN_UP                  0
PEN_DOWN
2064        1244        1        4
2064        1217        1        4
2090        1217        1        4
2090        1191        1        4
2090        1164        1        4
2117        1164        1        4
2117        1138        1        4
2117        1111        1        4
2090        1111        1        4
2090        1085        1        4
2090        1058        1        4
2090        1032        1        4
2064        1032        1        4
2037        1005        1        4
2011        1005        1        4
1984         979        1        4
1958         979        1        4
1931         979        1        4
1905         979        1        4
1879         979        1        4
1852         979        1        4
1826         979        1        4
1799         979        1        4
1773         979        1        4
1746         979        1        4
1720         979        1        4
1693         979        1        4
1667         979        1        4
1640         979        1        4
1614         979        1        4
1588         979        1        4
1561         979        1        4
1535         979        1        4
1508         979        1        4
1482         979        1        4
1455         979        1        4
1429         979        1        4
1402         953        1        4
1376         953        1        4
1349         953        1        4
1323         953        1        4
1296         953        1        4
1296         926        1        4
1270         926        1        4
1270         900        1        4
1244         873        1        4
1244         847        1        4
1244         820        1        4
1217         820        1        4
1217         794        1        4
1217         767        1        4
1217         741        1        4
1217         714        1        4
1217         688        1        4
1217         661        1        4
1217         635        1        4
1217         609        1        4
1217         582        1        4
1191         582        1        4
1191         556        1        4
1191         529        1        4
1191         503        1        4
1191         476        1        4
1191         450        1        4
1191         423        1        4
1191         450        1        4
PEN_UP                  0
END_CHARACTER: UU
