CHARACTER_NAME: CCC
STROKE_COUNT: 6
  X           Y   STYLUS_STATE STROKE
PEN_DOWN
 979        1111        1        1
 979        1138        1        1
1005        1138        1        1
1005        1111        1        1
1032        1138        1        1
1058        1111        1        1
1085        1111        1        1
1111        1111        1        1
1138        1111        1        1
1164        1111        1        1
1217        1111        1        1
1244        1111        1        1
1270        1085        1        1
1296        1085        1        1
1349        1085        1        1
1376        1085        1        1
1429        1085        1        1
1455        1085        1        1
1508        1085        1        1
1561        1058        1        1
1588        1058        1        1
1640        1058        1        1
1693        1058        1        1
1746        1058        1        1
1799        1058        1        1
1852        1058        1        1
1905        1058        1        1
1958        1032        1        1
2011        1032        1        1
2064        1032        1        1
2117        1032        1        1
2170        1032        1        1
2223        1005        1        1
2249        1005        1        1
2302        1005        1        1
2328        1005        1        1
2355        1005        1        1
2408        1005        1        1
2434        1005        1        1
2461        1005        1        1
2487        1005        1        1
2514        1005        1        1
2566        1005        1        1
2593        1005        1        1
2646         979        1        1
2672         979        1        1
2725         979        1        1
2752         979        1        1
2805         979        1        1
2831         979        1        1
2858         979        1        1
2884         979        1        1
2910         979        1        1
2937         979        1        1
PEN_UP                  0
PEN_DOWN
1588        1164        1        2
1588        1191        1        2
1561        1191        1        2
1561        1217        1        2
1561        1244        1        2
1561        1270        1        2
1561        1296        1        2
1561        1323        1        2
1561        1349        1        2
1561        1402        1        2
1561        1429        1        2
1561        1455        1        2
1561        1508        1        2
1561        1561        1        2
1561        1588        1        2
1588        1640        1        2
1588        1693        1        2
1588        1746        1        2
1588        1773        1        2
1588        1826        1        2
1588        1852        1        2
1614        1879        1        2
1614        1905        1        2
1614        1958        1        2
1614        1984        1        2
1640        1984        1        2
1640        2037        1        2
1640        2064        1        2
1667        2090        1        2
1667        2117        1        2
1667        2143        1        2
1693        2170        1        2
1693        2196        1        2
1720        2196        1        2
1720        2223        1        2
1720        2249        1        2
1746        2249        1        2
1746        2275        1        2
1773        2275        1        2
1773        2302        1        2
1799        2302        1        2
1826        2328        1        2
1852        2328        1        2
1852        2302        1        2
1879        2302        1        2
1905        2302        1        2
1931        2302        1        2
1958        2302        1        2
1984        2275        1        2
2011        2249        1        2
2037        2249        1        2
2064        2223        1        2
2090        2223        1        2
2090        2196        1        2
2117        2196        1        2
2143        2170        1        2
2143        2143        1        2
2170        2143        1        2
2170        2117        1        2
2170        2090        1        2
2170        2064        1        2
2170        2037        1        2
2170        2011        1        2
2143        1984        1        2
2143        1958        1        2
2117        1931        1        2
2117        1905        1        2
2090        1905        1        2
2090        1879        1        2
2064        1852        1        2
2037        1826        1        2
2011        1799        1        2
1984        1799        1        2
1958        1773        1        2
1931        1773        1        2
1905        1773        1        2
1905        1746        1        2
1879        1746        1        2
1852        1746        1        2
1826        1746        1        2
1799        1746        1        2
1773        1746        1        2
1746        1746        1        2
1720        1773        1        2
1693        1773        1        2
1667        1773        1        2
1640        1799        1        2
1614        1799        1        2
1588        1799        1        2
1561        1826        1        2
PEN_UP                  0
PEN_DOWN
2143        1005        1        3
2170         979        1        3
2170        1005        1        3
2170        1032        1        3
2196        1058        1        3
2196        1085        1        3
2196        1111        1        3
2196        1138        1        3
2196        1164        1        3
2196        1191        1        3
2196        1217        1        3
2223        1244        1        3
2223        1270        1        3
2223        1296        1        3
2223        1323        1        3
2223        1349        1        3
2223        1376        1        3
2223        1402        1        3
2223        1429        1        3
2223        1455        1        3
2223        1482        1        3
2223        1508        1        3
2223        1535        1        3
2249        1561        1        3
2249        1588        1        3
2249        1614        1        3
2249        1640        1        3
2249        1667        1        3
2249        1693        1        3
2249        1720        1        3
2249        1746        1        3
2249        1773        1        3
2275        1799        1        3
2275        1826        1        3
2275        1852        1        3
2275        1879        1        3
2275        1905        1        3
2275        1931        1        3
2275        1958        1        3
2275        1984        1        3
2275        2011        1        3
2275        2037        1        3
2275        2064        1        3
2275        2090        1        3
2275        2117        1        3
2249        2143        1        3
2249        2170        1        3
2249        2196        1        3
2249        2223        1        3
2249        2249        1        3
2249        2275        1        3
2249        2302        1        3
2249        2328        1        3
2249        2355        1        3
2249        2381        1        3
2249        2408        1        3
2249        2434        1        3
2249        2461        1        3
2275        2487        1        3
2275        2514        1        3
2302        2540        1        3
2302        2566        1        3
2328        2566        1        3
2328        2593        1        3
2355        2593        1        3
2355        2619        1        3
2381        2619        1        3
2408        2646        1        3
2434        2646        1        3
2461        2646        1        3
2487        2672        1        3
2514        2672        1        3
2540        2672        1        3
2566        2672        1        3
2593        2672        1        3
2619        2672        1        3
2646        2672        1        3
2672        2672        1        3
2699        2672        1        3
2725        2646        1        3
2752        2646        1        3
2778        2619        1        3
2805        2619        1        3
2831        2619        1        3
2858        2619        1        3
2858        2593        1        3
2884        2593        1        3
2910        2566        1        3
2937        2540        1        3
2937        2514        1        3
2963        2487        1        3
2963        2461        1        3
2990        2434        1        3
2990        2408        1        3
3016        2381        1        3
3016        2355        1        3
3043        2355        1        3
3043        2328        1        3
3043        2302        1        3
3069        2275        1        3
3069        2249        1        3
3069        2223        1        3
3043        2196        1        3
3043        2170        1        3
3043        2143        1        3
3016        2117        1        3
3016        2090        1        3
2990        2064        1        3
2990        2037        1        3
2963        2037        1        3
2937        2011        1        3
2910        1984        1        3
2884        1984        1        3
2858        1958        1        3
2831        1958        1        3
2805        1931        1        3
2778        1931        1        3
2752        1931        1        3
2725        1905        1        3
2699        1905        1        3
2672        1905        1        3
2646        1879        1        3
2619        1879        1        3
2593        1879        1        3
2566        1879        1        3
2540        1852        1        3
2514        1852        1        3
2487        1852        1        3
2461        1852        1        3
2434        1852        1        3
2408        1826        1        3
2381        1826        1        3
2355        1852        1        3
2328        1852        1        3
2302        1852        1        3
2302        1879        1        3
2275        1879        1        3
2249        1905        1        3
2223        1905        1        3
PEN_UP                  0
PEN_DOWN
PEN_UP                  0
2805        2672        1        4
PEN_DOWN
3307        2302        1        5
3307        2328        1        5
3281        2355        1        5
3281        2381        1        5
3281        2408        1        5
3281        2434        1        5
3281        2461        1        5
3254        2487        1        5
3254        2514        1        5
3254        2540        1        5
3228        2540        1        5
3228        2566        1        5
3228        2593        1        5
3201        2619        1        5
3175        2646        1        5
3175        2672        1        5
3149        2699        1        5
3122        2725        1        5
3096        2752        1        5
3096        2778        1        5
3069        2805        1        5
3043        2805        1        5
3043        2831        1        5
3016        2831        1        5
2990        2858        1        5
2990        2884        1        5
2963        2884        1        5
2963        2910        1        5
2937        2910        1        5
2937        2937        1        5
2910        2937        1        5
2910        2963        1        5
2884        2963        1        5
2884        2990        1        5
2858        2990        1        5
2858        3016        1        5
2831        3016        1        5
2805        3043        1        5
2778        3069        1        5
2752        3096        1        5
2725        3096        1        5
2725        3122        1        5
2699        3122        1        5
2672        3149        1        5
2672        3175        1        5
2646        3175        1        5
2619        3201        1        5
2619        3228        1        5
2593        3228        1        5
2566        3254        1        5
2593        3254        1        5
2619        3228        1        5
2646        3228        1        5
2672        3228        1        5
2699        3228        1        5
2752        3201        1        5
2805        3201        1        5
2831        3201        1        5
2884        3201        1        5
2910        3175        1        5
2963        3175        1        5
3016        3175        1        5
3069        3175        1        5
3096        3149        1        5
3149        3149        1        5
3201        3149        1        5
3254        3122        1        5
3307        3122        1        5
3360        3122        1        5
3387        3122        1        5
3440        3122        1        5
3493        3122        1        5
3545        3096        1        5
3572        3096        1        5
3625        3096        1        5
3651        3096        1        5
3678        3096        1        5
3704        3096        1        5
3731        3069        1        5
3757        3069        1        5
3784        3069        1        5
3757        3069        1        5
PEN_UP                  0
PEN_DOWN
3254        2249        1        6
3228        2223        1        6
3228        2196        1        6
3201        2196        1        6
3175        2196        1        6
3175        2170        1        6
3149        2170        1        6
3122        2143        1        6
3096        2143        1        6
3069        2143        1        6
3043        2143        1        6
3043        2117        1        6
3016        2117        1        6
2990        2117        1        6
2963        2117        1        6
2937        2117        1        6
2910        2090        1        6
PEN_UP                  0
END_CHARACTER: CCC
