CHARACTER_NAME: TTT
STROKE_COUNT: 2
  X           Y   STYLUS_STATE STROKE
PEN_DOWN
1191        1164        1        1
1217        1164        1        1
1244        1164        1        1
1270        1164        1        1
1296        1164        1        1
1323        1164        1        1
1376        1164        1        1
1402        1164        1        1
1455        1164        1        1
1482        1164        1        1
1535        1164        1        1
1561        1164        1        1
1614        1164        1        1
1667        1138        1        1
1693        1138        1        1
1746        1138        1        1
1799        1138        1        1
1852        1138        1        1
1905        1138        1        1
1958        1138        1        1
2011        1138        1        1
2064        1111        1        1
2090        1111        1        1
2143        1111        1        1
2196        1111        1        1
2249        1111        1        1
2275        1111        1        1
2328        1111        1        1
2355        1111        1        1
2408        1111        1        1
2434        1111        1        1
2461        1111        1        1
2514        1111        1        1
2566        1111        1        1
2619        1111        1        1
2672        1111        1        1
2725        1111        1        1
2805        1111        1        1
2858        1085        1        1
2937        1085        1        1
2990        1085        1        1
3069        1085        1        1
3122        1085        1        1
3175        1085        1        1
3201        1085        1        1
3228        1085        1        1
3254        1085        1        1
3281        1085        1        1
3307        1085        1        1
3334        1085        1        1
3307        1085        1        1
PEN_UP                  0
PEN_DOWN
2037        1958        1        2
2064        1931        1        2
2037        1931        1        2
2064        1931        1        2
2037        1931        1        2
2037        1958        1        2
2011        1958        1        2
2011        1984        1        2
1984        1958        1        2
1984        1931        1        2
1984        1905        1        2
1984        1879        1        2
2011        1852        1        2
2011        1826        1        2
2037        1799        1        2
2064        1773        1        2
2090        1746        1        2
2117        1720        1        2
2143        1693        1        2
2170        1667        1        2
2223        1640        1        2
2249        1614        1        2
2275        1614        1        2
2302        1614        1        2
2328        1588        1        2
2355        1588        1        2
2381        1614        1        2
2408        1614        1        2
2434        1614        1        2
2461        1640        1        2
2487        1640        1        2
2514        1667        1        2
2540        1693        1        2
2566        1720        1        2
2619        1746        1        2
2646        1773        1        2
2672        1799        1        2
2699        1826        1        2
2699        1879        1        2
2725        1905        1        2
2725        1931        1        2
2752        1958        1        2
2752        1984        1        2
2752        2037        1        2
2752        2064        1        2
2725        2090        1        2
2725        2117        1        2
2699        2143        1        2
2672        2170        1        2
2646        2196        1        2
2619        2223        1        2
2593        2249        1        2
2566        2275        1        2
2540        2302        1        2
2514        2302        1        2
2514        2328        1        2
2487        2328        1        2
2487        2355        1        2
2514        2328        1        2
2540        2328        1        2
2566        2328        1        2
2593        2328        1        2
2619        2328        1        2
2672        2355        1        2
2699        2355        1        2
2725        2355        1        2
2778        2381        1        2
2805        2381        1        2
2831        2408        1        2
2858        2434        1        2
2884        2461        1        2
2910        2487        1        2
2910        2540        1        2
2937        2566        1        2
2937        2619        1        2
2937        2646        1        2
2963        2699        1        2
2963        2725        1        2
2937        2778        1        2
2937        2805        1        2
2937        2831        1        2
2910        2884        1        2
2884        2910        1        2
2884        2937        1        2
2858        2963        1        2
2831        2990        1        2
2805        3016        1        2
2778        3043        1        2
2725        3069        1        2
2699        3069        1        2
2672        3096        1        2
2646        3096        1        2
2593        3122        1        2
2566        3122        1        2
2514        3122        1        2
2461        3149        1        2
2434        3149        1        2
2381        3122        1        2
2355        3122        1        2
2302        3122        1        2
2249        3122        1        2
2223        3096        1        2
2170        3096        1        2
2117        3069        1        2
2064        3043        1        2
2037        3016        1        2
1984        2990        1        2
1931        2990        1        2
1905        2963        1        2
1852        2937        1        2
1799        2910        1        2
1773        2884        1        2
1720        2884        1        2
1693        2858        1        2
1640        2831        1        2
1614        2805        1        2
1588        2778        1        2
1535        2725        1        2
1508        2699        1        2
1482        2672        1        2
1455        2619        1        2
1402        2566        1        2
1376        2540        1        2
1376        2487        1        2
1349        2461        1        2
1323        2408        1        2
1296        2355        1        2
1270        2328        1        2
1270        2275        1        2
1244        2249        1        2
1217        2196        1        2
1217        2170        1        2
1191        2117        1        2
1191        2090        1        2
1164        2037        1        2
1164        2011        1        2
1164        1984        1        2
1138        1958        1        2
1138        1931        1        2
1138        1905        1        2
1111        1905        1        2
1111        1879        1        2
PEN_UP                  0
END_CHARACTER: TTT
