CHARACTER_NAME: TB
STROKE_COUNT: 3
  X           Y   STYLUS_STATE STROKE
PEN_DOWN
1085        1270        1        1
1111        1270        1        1
1138        1270        1        1
1164        1270        1        1
1191        1270        1        1
1217        1270        1        1
1244        1270        1        1
1270        1270        1        1
1323        1270        1        1
1349        1270        1        1
1402        1270        1        1
1455        1270        1        1
1535        1244        1        1
1614        1244        1        1
1693        1244        1        1
1773        1244        1        1
1879        1217        1        1
1958        1217        1        1
2037        1217        1        1
2117        1191        1        1
2196        1191        1        1
2275        1191        1        1
2355        1164        1        1
2434        1164        1        1
2514        1164        1        1
2593        1164        1        1
2646        1164        1        1
2725        1138        1        1
2778        1138        1        1
2831        1138        1        1
2884        1138        1        1
2910        1138        1        1
2937        1138        1        1
2963        1138        1        1
2990        1111        1        1
2990        1138        1        1
2963        1138        1        1
PEN_UP                  0
PEN_DOWN
1931        1535        1        2
1931        1508        1        2
1931        1482        1        2
1931        1455        1        2
1958        1455        1        2
1958        1429        1        2
1958        1402        1        2
1958        1429        1        2
1931        1455        1        2
1931        1482        1        2
1931        1508        1        2
1931        1535        1        2
1931        1561        1        2
1931        1588        1        2
1931        1561        1        2
1958        1561        1        2
1958        1535        1        2
1958        1508        1        2
1931        1482        1        2
1931        1455        1        2
1931        1429        1        2
1931        1402        1        2
1958        1376        1        2
1958        1349        1        2
1958        1323        1        2
1984        1296        1        2
1984        1270        1        2
1984        1244        1        2
2011        1244        1        2
2037        1217        1        2
2064        1191        1        2
2090        1191        1        2
2117        1164        1        2
2143        1164        1        2
2170        1164        1        2
2196        1164        1        2
2223        1191        1        2
2249        1217        1        2
2275        1244        1        2
2302        1270        1        2
2328        1323        1        2
2328        1349        1        2
2355        1402        1        2
2381        1482        1        2
2381        1535        1        2
2381        1588        1        2
2408        1640        1        2
2408        1693        1        2
2408        1746        1        2
2434        1799        1        2
2434        1826        1        2
2434        1879        1        2
2434        1931        1        2
2434        1958        1        2
2434        2011        1        2
2434        2037        1        2
2434        2090        1        2
2434        2117        1        2
2434        2170        1        2
2408        2196        1        2
2408        2223        1        2
2408        2275        1        2
2408        2302        1        2
2381        2355        1        2
2381        2381        1        2
2355        2408        1        2
2328        2461        1        2
2328        2487        1        2
2302        2514        1        2
2275        2540        1        2
2249        2566        1        2
2223        2566        1        2
2196        2593        1        2
2170        2593        1        2
2117        2619        1        2
2090        2619        1        2
2037        2619        1        2
2011        2619        1        2
1958        2619        1        2
1905        2593        1        2
1852        2593        1        2
1799        2566        1        2
1746        2540        1        2
1693        2540        1        2
1640        2487        1        2
1561        2461        1        2
1508        2434        1        2
1455        2408        1        2
1429        2355        1        2
1376        2328        1        2
1323        2302        1        2
1296        2275        1        2
1270        2223        1        2
1244        2196        1        2
1217        2170        1        2
1217        2117        1        2
1191        2090        1        2
1164        2064        1        2
1164        2037        1        2
1138        1984        1        2
1138        1958        1        2
1138        1931        1        2
1111        1905        1        2
1111        1852        1        2
1085        1826        1        2
1085        1799        1        2
1058        1773        1        2
1058        1720        1        2
1032        1693        1        2
1032        1640        1        2
1005        1614        1        2
1005        1588        1        2
1005        1561        1        2
 979        1535        1        2
 979        1508        1        2
 953        1482        1        2
 953        1455        1        2
 953        1429        1        2
PEN_UP                  0
PEN_DOWN
2275        2699        1        3
2275        2672        1        3
2275        2646        1        3
2249        2646        1        3
2249        2619        1        3
2249        2593        1        3
2249        2619        1        3
2223        2619        1        3
2223        2646        1        3
2196        2646        1        3
2196        2672        1        3
2170        2672        1        3
2170        2699        1        3
2143        2699        1        3
2143        2725        1        3
2117        2752        1        3
2117        2778        1        3
2090        2778        1        3
2090        2805        1        3
2064        2858        1        3
2064        2884        1        3
2037        2910        1        3
2011        2937        1        3
2011        2963        1        3
1984        3016        1        3
1958        3043        1        3
1931        3069        1        3
1905        3096        1        3
1905        3149        1        3
1879        3175        1        3
1852        3201        1        3
1826        3228        1        3
1826        3254        1        3
1799        3281        1        3
1773        3307        1        3
1746        3334        1        3
1720        3360        1        3
1693        3387        1        3
1693        3440        1        3
1667        3440        1        3
1640        3466        1        3
1640        3493        1        3
1614        3519        1        3
1640        3519        1        3
1667        3519        1        3
1693        3519        1        3
1720        3519        1        3
1746        3519        1        3
1773        3519        1        3
1826        3519        1        3
1879        3519        1        3
1905        3519        1        3
1958        3519        1        3
2011        3519        1        3
2037        3519        1        3
2090        3519        1        3
2143        3519        1        3
2170        3519        1        3
2223        3519        1        3
2249        3519        1        3
2302        3545        1        3
2328        3545        1        3
2381        3545        1        3
2408        3572        1        3
2434        3572        1        3
2461        3572        1        3
2514        3598        1        3
2540        3598        1        3
2566        3625        1        3
2593        3625        1        3
2619        3625        1        3
2646        3625        1        3
2646        3651        1        3
2672        3651        1        3
2699        3651        1        3
2699        3625        1        3
2699        3598        1        3
2699        3572        1        3
2672        3572        1        3
2672        3545        1        3
2646        3493        1        3
2646        3466        1        3
2619        3440        1        3
2593        3413        1        3
2593        3387        1        3
2566        3360        1        3
2540        3334        1        3
2540        3307        1        3
2514        3281        1        3
2487        3254        1        3
2487        3201        1        3
2461        3175        1        3
2461        3149        1        3
2434        3122        1        3
2434        3096        1        3
2408        3043        1        3
2408        3016        1        3
2381        2990        1        3
2381        2963        1        3
2381        2937        1        3
2381        2910        1        3
2355        2884        1        3
2355        2858        1        3
2328        2831        1        3
2328        2778        1        3
2328        2752        1        3
2302        2725        1        3
2302        2699        1        3
2302        2672        1        3
2275        2646        1        3
2275        2619        1        3
2275        2593        1        3
2249        2566        1        3
2249        2540        1        3
2249        2514        1        3
2249        2487        1        3
2223        2461        1        3
2223        2434        1        3
PEN_UP                  0
END_CHARACTER: TB
