CHARACTER_NAME: FN
STROKE_COUNT: 4
  X           Y   STYLUS_STATE STROKE
PEN_DOWN
1323        1535        1        1
1296        1535        1        1
1270        1535        1        1
1296        1535        1        1
1349        1535        1        1
1402        1535        1        1
1508        1535        1        1
1614        1535        1        1
1720        1535        1        1
1826        1535        1        1
1931        1535        1        1
2011        1535        1        1
2064        1535        1        1
2117        1535        1        1
2170        1535        1        1
2196        1535        1        1
2223        1535        1        1
2249        1535        1        1
2275        1535        1        1
2302        1535        1        1
2328        1535        1        1
2328        1561        1        1
2302        1561        1        1
PEN_UP                  0
PEN_DOWN
1561        1561        1        2
1535        1588        1        2
1561        1588        1        2
1588        1614        1        2
1614        1614        1        2
1640        1640        1        2
1667        1640        1        2
1693        1667        1        2
1720        1667        1        2
1746        1693        1        2
1773        1693        1        2
1799        1720        1        2
1826        1746        1        2
1852        1746        1        2
1879        1773        1        2
1905        1799        1        2
1905        1826        1        2
1931        1852        1        2
1931        1905        1        2
1931        1958        1        2
1905        2011        1        2
1879        2064        1        2
1852        2143        1        2
1826        2223        1        2
1773        2275        1        2
1720        2328        1        2
1693        2381        1        2
1667        2408        1        2
1640        2434        1        2
1614        2461        1        2
1614        2487        1        2
1588        2487        1        2
1588        2514        1        2
1561        2514        1        2
1588        2514        1        2
1614        2514        1        2
1640        2487        1        2
1667        2487        1        2
1720        2461        1        2
1773        2461        1        2
1826        2434        1        2
1879        2434        1        2
1931        2434        1        2
1984        2434        1        2
2037        2434        1        2
2090        2461        1        2
2117        2487        1        2
2170        2514        1        2
2196        2540        1        2
2223        2566        1        2
2249        2593        1        2
2249        2619        1        2
2275        2646        1        2
2275        2672        1        2
2302        2672        1        2
2302        2699        1        2
2328        2725        1        2
2355        2752        1        2
2355        2725        1        2
2355        2699        1        2
2381        2672        1        2
2381        2619        1        2
2408        2540        1        2
2408        2461        1        2
2434        2381        1        2
2434        2302        1        2
2461        2223        1        2
2461        2143        1        2
2461        2064        1        2
2461        1984        1        2
2434        1931        1        2
2434        1879        1        2
2434        1852        1        2
2434        1799        1        2
2434        1773        1        2
2434        1720        1        2
2461        1693        1        2
2461        1667        1        2
2461        1640        1        2
2487        1614        1        2
2487        1588        1        2
2487        1561        1        2
PEN_UP                  0
PEN_DOWN
1958        1879        1        3
1958        1852        1        3
1984        1852        1        3
2011        1879        1        3
2037        1905        1        3
2064        1905        1        3
2090        1931        1        3
2143        1958        1        3
2170        2011        1        3
2223        2037        1        3
2249        2090        1        3
2302        2117        1        3
2355        2170        1        3
2408        2196        1        3
2461        2249        1        3
2514        2275        1        3
2540        2302        1        3
2566        2302        1        3
2593        2328        1        3
PEN_UP                  0
PEN_DOWN
2540        1879        1        4
2540        1852        1        4
2540        1826        1        4
2566        1826        1        4
2566        1799        1        4
2593        1773        1        4
2619        1773        1        4
2646        1746        1        4
2672        1746        1        4
2725        1746        1        4
2778        1720        1        4
2831        1720        1        4
2858        1746        1        4
2910        1746        1        4
2963        1746        1        4
2990        1773        1        4
3016        1799        1        4
3043        1826        1        4
3069        1852        1        4
3069        1879        1        4
3069        1931        1        4
3043        1958        1        4
3043        2011        1        4
3016        2037        1        4
2990        2064        1        4
2963        2090        1        4
2963        2117        1        4
2937        2143        1        4
2937        2170        1        4
2937        2143        1        4
2963        2143        1        4
2990        2143        1        4
3016        2117        1        4
3043        2117        1        4
3069        2117        1        4
3096        2117        1        4
3096        2143        1        4
3122        2143        1        4
3149        2143        1        4
3149        2170        1        4
3175        2196        1        4
3175        2223        1        4
3175        2249        1        4
3175        2275        1        4
3175        2302        1        4
3149        2328        1        4
3122        2355        1        4
3096        2381        1        4
3069        2408        1        4
3043        2408        1        4
3016        2434        1        4
2963        2434        1        4
2910        2434        1        4
2884        2461        1        4
2831        2461        1        4
2778        2461        1        4
2725        2487        1        4
2699        2487        1        4
2672        2461        1        4
2646        2461        1        4
2619        2461        1        4
2593        2434        1        4
2566        2408        1        4
2540        2381        1        4
2514        2355        1        4
2487        2328        1        4
2461        2328        1        4
2434        2302        1        4
2408        2302        1        4
2408        2275        1        4
2381        2275        1        4
2355        2275        1        4
PEN_UP                  0
END_CHARACTER: FN
