CHARACTER_NAME: STH
STROKE_COUNT: 3
  X           Y   STYLUS_STATE STROKE
PEN_DOWN
1296        2593        1        1
1296        2619        1        1
1270        2619        1        1
1244        2619        1        1
1244        2593        1        1
1270        2566        1        1
1296        2540        1        1
1349        2514        1        1
1402        2487        1        1
1455        2461        1        1
1508        2434        1        1
1588        2434        1        1
1693        2408        1        1
1773        2408        1        1
1852        2408        1        1
1958        2408        1        1
2064        2408        1        1
2143        2408        1        1
2249        2434        1        1
2355        2461        1        1
2434        2461        1        1
2540        2487        1        1
2619        2514        1        1
2699        2540        1        1
2778        2540        1        1
2831        2540        1        1
2858        2566        1        1
2910        2566        1        1
2937        2566        1        1
2910        2566        1        1
2884        2566        1        1
PEN_UP                  0
PEN_DOWN
1746        2990        1        2
1720        2963        1        2
1720        2990        1        2
1720        3016        1        2
1720        3043        1        2
1746        3069        1        2
1746        3096        1        2
1773        3122        1        2
1799        3149        1        2
1826        3175        1        2
1852        3175        1        2
1905        3175        1        2
1931        3175        1        2
1984        3149        1        2
2011        3149        1        2
2064        3122        1        2
2090        3096        1        2
2143        3069        1        2
2143        3043        1        2
2170        3016        1        2
2170        2990        1        2
2196        2963        1        2
2196        2937        1        2
2196        2910        1        2
2223        2884        1        2
2196        2884        1        2
2196        2910        1        2
2196        2937        1        2
2196        2963        1        2
2170        2963        1        2
2170        2990        1        2
2170        3016        1        2
2196        3043        1        2
2196        3069        1        2
2223        3096        1        2
2223        3122        1        2
2249        3122        1        2
2249        3149        1        2
2275        3149        1        2
2302        3175        1        2
2355        3175        1        2
2381        3175        1        2
2408        3175        1        2
2461        3175        1        2
2514        3175        1        2
2540        3149        1        2
2566        3149        1        2
2593        3122        1        2
2619        3096        1        2
2646        3069        1        2
2672        3043        1        2
2699        3016        1        2
2699        2990        1        2
2725        2937        1        2
2725        2910        1        2
2725        2858        1        2
2725        2831        1        2
2725        2805        1        2
2699        2752        1        2
2699        2725        1        2
2672        2699        1        2
2646        2672        1        2
2619        2672        1        2
2619        2646        1        2
2593        2619        1        2
2566        2593        1        2
2540        2566        1        2
2540        2540        1        2
2514        2540        1        2
2487        2514        1        2
2487        2487        1        2
2461        2487        1        2
2487        2514        1        2
PEN_UP                  0
PEN_DOWN
2514        3281        1        3
2540        3281        1        3
2566        3281        1        3
2593        3254        1        3
2619        3254        1        3
2619        3281        1        3
2646        3281        1        3
2646        3307        1        3
2619        3334        1        3
2593        3360        1        3
2566        3360        1        3
2566        3334        1        3
2540        3307        1        3
2540        3281        1        3
2540        3254        1        3
2566        3254        1        3
2566        3228        1        3
2593        3228        1        3
2619        3228        1        3
2646        3201        1        3
2672        3201        1        3
2699        3201        1        3
2752        3201        1        3
2778        3201        1        3
2805        3201        1        3
2831        3201        1        3
2858        3201        1        3
2884        3228        1        3
2884        3254        1        3
2884        3281        1        3
2884        3334        1        3
2884        3387        1        3
2858        3413        1        3
2858        3466        1        3
2831        3519        1        3
2778        3572        1        3
2752        3625        1        3
2699        3678        1        3
2646        3731        1        3
2593        3757        1        3
2540        3810        1        3
2487        3836        1        3
2434        3863        1        3
2381        3889        1        3
2355        3889        1        3
2302        3916        1        3
2275        3916        1        3
2249        3942        1        3
2196        3942        1        3
2170        3942        1        3
2170        3969        1        3
2143        3969        1        3
2117        3969        1        3
2143        3969        1        3
2143        3942        1        3
2170        3942        1        3
2170        3916        1        3
2196        3916        1        3
2223        3916        1        3
2249        3916        1        3
2275        3916        1        3
2302        3916        1        3
2355        3916        1        3
2408        3916        1        3
2434        3916        1        3
2487        3942        1        3
2540        3969        1        3
2593        3995        1        3
2646        4022        1        3
2699        4048        1        3
2752        4101        1        3
2805        4154        1        3
2831        4180        1        3
2884        4207        1        3
2937        4260        1        3
2963        4286        1        3
2990        4286        1        3
2990        4313        1        3
3016        4313        1        3
3016        4339        1        3
3043        4313        1        3
3043        4286        1        3
3069        4260        1        3
3069        4233        1        3
PEN_UP                  0
END_CHARACTER: STH
