CHARACTER_NAME: MTA
STROKE_COUNT: 3
  X           Y   STYLUS_STATE STROKE
PEN_DOWN
1349        1376        1        1
1323        1376        1        1
1349        1376        1        1
1376        1376        1        1
1429        1349        1        1
1482        1349        1        1
1561        1349        1        1
1640        1349        1        1
1746        1349        1        1
1826        1349        1        1
1931        1349        1        1
2037        1349        1        1
2143        1376        1        1
2223        1376        1        1
2328        1376        1        1
2434        1376        1        1
2540        1376        1        1
2646        1349        1        1
2725        1349        1        1
2805        1349        1        1
2884        1349        1        1
2963        1349        1        1
2990        1349        1        1
3043        1349        1        1
3069        1349        1        1
3069        1323        1        1
3096        1323        1        1
3096        1349        1        1
3069        1349        1        1
3043        1349        1        1
PEN_UP                  0
PEN_DOWN
1984        1455        1        2
2011        1482        1        2
2037        1508        1        2
2037        1535        1        2
2037        1561        1        2
2064        1588        1        2
2064        1614        1        2
2064        1640        1        2
2064        1667        1        2
2064        1720        1        2
2064        1746        1        2
2090        1773        1        2
2090        1826        1        2
2090        1852        1        2
2090        1905        1        2
2090        1958        1        2
2090        2011        1        2
2090        2064        1        2
2090        2090        1        2
2090        2143        1        2
2090        2196        1        2
2090        2223        1        2
2090        2275        1        2
2090        2302        1        2
2090        2328        1        2
2090        2381        1        2
2090        2408        1        2
2064        2434        1        2
2064        2461        1        2
2064        2487        1        2
2064        2514        1        2
2064        2540        1        2
2064        2566        1        2
2064        2593        1        2
2090        2619        1        2
2090        2646        1        2
2090        2672        1        2
2090        2699        1        2
2117        2699        1        2
2117        2725        1        2
2143        2752        1        2
2143        2778        1        2
2170        2778        1        2
2196        2778        1        2
2223        2805        1        2
2249        2805        1        2
2275        2805        1        2
2328        2778        1        2
2355        2778        1        2
2408        2778        1        2
2434        2778        1        2
2487        2778        1        2
2514        2778        1        2
2566        2778        1        2
2593        2752        1        2
2619        2752        1        2
2646        2752        1        2
2672        2752        1        2
2699        2725        1        2
2725        2725        1        2
2752        2699        1        2
2805        2672        1        2
2831        2672        1        2
2858        2646        1        2
2884        2646        1        2
2910        2619        1        2
2937        2593        1        2
2937        2566        1        2
2963        2566        1        2
2990        2540        1        2
2990        2514        1        2
3016        2487        1        2
3016        2461        1        2
3043        2434        1        2
3043        2408        1        2
3069        2381        1        2
3069        2355        1        2
3043        2355        1        2
3043        2328        1        2
3016        2302        1        2
2990        2275        1        2
2990        2302        1        2
2963        2302        1        2
2937        2302        1        2
2910        2328        1        2
2884        2328        1        2
2858        2328        1        2
2831        2355        1        2
2805        2355        1        2
2831        2355        1        2
2858        2328        1        2
2884        2302        1        2
2884        2275        1        2
PEN_UP                  0
PEN_DOWN
2461        1296        1        3
2461        1323        1        3
2461        1349        1        3
2461        1376        1        3
2461        1349        1        3
2487        1323        1        3
2487        1296        1        3
2514        1270        1        3
2514        1244        1        3
2487        1244        1        3
2487        1217        1        3
2487        1191        1        3
2461        1191        1        3
2434        1164        1        3
2408        1164        1        3
2381        1138        1        3
2328        1111        1        3
2302        1111        1        3
2249        1085        1        3
2196        1058        1        3
2143        1032        1        3
2090        1005        1        3
2037         979        1        3
2011         926        1        3
1984         900        1        3
1958         873        1        3
1931         847        1        3
1905         820        1        3
1879         794        1        3
1879         767        1        3
1852         741        1        3
1852         714        1        3
1826         688        1        3
1826         661        1        3
1852         635        1        3
1852         609        1        3
1852         582        1        3
1879         529        1        3
1879         503        1        3
1905         503        1        3
1905         476        1        3
1905         450        1        3
1931         450        1        3
1931         423        1        3
1958         423        1        3
PEN_UP                  0
END_CHARACTER: MTA
