CHARACTER_NAME: DHA
STROKE_COUNT: 2
  X           Y   STYLUS_STATE STROKE
PEN_DOWN
3519        1032        1        1
3493        1032        1        1
3493        1058        1        1
3466        1058        1        1
3440        1085        1        1
3413        1111        1        1
3387        1138        1        1
3334        1191        1        1
3281        1244        1        1
3228        1270        1        1
3175        1323        1        1
3122        1349        1        1
3069        1402        1        1
3016        1455        1        1
2937        1482        1        1
2884        1535        1        1
2831        1561        1        1
2778        1614        1        1
2699        1640        1        1
2646        1693        1        1
2566        1746        1        1
2514        1773        1        1
2461        1799        1        1
2434        1826        1        1
2381        1852        1        1
2355        1879        1        1
2328        1905        1        1
2302        1931        1        1
2275        1958        1        1
2249        1958        1        1
2249        1984        1        1
2275        2011        1        1
2302        2011        1        1
2355        2011        1        1
2381        2037        1        1
2434        2037        1        1
2487        2037        1        1
2540        2037        1        1
2593        2064        1        1
2646        2064        1        1
2725        2064        1        1
2778        2090        1        1
2831        2090        1        1
2858        2090        1        1
2910        2117        1        1
2963        2143        1        1
3016        2170        1        1
3069        2170        1        1
3122        2196        1        1
3175        2223        1        1
3228        2249        1        1
3254        2275        1        1
3307        2302        1        1
3334        2328        1        1
3387        2355        1        1
3413        2381        1        1
3440        2408        1        1
3466        2434        1        1
3493        2461        1        1
3519        2461        1        1
3545        2487        1        1
3572        2514        1        1
3598        2540        1        1
3598        2566        1        1
3625        2593        1        1
3651        2593        1        1
3651        2619        1        1
3678        2619        1        1
3678        2646        1        1
3704        2646        1        1
3678        2646        1        1
3678        2619        1        1
3678        2593        1        1
3651        2566        1        1
3651        2540        1        1
3625        2514        1        1
3625        2461        1        1
3625        2434        1        1
3625        2408        1        1
3598        2355        1        1
3598        2328        1        1
3598        2275        1        1
3598        2249        1        1
3598        2196        1        1
3572        2143        1        1
3572        2090        1        1
3572        2064        1        1
3572        2011        1        1
3572        1984        1        1
3572        1931        1        1
3572        1905        1        1
3572        1879        1        1
3545        1826        1        1
3545        1799        1        1
3545        1773        1        1
3545        1720        1        1
3545        1693        1        1
3545        1667        1        1
3519        1640        1        1
3519        1614        1        1
3519        1588        1        1
3519        1561        1        1
3519        1535        1        1
3519        1508        1        1
3519        1482        1        1
3519        1455        1        1
3519        1429        1        1
3519        1402        1        1
3519        1376        1        1
3519        1349        1        1
3519        1323        1        1
3545        1296        1        1
3545        1270        1        1
3545        1244        1        1
3519        1244        1        1
3519        1217        1        1
3519        1191        1        1
3545        1191        1        1
3545        1164        1        1
3545        1138        1        1
3545        1111        1        1
3545        1085        1        1
3545        1058        1        1
3545        1085        1        1
3545        1058        1        1
3519        1058        1        1
3545        1085        1        1
3572        1085        1        1
3598        1085        1        1
3651        1085        1        1
3678        1085        1        1
3704        1085        1        1
3757        1111        1        1
3784        1111        1        1
3810        1111        1        1
3836        1111        1        1
3863        1111        1        1
3889        1111        1        1
3916        1085        1        1
3942        1085        1        1
3969        1085        1        1
3942        1085        1        1
PEN_UP                  0
PEN_DOWN
2990        1482        1        2
2963        1508        1        2
2937        1508        1        2
2910        1508        1        2
2884        1508        1        2
2858        1508        1        2
2831        1508        1        2
2805        1508        1        2
2778        1508        1        2
2752        1508        1        2
2752        1482        1        2
2725        1482        1        2
2699        1482        1        2
2672        1482        1        2
2646        1455        1        2
2619        1455        1        2
2593        1429        1        2
2566        1429        1        2
2566        1402        1        2
2540        1402        1        2
2514        1376        1        2
2487        1349        1        2
2461        1349        1        2
2461        1323        1        2
2434        1323        1        2
2434        1296        1        2
2408        1296        1        2
2408        1270        1        2
2408        1244        1        2
2381        1217        1        2
2381        1191        1        2
2381        1164        1        2
2355        1138        1        2
2355        1111        1        2
2355        1085        1        2
2355        1058        1        2
2355        1032        1        2
2381        1005        1        2
2381         979        1        2
2408         953        1        2
2408         926        1        2
2434         926        1        2
2434         900        1        2
2461         900        1        2
2487         873        1        2
2514         873        1        2
2540         873        1        2
2566         847        1        2
2593         847        1        2
2619         847        1        2
2646         847        1        2
2646         873        1        2
2672         873        1        2
2699         900        1        2
2725         926        1        2
2752         953        1        2
2752         979        1        2
2778        1005        1        2
2778        1032        1        2
2778        1058        1        2
2752        1058        1        2
2752        1085        1        2
2725        1085        1        2
2699        1085        1        2
2672        1085        1        2
2672        1058        1        2
2646        1058        1        2
2646        1032        1        2
PEN_UP                  0
END_CHARACTER: DHA
