CHARACTER_NAME: LA
STROKE_COUNT: 3
  X           Y   STYLUS_STATE STROKE
PEN_DOWN
1455        1588        1        1
1429        1588        1        1
1402        1588        1        1
1429        1588        1        1
1455        1588        1        1
1508        1588        1        1
1588        1561        1        1
1667        1561        1        1
1773        1561        1        1
1852        1561        1        1
1958        1561        1        1
2064        1561        1        1
2143        1561        1        1
2249        1561        1        1
2328        1561        1        1
2381        1561        1        1
2461        1561        1        1
2514        1588        1        1
2566        1588        1        1
2593        1588        1        1
2619        1588        1        1
2672        1588        1        1
2699        1588        1        1
2725        1588        1        1
2699        1588        1        1
PEN_UP                  0
PEN_DOWN
2778        1588        1        2
2752        1614        1        2
2752        1640        1        2
2725        1667        1        2
2725        1693        1        2
2725        1720        1        2
2725        1746        1        2
2725        1799        1        2
2752        1826        1        2
2752        1879        1        2
2752        1931        1        2
2778        2011        1        2
2778        2064        1        2
2778        2143        1        2
2805        2196        1        2
2805        2275        1        2
2805        2355        1        2
2805        2408        1        2
2805        2487        1        2
2805        2566        1        2
2805        2619        1        2
2831        2699        1        2
2831        2752        1        2
2831        2831        1        2
2831        2884        1        2
2831        2937        1        2
2831        2990        1        2
2831        3016        1        2
2858        3069        1        2
2858        3096        1        2
2858        3122        1        2
2858        3096        1        2
2831        3096        1        2
2831        3069        1        2
2831        3043        1        2
2831        3016        1        2
PEN_UP                  0
PEN_DOWN
2752        2566        1        3
2752        2540        1        3
2752        2514        1        3
2752        2487        1        3
2725        2461        1        3
2725        2434        1        3
2725        2408        1        3
2725        2381        1        3
2699        2355        1        3
2699        2328        1        3
2672        2302        1        3
2672        2275        1        3
2646        2275        1        3
2619        2249        1        3
2593        2223        1        3
2566        2223        1        3
2514        2196        1        3
2487        2196        1        3
2461        2196        1        3
2434        2196        1        3
2408        2196        1        3
2381        2196        1        3
2328        2196        1        3
2302        2223        1        3
2275        2223        1        3
2249        2223        1        3
2223        2249        1        3
2196        2275        1        3
2170        2302        1        3
2143        2328        1        3
2143        2355        1        3
2117        2381        1        3
2117        2408        1        3
2117        2461        1        3
2090        2487        1        3
2090        2540        1        3
2090        2566        1        3
2090        2593        1        3
2090        2619        1        3
2090        2646        1        3
2090        2672        1        3
2090        2646        1        3
2064        2646        1        3
2064        2619        1        3
2064        2593        1        3
2064        2566        1        3
2037        2514        1        3
2037        2487        1        3
2037        2461        1        3
2037        2408        1        3
2011        2381        1        3
2011        2355        1        3
1984        2328        1        3
1958        2302        1        3
1958        2275        1        3
1931        2249        1        3
1905        2223        1        3
1879        2223        1        3
1879        2196        1        3
1852        2196        1        3
1826        2170        1        3
1799        2170        1        3
1773        2143        1        3
1746        2143        1        3
1720        2143        1        3
1693        2117        1        3
1667        2117        1        3
1640        2117        1        3
1614        2143        1        3
1588        2143        1        3
1561        2143        1        3
1535        2170        1        3
1508        2196        1        3
1482        2196        1        3
1455        2223        1        3
1429        2249        1        3
1402        2275        1        3
1376        2302        1        3
1349        2328        1        3
1323        2355        1        3
1296        2381        1        3
1270        2408        1        3
1270        2434        1        3
1244        2487        1        3
1217        2514        1        3
1217        2540        1        3
1191        2566        1        3
1191        2593        1        3
1191        2619        1        3
1191        2646        1        3
1217        2672        1        3
1217        2699        1        3
1217        2725        1        3
1244        2725        1        3
1270        2752        1        3
1270        2778        1        3
1296        2805        1        3
1323        2831        1        3
1349        2858        1        3
1376        2858        1        3
1402        2884        1        3
1429        2884        1        3
1455        2910        1        3
1508        2910        1        3
1535        2910        1        3
1561        2937        1        3
1588        2937        1        3
1614        2937        1        3
1640        2937        1        3
1667        2937        1        3
1693        2910        1        3
1720        2910        1        3
1720        2884        1        3
1746        2884        1        3
PEN_UP                  0
END_CHARACTER: LA
