CHARACTER_NAME: ANSR
STROKE_COUNT: 2
  X           Y   STYLUS_STATE STROKE
PEN_DOWN
1085        1455        1        1
1058        1429        1        1
1032        1429        1        1
1032        1402        1        1
1058        1402        1        1
1085        1402        1        1
1111        1429        1        1
1164        1455        1        1
1244        1482        1        1
1296        1508        1        1
1376        1588        1        1
1429        1667        1        1
1482        1746        1        1
1535        1905        1        1
1588        2037        1        1
1614        2196        1        1
1667        2355        1        1
1693        2487        1        1
1746        2593        1        1
1773        2699        1        1
1799        2778        1        1
1826        2858        1        1
1852        2910        1        1
1879        2963        1        1
1879        3016        1        1
1905        3043        1        1
1905        3069        1        1
1905        3096        1        1
1931        3096        1        1
1931        3069        1        1
1931        3043        1        1
1931        2990        1        1
1905        2937        1        1
PEN_UP                  0
PEN_DOWN
1773        1111        1        2
1746        1138        1        2
1746        1164        1        2
1720        1164        1        2
1720        1191        1        2
1720        1217        1        2
1693        1244        1        2
1693        1270        1        2
1693        1296        1        2
1693        1323        1        2
1693        1349        1        2
1693        1376        1        2
1693        1402        1        2
1693        1429        1        2
1693        1455        1        2
1720        1482        1        2
1720        1508        1        2
1720        1535        1        2
1720        1561        1        2
1720        1588        1        2
1746        1614        1        2
1746        1640        1        2
1773        1640        1        2
1773        1667        1        2
1799        1667        1        2
1826        1693        1        2
1852        1693        1        2
1879        1693        1        2
1905        1720        1        2
1931        1720        1        2
1958        1720        1        2
1984        1720        1        2
2011        1720        1        2
2037        1720        1        2
2037        1693        1        2
2064        1693        1        2
2090        1667        1        2
2117        1667        1        2
2117        1640        1        2
2143        1640        1        2
2143        1614        1        2
2143        1588        1        2
2143        1561        1        2
2143        1535        1        2
2143        1508        1        2
2143        1482        1        2
2143        1455        1        2
2117        1429        1        2
2117        1402        1        2
2117        1376        1        2
2117        1349        1        2
2117        1323        1        2
2090        1323        1        2
2090        1296        1        2
2090        1270        1        2
2064        1244        1        2
2064        1217        1        2
2037        1191        1        2
2037        1164        1        2
2011        1164        1        2
1984        1138        1        2
1958        1138        1        2
1931        1138        1        2
1905        1138        1        2
1879        1164        1        2
1879        1191        1        2
PEN_UP                  0
END_CHARACTER: ANSR
