CHARACTER_NAME: UU
STROKE_COUNT: 5
  X           Y   STYLUS_STATE STROKE
PEN_DOWN
1588        1376        1        1
1561        1376        1        1
1588        1402        1        1
1614        1402        1        1
1640        1402        1        1
1667        1402        1        1
1720        1402        1        1
1773        1402        1        1
1852        1402        1        1
1931        1376        1        1
2037        1376        1        1
2143        1376        1        1
2249        1349        1        1
2381        1349        1        1
2514        1349        1        1
2646        1349        1        1
2778        1323        1        1
2910        1323        1        1
3016        1323        1        1
3122        1323        1        1
3228        1323        1        1
3334        1349        1        1
3413        1349        1        1
3493        1349        1        1
3545        1349        1        1
3598        1349        1        1
3625        1349        1        1
3651        1349        1        1
3678        1349        1        1
3651        1349        1        1
PEN_UP                  0
PEN_DOWN
2752        1429        1        2
2725        1429        1        2
2725        1455        1        2
2699        1482        1        2
2699        1508        1        2
2699        1535        1        2
2699        1561        1        2
2672        1561        1        2
2672        1588        1        2
2672        1614        1        2
2672        1640        1        2
2672        1667        1        2
2672        1693        1        2
2672        1720        1        2
2672        1773        1        2
2646        1799        1        2
2646        1826        1        2
2646        1852        1        2
2646        1905        1        2
2646        1931        1        2
2646        1958        1        2
2646        1984        1        2
2646        2011        1        2
2619        2037        1        2
2646        2064        1        2
2646        2117        1        2
2646        2143        1        2
2646        2170        1        2
2646        2196        1        2
2646        2223        1        2
2646        2249        1        2
2672        2249        1        2
2672        2275        1        2
2672        2302        1        2
2699        2328        1        2
2725        2328        1        2
2752        2355        1        2
2778        2355        1        2
2805        2355        1        2
2831        2355        1        2
2858        2355        1        2
2884        2328        1        2
2937        2328        1        2
2963        2328        1        2
2990        2328        1        2
3043        2302        1        2
3069        2302        1        2
3122        2275        1        2
3149        2249        1        2
3175        2223        1        2
3228        2196        1        2
3254        2196        1        2
3281        2170        1        2
3307        2143        1        2
3334        2143        1        2
3334        2117        1        2
3360        2117        1        2
3360        2090        1        2
3387        2090        1        2
3387        2064        1        2
3413        2064        1        2
3440        2064        1        2
3413        2064        1        2
3387        2090        1        2
3360        2117        1        2
3360        2143        1        2
3334        2170        1        2
3334        2196        1        2
3334        2223        1        2
3334        2249        1        2
3307        2275        1        2
3307        2302        1        2
3281        2328        1        2
3281        2381        1        2
3281        2408        1        2
3254        2434        1        2
3254        2461        1        2
3228        2487        1        2
3228        2514        1        2
3201        2540        1        2
3201        2566        1        2
3175        2593        1        2
3149        2619        1        2
3149        2646        1        2
3122        2672        1        2
3096        2699        1        2
3069        2725        1        2
3043        2725        1        2
3016        2752        1        2
3016        2778        1        2
2990        2805        1        2
2963        2831        1        2
2910        2831        1        2
2884        2858        1        2
2858        2884        1        2
2831        2884        1        2
2778        2910        1        2
2752        2910        1        2
2725        2937        1        2
2699        2937        1        2
2672        2937        1        2
2646        2937        1        2
2619        2937        1        2
2593        2937        1        2
2566        2937        1        2
2540        2937        1        2
2514        2910        1        2
2487        2910        1        2
2461        2910        1        2
2434        2884        1        2
2408        2884        1        2
2381        2858        1        2
2355        2831        1        2
2328        2831        1        2
2302        2805        1        2
2275        2805        1        2
2249        2778        1        2
2223        2752        1        2
2223        2725        1        2
2196        2699        1        2
2196        2672        1        2
2170        2646        1        2
2143        2619        1        2
2143        2593        1        2
2143        2566        1        2
2117        2540        1        2
2117        2514        1        2
2090        2461        1        2
2090        2408        1        2
2064        2381        1        2
2064        2328        1        2
2064        2275        1        2
2037        2223        1        2
2037        2170        1        2
2037        2143        1        2
2011        2090        1        2
2011        2064        1        2
2011        2037        1        2
2011        2011        1        2
2011        1984        1        2
1984        1958        1        2
1984        1931        1        2
1984        1905        1        2
1984        1879        1        2
1984        1852        1        2
1984        1826        1        2
1984        1799        1        2
1958        1773        1        2
1958        1746        1        2
1958        1720        1        2
PEN_UP                  0
PEN_DOWN
PEN_UP                  0
2487        2963        1        3
PEN_DOWN
2487        2963        1        4
2461        2990        1        4
2434        2990        1        4
2408        2990        1        4
2381        3016        1        4
2355        3016        1        4
2328        3016        1        4
2302        3016        1        4
2275        3016        1        4
2249        3016        1        4
2223        3016        1        4
2196        3016        1        4
2196        2990        1        4
2170        2990        1        4
2170        2963        1        4
2143        2963        1        4
2117        2937        1        4
2090        2937        1        4
2090        2910        1        4
2064        2910        1        4
2037        2884        1        4
2037        2858        1        4
2011        2858        1        4
2011        2831        1        4
1984        2831        1        4
1984        2805        1        4
1958        2805        1        4
1958        2778        1        4
1931        2778        1        4
1931        2752        1        4
1905        2725        1        4
1905        2699        1        4
1905        2672        1        4
1879        2672        1        4
1879        2646        1        4
1879        2619        1        4
1852        2593        1        4
1852        2566        1        4
1852        2540        1        4
1852        2514        1        4
1826        2487        1        4
1826        2461        1        4
1826        2434        1        4
1826        2408        1        4
1799        2408        1        4
1799        2381        1        4
1799        2355        1        4
1773        2328        1        4
1773        2302        1        4
1773        2275        1        4
1746        2249        1        4
1746        2223        1        4
1746        2196        1        4
1720        2196        1        4
1720        2170        1        4
1720        2143        1        4
1720        2117        1        4
1693        2090        1        4
1693        2064        1        4
1693        2037        1        4
1693        2011        1        4
1693        1984        1        4
1667        1958        1        4
1667        1931        1        4
1667        1905        1        4
1667        1879        1        4
1640        1879        1        4
1667        1852        1        4
1667        1826        1        4
PEN_UP                  0
PEN_DOWN
2752        1376        1        5
2778        1376        1        5
2778        1349        1        5
2805        1323        1        5
2831        1296        1        5
2831        1270        1        5
2858        1244        1        5
2858        1217        1        5
2858        1191        1        5
2858        1164        1        5
2831        1138        1        5
2805        1111        1        5
2805        1085        1        5
2778        1058        1        5
2725        1032        1        5
2699        1005        1        5
2646        1005        1        5
2619         979        1        5
2566         953        1        5
2540         926        1        5
2514         900        1        5
2487         873        1        5
2461         847        1        5
2461         820        1        5
2434         820        1        5
2434         794        1        5
2408         767        1        5
2408         741        1        5
2381         714        1        5
2381         688        1        5
2381         661        1        5
2381         635        1        5
2408         609        1        5
2408         582        1        5
2408         556        1        5
2408         529        1        5
2434         503        1        5
2461         476        1        5
2487         476        1        5
2514         450        1        5
2540         423        1        5
2566         423        1        5
2566         397        1        5
2593         397        1        5
2619         370        1        5
2619         397        1        5
PEN_UP                  0
END_CHARACTER: UU
