CHARACTER_NAME: MDD
STROKE_COUNT: 4
  X           Y   STYLUS_STATE STROKE
PEN_DOWN
1032         847        1        1
1005         847        1        1
 979         820        1        1
 953         820        1        1
 979         820        1        1
1005         820        1        1
1058         820        1        1
1138         820        1        1
1217         794        1        1
1296         794        1        1
1402         794        1        1
1482         767        1        1
1561         767        1        1
1640         767        1        1
1693         767        1        1
1746         767        1        1
1773         767        1        1
1799         767        1        1
1826         767        1        1
1852         767        1        1
PEN_UP                  0
PEN_DOWN
1614         820        1        2
1614         794        1        2
1614         820        1        2
1588         820        1        2
1614         847        1        2
1588         847        1        2
1588         873        1        2
1588         900        1        2
1588         926        1        2
1588         953        1        2
1588        1005        1        2
1588        1058        1        2
1561        1111        1        2
1561        1164        1        2
1561        1217        1        2
1561        1270        1        2
1535        1323        1        2
1535        1349        1        2
1535        1376        1        2
1535        1402        1        2
1535        1429        1        2
1535        1455        1        2
1508        1482        1        2
1508        1508        1        2
1535        1508        1        2
1561        1508        1        2
1588        1482        1        2
1614        1482        1        2
1667        1482        1        2
1693        1455        1        2
1746        1455        1        2
1799        1455        1        2
1826        1455        1        2
1852        1429        1        2
1879        1429        1        2
1905        1429        1        2
1931        1455        1        2
1958        1455        1        2
1958        1482        1        2
1958        1508        1        2
1958        1535        1        2
1984        1561        1        2
1958        1588        1        2
1958        1614        1        2
1958        1640        1        2
1958        1667        1        2
1931        1693        1        2
1931        1720        1        2
1905        1746        1        2
1905        1773        1        2
1905        1799        1        2
1879        1826        1        2
1852        1852        1        2
1826        1879        1        2
1773        1905        1        2
1746        1958        1        2
1693        1984        1        2
1640        2011        1        2
1588        2037        1        2
1535        2037        1        2
1508        2064        1        2
1455        2064        1        2
1402        2090        1        2
1349        2090        1        2
1323        2090        1        2
1270        2117        1        2
1217        2117        1        2
1164        2117        1        2
1111        2117        1        2
1058        2090        1        2
1032        2090        1        2
 979        2064        1        2
 953        2064        1        2
 900        2037        1        2
 873        2011        1        2
 820        1984        1        2
 794        1958        1        2
 767        1958        1        2
 741        1931        1        2
 714        1905        1        2
 688        1879        1        2
 688        1852        1        2
 661        1826        1        2
 661        1799        1        2
 635        1773        1        2
 609        1746        1        2
 609        1720        1        2
 582        1693        1        2
 582        1667        1        2
 556        1640        1        2
 556        1614        1        2
 582        1588        1        2
PEN_UP                  0
PEN_DOWN
1693         767        1        3
1720         767        1        3
1746         767        1        3
1773         767        1        3
1799         767        1        3
1826         767        1        3
1852         767        1        3
1905         767        1        3
1958         767        1        3
2011         767        1        3
2090         767        1        3
2170         741        1        3
2249         741        1        3
2302         741        1        3
2381         741        1        3
2408         741        1        3
2461         741        1        3
2487         741        1        3
2514         741        1        3
2540         741        1        3
2514         741        1        3
PEN_UP                  0
PEN_DOWN
2249         794        1        4
2275         794        1        4
2302         794        1        4
2328         794        1        4
2355         820        1        4
2355         847        1        4
2355         873        1        4
2355         900        1        4
2355         953        1        4
2355         979        1        4
2355        1032        1        4
2328        1058        1        4
2328        1111        1        4
2328        1138        1        4
2328        1191        1        4
2328        1217        1        4
2328        1270        1        4
2302        1296        1        4
2302        1323        1        4
2302        1349        1        4
2302        1376        1        4
2302        1402        1        4
2302        1429        1        4
2302        1455        1        4
2302        1482        1        4
2328        1482        1        4
2328        1508        1        4
2355        1508        1        4
2381        1508        1        4
2408        1508        1        4
2434        1508        1        4
2487        1508        1        4
2514        1482        1        4
2566        1482        1        4
2619        1482        1        4
2672        1455        1        4
2725        1455        1        4
2778        1429        1        4
2805        1429        1        4
2831        1429        1        4
2858        1429        1        4
2858        1402        1        4
2884        1402        1        4
2910        1402        1        4
2884        1429        1        4
2884        1455        1        4
2884        1482        1        4
2884        1508        1        4
2884        1535        1        4
2884        1561        1        4
2910        1561        1        4
2910        1588        1        4
2910        1614        1        4
2910        1640        1        4
2910        1667        1        4
2884        1693        1        4
2884        1720        1        4
2884        1746        1        4
2858        1773        1        4
2858        1799        1        4
2858        1826        1        4
2858        1852        1        4
2858        1879        1        4
2858        1905        1        4
2831        1931        1        4
2831        1958        1        4
2831        1984        1        4
2805        1984        1        4
2805        2011        1        4
2778        2011        1        4
2778        2037        1        4
2778        2064        1        4
2752        2064        1        4
2752        2090        1        4
2725        2117        1        4
2699        2143        1        4
2672        2143        1        4
2672        2170        1        4
2646        2170        1        4
2646        2196        1        4
2619        2196        1        4
2593        2223        1        4
2566        2249        1        4
2540        2249        1        4
2514        2275        1        4
2487        2275        1        4
2461        2302        1        4
2434        2302        1        4
2408        2302        1        4
2408        2328        1        4
2381        2328        1        4
2355        2328        1        4
2355        2355        1        4
2328        2355        1        4
2302        2355        1        4
2275        2381        1        4
2249        2381        1        4
2223        2381        1        4
2196        2408        1        4
2170        2408        1        4
2143        2408        1        4
2117        2408        1        4
2090        2408        1        4
2064        2408        1        4
2037        2408        1        4
2037        2381        1        4
2011        2381        1        4
1984        2381        1        4
1958        2381        1        4
1958        2355        1        4
1931        2355        1        4
1905        2355        1        4
1879        2328        1        4
1852        2302        1        4
1826        2275        1        4
1799        2275        1        4
1799        2249        1        4
1799        2223        1        4
1773        2223        1        4
1773        2196        1        4
1773        2170        1        4
1746        2170        1        4
1746        2143        1        4
1746        2117        1        4
1746        2090        1        4
1720        2090        1        4
1746        2064        1        4
1720        2064        1        4
1720        2037        1        4
1720        2011        1        4
1720        1984        1        4
1720        1958        1        4
PEN_UP                  0
END_CHARACTER: MDD
