CHARACTER_NAME: BD
STROKE_COUNT: 3
  X           Y   STYLUS_STATE STROKE
PEN_DOWN
1032         926        1        1
1005         926        1        1
1005         953        1        1
 979         953        1        1
 979         926        1        1
 979         900        1        1
1005         900        1        1
1005         873        1        1
1032         873        1        1
1058         847        1        1
1085         847        1        1
1111         847        1        1
1138         847        1        1
1164         847        1        1
1191         873        1        1
1244         873        1        1
1296         900        1        1
1349         900        1        1
1402         900        1        1
1482         926        1        1
1535         926        1        1
1588         926        1        1
PEN_UP                  0
PEN_DOWN
1773         873        1        2
1746         873        1        2
1720         873        1        2
1720         900        1        2
1693         900        1        2
1667         926        1        2
1640         953        1        2
1614        1005        1        2
1561        1058        1        2
1508        1085        1        2
1455        1138        1        2
1402        1191        1        2
1323        1244        1        2
1270        1296        1        2
1217        1349        1        2
1164        1402        1        2
1138        1455        1        2
1085        1482        1        2
1058        1508        1        2
1032        1561        1        2
1005        1588        1        2
1005        1614        1        2
 979        1614        1        2
 979        1640        1        2
 979        1667        1        2
1005        1693        1        2
1032        1667        1        2
1058        1667        1        2
1085        1667        1        2
1111        1667        1        2
1138        1667        1        2
1164        1667        1        2
1191        1667        1        2
1217        1667        1        2
1244        1667        1        2
1296        1667        1        2
1349        1693        1        2
1402        1693        1        2
1429        1720        1        2
1482        1746        1        2
1508        1773        1        2
1535        1799        1        2
1561        1826        1        2
1588        1852        1        2
1588        1879        1        2
1614        1905        1        2
1614        1931        1        2
1640        1958        1        2
1640        1984        1        2
1667        1984        1        2
1640        1984        1        2
1640        1958        1        2
1640        1931        1        2
1640        1905        1        2
1640        1879        1        2
1640        1852        1        2
1640        1799        1        2
1640        1773        1        2
1667        1720        1        2
1640        1667        1        2
1640        1614        1        2
1640        1535        1        2
1640        1482        1        2
1667        1402        1        2
1667        1323        1        2
1667        1244        1        2
1640        1191        1        2
1640        1111        1        2
1640        1058        1        2
1640        1032        1        2
1640         979        1        2
1640         953        1        2
1640         926        1        2
1640         900        1        2
1640         873        1        2
1640         847        1        2
1667         847        1        2
1667         873        1        2
1667         900        1        2
PEN_UP                  0
PEN_DOWN
1640        2037        1        3
1640        2011        1        3
1667        2011        1        3
1667        1984        1        3
1693        1958        1        3
1720        1931        1        3
1746        1905        1        3
1799        1852        1        3
1826        1826        1        3
1879        1773        1        3
1931        1746        1        3
2011        1693        1        3
2064        1667        1        3
2117        1640        1        3
2170        1588        1        3
2223        1588        1        3
2275        1561        1        3
2328        1561        1        3
2355        1561        1        3
2381        1535        1        3
2408        1535        1        3
2408        1561        1        3
2381        1561        1        3
2355        1588        1        3
2355        1614        1        3
2328        1614        1        3
2302        1640        1        3
2275        1667        1        3
2275        1693        1        3
2249        1693        1        3
2249        1720        1        3
2223        1746        1        3
2223        1799        1        3
2196        1826        1        3
2196        1852        1        3
2170        1905        1        3
2170        1931        1        3
2143        1984        1        3
2143        2037        1        3
2143        2090        1        3
2117        2143        1        3
2117        2196        1        3
2090        2249        1        3
2090        2302        1        3
2090        2328        1        3
2064        2381        1        3
2064        2408        1        3
2064        2461        1        3
2090        2487        1        3
2090        2514        1        3
2090        2540        1        3
2090        2566        1        3
2117        2593        1        3
2143        2619        1        3
2143        2646        1        3
2170        2672        1        3
2196        2699        1        3
2249        2699        1        3
2275        2725        1        3
2328        2752        1        3
2355        2752        1        3
2408        2752        1        3
2461        2752        1        3
2540        2752        1        3
2593        2725        1        3
2619        2699        1        3
2672        2699        1        3
2699        2672        1        3
2725        2672        1        3
2752        2646        1        3
2778        2619        1        3
2778        2593        1        3
PEN_UP                  0
END_CHARACTER: BD
