CHARACTER_NAME: MP
STROKE_COUNT: 3
  X           Y   STYLUS_STATE STROKE
PEN_DOWN
1111        2037        1        1
1111        2011        1        1
1085        2011        1        1
1085        1984        1        1
1058        1958        1        1
1058        1931        1        1
1085        1958        1        1
1111        1958        1        1
1164        1958        1        1
1217        1958        1        1
1296        1958        1        1
1376        1958        1        1
1455        1958        1        1
1508        1958        1        1
1588        1958        1        1
1614        1958        1        1
1667        1958        1        1
1693        1958        1        1
1693        1931        1        1
1720        1931        1        1
1693        1931        1        1
1693        1905        1        1
1667        1905        1        1
1640        1905        1        1
1614        1905        1        1
1588        1905        1        1
1561        1905        1        1
1508        1931        1        1
1482        1931        1        1
1429        1958        1        1
1402        1984        1        1
1349        2011        1        1
1323        2037        1        1
1296        2064        1        1
1296        2090        1        1
1270        2117        1        1
1270        2143        1        1
1270        2170        1        1
1296        2196        1        1
1323        2196        1        1
1349        2223        1        1
1402        2223        1        1
1429        2223        1        1
1455        2249        1        1
1482        2275        1        1
1508        2275        1        1
1508        2302        1        1
1535        2355        1        1
1508        2381        1        1
1508        2408        1        1
1508        2434        1        1
1482        2487        1        1
1482        2514        1        1
1455        2540        1        1
1429        2540        1        1
1402        2540        1        1
1376        2540        1        1
1349        2514        1        1
1323        2487        1        1
1296        2487        1        1
1296        2461        1        1
1296        2434        1        1
1323        2408        1        1
1349        2381        1        1
1402        2381        1        1
1429        2355        1        1
1482        2355        1        1
1535        2355        1        1
1588        2355        1        1
1614        2355        1        1
1667        2381        1        1
1693        2381        1        1
1693        2408        1        1
1720        2434        1        1
1720        2487        1        1
1720        2514        1        1
1720        2540        1        1
1720        2566        1        1
1720        2593        1        1
1746        2593        1        1
1746        2619        1        1
1773        2593        1        1
1799        2566        1        1
1799        2514        1        1
1826        2461        1        1
1852        2408        1        1
1852        2328        1        1
1852        2249        1        1
1879        2170        1        1
1879        2090        1        1
1879        2011        1        1
1879        1958        1        1
1879        1905        1        1
1879        1852        1        1
1879        1826        1        1
1879        1852        1        1
1879        1879        1        1
1879        1905        1        1
1879        1958        1        1
1879        1984        1        1
1879        2037        1        1
1879        2064        1        1
1852        2090        1        1
1852        2117        1        1
PEN_UP                  0
PEN_DOWN
1614        3043        1        2
1588        3016        1        2
1561        3016        1        2
1561        2990        1        2
1588        2963        1        2
1588        2937        1        2
1614        2910        1        2
1640        2884        1        2
1667        2884        1        2
1667        2858        1        2
1693        2858        1        2
1693        2831        1        2
1720        2831        1        2
1746        2831        1        2
1773        2831        1        2
1799        2858        1        2
1826        2858        1        2
1879        2858        1        2
1905        2884        1        2
1931        2910        1        2
1984        2937        1        2
2011        2963        1        2
2037        2990        1        2
2064        3043        1        2
2064        3096        1        2
2090        3122        1        2
2090        3175        1        2
2117        3201        1        2
2117        3228        1        2
2117        3254        1        2
2143        3254        1        2
2143        3228        1        2
2170        3175        1        2
2170        3149        1        2
2170        3096        1        2
2196        3016        1        2
2196        2963        1        2
2223        2884        1        2
2223        2831        1        2
2223        2778        1        2
2249        2752        1        2
2249        2725        1        2
2249        2699        1        2
2249        2725        1        2
2223        2725        1        2
PEN_UP                  0
PEN_DOWN
1640        3016        1        3
1588        3016        1        3
1561        3016        1        3
1535        3016        1        3
1535        2990        1        3
1535        2963        1        3
1535        2937        1        3
1561        2910        1        3
1561        2884        1        3
1588        2858        1        3
1614        2831        1        3
1667        2805        1        3
1693        2778        1        3
1746        2725        1        3
1799        2699        1        3
1879        2672        1        3
1931        2646        1        3
1984        2619        1        3
2037        2593        1        3
2064        2593        1        3
2117        2566        1        3
2143        2593        1        3
2170        2593        1        3
2196        2619        1        3
2249        2646        1        3
2275        2699        1        3
2302        2725        1        3
2355        2778        1        3
2381        2805        1        3
2434        2858        1        3
2461        2884        1        3
2487        2937        1        3
2514        2963        1        3
2540        2990        1        3
2566        3016        1        3
2593        3043        1        3
2593        3069        1        3
2619        3096        1        3
2619        3122        1        3
2619        3149        1        3
2646        3201        1        3
2646        3228        1        3
2646        3254        1        3
2672        3281        1        3
2672        3307        1        3
2699        3307        1        3
2699        3334        1        3
2672        3307        1        3
2672        3281        1        3
2699        3228        1        3
2699        3149        1        3
2699        3069        1        3
2725        2990        1        3
2725        2884        1        3
2752        2752        1        3
2778        2619        1        3
2778        2487        1        3
2778        2328        1        3
2778        2196        1        3
2778        2064        1        3
2778        1984        1        3
2752        1879        1        3
2752        1826        1        3
2725        1773        1        3
2725        1746        1        3
2699        1720        1        3
2725        1720        1        3
2725        1746        1        3
2725        1773        1        3
2725        1799        1        3
2752        1799        1        3
2725        1799        1        3
2752        1826        1        3
2805        1826        1        3
2858        1826        1        3
2937        1826        1        3
3043        1826        1        3
3149        1826        1        3
3254        1799        1        3
3360        1799        1        3
3440        1799        1        3
3493        1799        1        3
3545        1773        1        3
3572        1773        1        3
3545        1746        1        3
3519        1746        1        3
3466        1746        1        3
3440        1746        1        3
3413        1746        1        3
3387        1773        1        3
3413        1773        1        3
3440        1773        1        3
3466        1799        1        3
3519        1773        1        3
3572        1746        1        3
3651        1720        1        3
PEN_UP                  0
END_CHARACTER: MP
