CHARACTER_NAME: SPH
STROKE_COUNT: 2
  X           Y   STYLUS_STATE STROKE
PEN_DOWN
1005        1614        1        1
1032        1614        1        1
1032        1588        1        1
1058        1588        1        1
1085        1588        1        1
1138        1588        1        1
1191        1588        1        1
1244        1588        1        1
1323        1588        1        1
1402        1588        1        1
1508        1588        1        1
1588        1561        1        1
1693        1561        1        1
1773        1561        1        1
1826        1561        1        1
1879        1561        1        1
1931        1561        1        1
1958        1561        1        1
1931        1561        1        1
1905        1561        1        1
1879        1561        1        1
1852        1561        1        1
1826        1561        1        1
1799        1561        1        1
1773        1561        1        1
1746        1588        1        1
1693        1588        1        1
1667        1588        1        1
1640        1588        1        1
1614        1614        1        1
1561        1614        1        1
1535        1640        1        1
1508        1640        1        1
1482        1667        1        1
1455        1693        1        1
1429        1720        1        1
1402        1746        1        1
1376        1773        1        1
1376        1799        1        1
1349        1826        1        1
1349        1879        1        1
1349        1905        1        1
1376        1931        1        1
1402        1958        1        1
1455        1984        1        1
1482        1958        1        1
1535        1958        1        1
1561        1931        1        1
1614        1931        1        1
1640        1905        1        1
1667        1879        1        1
1693        1852        1        1
1720        1852        1        1
1720        1826        1        1
1746        1826        1        1
1746        1799        1        1
1720        1799        1        1
1720        1826        1        1
1746        1852        1        1
1746        1879        1        1
1746        1905        1        1
1773        1931        1        1
1773        1958        1        1
1799        1984        1        1
1799        2011        1        1
1799        2037        1        1
1826        2064        1        1
1826        2090        1        1
1852        2090        1        1
1879        2090        1        1
1905        2090        1        1
1931        2064        1        1
1958        2037        1        1
2011        2011        1        1
2037        1958        1        1
2090        1931        1        1
2143        1879        1        1
2196        1826        1        1
2223        1799        1        1
2249        1773        1        1
2275        1746        1        1
2302        1720        1        1
2302        1693        1        1
2302        1667        1        1
2275        1640        1        1
2249        1640        1        1
2223        1640        1        1
2170        1640        1        1
2143        1614        1        1
2117        1614        1        1
2064        1614        1        1
2037        1588        1        1
2011        1588        1        1
2011        1561        1        1
1984        1561        1        1
1984        1535        1        1
1958        1535        1        1
1984        1535        1        1
1984        1561        1        1
1984        1588        1        1
1984        1614        1        1
PEN_UP                  0
PEN_DOWN
2064        2196        1        2
2037        2170        1        2
2037        2143        1        2
2037        2117        1        2
2011        2117        1        2
2011        2090        1        2
1984        2090        1        2
1984        2064        1        2
1958        2037        1        2
1958        2011        1        2
1984        2011        1        2
1984        1984        1        2
2011        1984        1        2
2037        1984        1        2
2064        1984        1        2
2090        1984        1        2
2117        1984        1        2
2143        2011        1        2
2170        2011        1        2
2196        2011        1        2
2249        2011        1        2
2275        2037        1        2
2302        2037        1        2
2328        2037        1        2
2355        2064        1        2
2381        2064        1        2
2381        2090        1        2
2408        2117        1        2
2408        2143        1        2
2434        2170        1        2
2461        2196        1        2
2461        2223        1        2
2461        2275        1        2
2461        2302        1        2
2434        2355        1        2
2434        2381        1        2
2381        2434        1        2
2355        2461        1        2
2302        2514        1        2
2249        2540        1        2
2196        2566        1        2
2170        2593        1        2
2117        2593        1        2
2090        2619        1        2
2064        2619        1        2
2037        2646        1        2
2011        2619        1        2
1984        2619        1        2
2011        2593        1        2
2011        2566        1        2
2037        2540        1        2
2064        2514        1        2
2117        2487        1        2
2143        2487        1        2
2196        2461        1        2
2275        2434        1        2
2328        2434        1        2
2408        2434        1        2
2461        2434        1        2
2540        2434        1        2
2593        2461        1        2
2646        2487        1        2
2672        2487        1        2
2725        2514        1        2
2752        2540        1        2
2778        2566        1        2
2805        2593        1        2
2831        2619        1        2
2858        2646        1        2
2884        2646        1        2
2910        2646        1        2
2910        2619        1        2
2884        2593        1        2
2884        2540        1        2
2884        2461        1        2
2858        2408        1        2
2831        2302        1        2
2831        2223        1        2
2805        2117        1        2
2805        2011        1        2
2778        1931        1        2
2778        1852        1        2
2778        1773        1        2
2778        1693        1        2
2805        1640        1        2
2805        1588        1        2
2805        1561        1        2
2831        1535        1        2
2858        1508        1        2
2884        1508        1        2
2884        1482        1        2
2937        1482        1        2
2963        1482        1        2
2990        1508        1        2
3043        1508        1        2
3096        1535        1        2
3149        1561        1        2
3201        1588        1        2
3254        1640        1        2
3307        1667        1        2
3360        1693        1        2
3413        1746        1        2
3440        1773        1        2
3466        1799        1        2
3493        1852        1        2
3466        1879        1        2
3466        1931        1        2
3413        1958        1        2
3387        1984        1        2
3334        2011        1        2
3281        2037        1        2
3228        2037        1        2
3175        2064        1        2
3149        2037        1        2
3122        2037        1        2
3122        2011        1        2
3122        1984        1        2
3149        1958        1        2
3201        1905        1        2
3254        1852        1        2
3334        1826        1        2
3387        1799        1        2
3440        1773        1        2
3493        1746        1        2
3519        1746        1        2
3493        1746        1        2
3466        1773        1        2
3413        1799        1        2
3360        1826        1        2
3307        1852        1        2
3281        1879        1        2
PEN_UP                  0
END_CHARACTER: SPH
