CHARACTER_NAME: SKH
STROKE_COUNT: 2
  X           Y   STYLUS_STATE STROKE
PEN_DOWN
 635        1508        1        1
 635        1482        1        1
 661        1482        1        1
 688        1482        1        1
 714        1482        1        1
 741        1508        1        1
 794        1508        1        1
 873        1508        1        1
 953        1482        1        1
1032        1482        1        1
1111        1482        1        1
1191        1482        1        1
1270        1482        1        1
1323        1482        1        1
1349        1482        1        1
1402        1482        1        1
1402        1455        1        1
1376        1455        1        1
1349        1455        1        1
1323        1455        1        1
1296        1455        1        1
1270        1482        1        1
1244        1482        1        1
1217        1482        1        1
1191        1482        1        1
1138        1508        1        1
1111        1535        1        1
1085        1535        1        1
1085        1561        1        1
1058        1588        1        1
1032        1614        1        1
1032        1640        1        1
1005        1667        1        1
1005        1693        1        1
1005        1720        1        1
1032        1746        1        1
1032        1773        1        1
1032        1799        1        1
1032        1826        1        1
1032        1852        1        1
1058        1852        1        1
1085        1852        1        1
1111        1852        1        1
1138        1826        1        1
1164        1826        1        1
1191        1826        1        1
1217        1799        1        1
1270        1799        1        1
1296        1773        1        1
1323        1746        1        1
1349        1746        1        1
1349        1720        1        1
1376        1720        1        1
1376        1693        1        1
1402        1693        1        1
1376        1693        1        1
1349        1693        1        1
1349        1720        1        1
1349        1746        1        1
1349        1773        1        1
1376        1799        1        1
1376        1826        1        1
1402        1852        1        1
1429        1852        1        1
1455        1879        1        1
1482        1879        1        1
1535        1879        1        1
1561        1879        1        1
1614        1879        1        1
1667        1879        1        1
1720        1852        1        1
1773        1826        1        1
1799        1799        1        1
1826        1773        1        1
1852        1720        1        1
1879        1667        1        1
1879        1614        1        1
1879        1561        1        1
1879        1508        1        1
1852        1455        1        1
1826        1429        1        1
1799        1376        1        1
1746        1349        1        1
1693        1349        1        1
1640        1349        1        1
1614        1349        1        1
1561        1376        1        1
1535        1376        1        1
1508        1402        1        1
1508        1429        1        1
1508        1455        1        1
1508        1482        1        1
1508        1508        1        1
PEN_UP                  0
PEN_DOWN
1905        1984        1        2
1905        1958        1        2
1931        1958        1        2
1931        1984        1        2
1931        2011        1        2
1905        2011        1        2
1905        2037        1        2
1905        2011        1        2
1905        1984        1        2
1931        1958        1        2
1931        1931        1        2
1931        1905        1        2
1905        1905        1        2
1905        1879        1        2
1879        1879        1        2
1852        1879        1        2
1826        1879        1        2
1799        1879        1        2
1799        1852        1        2
1773        1852        1        2
1746        1852        1        2
1720        1852        1        2
1693        1852        1        2
1667        1879        1        2
1640        1879        1        2
1614        1905        1        2
1614        1958        1        2
1588        1984        1        2
1561        2037        1        2
1535        2064        1        2
1508        2117        1        2
1482        2170        1        2
1482        2196        1        2
1455        2249        1        2
1455        2275        1        2
1482        2328        1        2
1482        2355        1        2
1508        2381        1        2
1535        2408        1        2
1561        2408        1        2
1614        2434        1        2
1667        2434        1        2
1720        2408        1        2
1773        2408        1        2
1852        2381        1        2
1905        2355        1        2
1958        2328        1        2
2011        2275        1        2
2064        2249        1        2
2117        2196        1        2
2143        2143        1        2
2170        2090        1        2
2223        2037        1        2
2223        1984        1        2
2249        1958        1        2
2275        1931        1        2
2302        1905        1        2
2328        1879        1        2
2355        1879        1        2
2381        1852        1        2
2408        1879        1        2
2434        1879        1        2
2434        1905        1        2
2461        1905        1        2
2434        1931        1        2
2434        1984        1        2
2434        2011        1        2
2408        2037        1        2
2408        2090        1        2
2381        2143        1        2
2355        2170        1        2
2355        2223        1        2
2328        2275        1        2
2302        2328        1        2
2275        2381        1        2
2249        2408        1        2
2223        2461        1        2
2196        2487        1        2
2170        2514        1        2
2170        2540        1        2
2143        2566        1        2
2143        2540        1        2
2143        2514        1        2
2170        2487        1        2
2196        2461        1        2
2223        2434        1        2
2275        2408        1        2
2328        2381        1        2
2381        2355        1        2
2434        2328        1        2
2487        2328        1        2
2514        2328        1        2
2566        2328        1        2
2593        2355        1        2
2619        2381        1        2
2646        2408        1        2
2672        2434        1        2
2672        2487        1        2
2699        2514        1        2
2699        2540        1        2
2725        2593        1        2
2752        2619        1        2
2778        2646        1        2
2805        2646        1        2
2831        2672        1        2
2858        2672        1        2
2884        2646        1        2
2910        2619        1        2
2910        2566        1        2
2910        2514        1        2
2910        2461        1        2
2910        2381        1        2
2884        2302        1        2
2884        2196        1        2
2884        2090        1        2
2884        1984        1        2
2884        1905        1        2
2884        1799        1        2
2884        1746        1        2
2910        1667        1        2
2910        1614        1        2
2910        1561        1        2
2910        1535        1        2
2884        1508        1        2
2884        1482        1        2
2884        1455        1        2
2884        1429        1        2
2884        1402        1        2
2910        1402        1        2
2937        1402        1        2
2963        1402        1        2
3016        1402        1        2
3096        1402        1        2
3175        1402        1        2
3254        1402        1        2
3360        1402        1        2
3466        1402        1        2
3598        1402        1        2
3678        1402        1        2
3757        1376        1        2
3836        1376        1        2
3889        1376        1        2
3916        1349        1        2
3889        1349        1        2
3863        1323        1        2
3836        1349        1        2
3810        1349        1        2
3784        1349        1        2
3757        1349        1        2
3731        1349        1        2
3731        1376        1        2
3757        1376        1        2
3784        1376        1        2
3810        1402        1        2
3836        1402        1        2
3863        1402        1        2
3863        1376        1        2
3889        1376        1        2
PEN_UP                  0
END_CHARACTER: SKH
