CHARACTER_NAME: DDH
STROKE_COUNT: 1
  X           Y   STYLUS_STATE STROKE
PEN_DOWN
 953        1984        1        1
 953        1958        1        1
 979        1958        1        1
1005        1958        1        1
1032        1958        1        1
1058        1958        1        1
1111        1931        1        1
1164        1931        1        1
1217        1931        1        1
1296        1905        1        1
1349        1905        1        1
1376        1905        1        1
1429        1879        1        1
1455        1879        1        1
1482        1879        1        1
1508        1879        1        1
1535        1852        1        1
1535        1879        1        1
1535        1905        1        1
1535        1931        1        1
1535        1958        1        1
1535        2011        1        1
1535        2064        1        1
1535        2117        1        1
1535        2196        1        1
1535        2249        1        1
1535        2302        1        1
1535        2355        1        1
1535        2408        1        1
1535        2434        1        1
1535        2487        1        1
1535        2514        1        1
1535        2540        1        1
1535        2566        1        1
1535        2593        1        1
1561        2619        1        1
1535        2619        1        1
1561        2646        1        1
1561        2672        1        1
1561        2699        1        1
1588        2672        1        1
1614        2646        1        1
1614        2619        1        1
1640        2566        1        1
1667        2540        1        1
1693        2487        1        1
1746        2434        1        1
1773        2408        1        1
1799        2355        1        1
1826        2328        1        1
1826        2302        1        1
1852        2275        1        1
1852        2249        1        1
1879        2249        1        1
1905        2223        1        1
1931        2223        1        1
1958        2249        1        1
1984        2249        1        1
1984        2275        1        1
2011        2302        1        1
2011        2355        1        1
2011        2381        1        1
2011        2408        1        1
2011        2434        1        1
2011        2487        1        1
2011        2514        1        1
2011        2540        1        1
2011        2566        1        1
2037        2593        1        1
2037        2646        1        1
2037        2672        1        1
2037        2699        1        1
2037        2725        1        1
2064        2752        1        1
2064        2805        1        1
2064        2831        1        1
2064        2858        1        1
2090        2884        1        1
2090        2910        1        1
2117        2910        1        1
2117        2937        1        1
2143        2937        1        1
2170        2937        1        1
2170        2910        1        1
2196        2910        1        1
2223        2884        1        1
2249        2831        1        1
2275        2805        1        1
2302        2778        1        1
2302        2725        1        1
2328        2699        1        1
2328        2672        1        1
2328        2646        1        1
2328        2619        1        1
2302        2619        1        1
2275        2619        1        1
2249        2646        1        1
2223        2646        1        1
2196        2646        1        1
2196        2672        1        1
2170        2672        1        1
2170        2699        1        1
2143        2725        1        1
2117        2725        1        1
2090        2778        1        1
2064        2805        1        1
2037        2831        1        1
2011        2884        1        1
1984        2937        1        1
1958        3016        1        1
1905        3069        1        1
1879        3149        1        1
1826        3201        1        1
1799        3281        1        1
1746        3334        1        1
1720        3387        1        1
1667        3440        1        1
1640        3466        1        1
1614        3519        1        1
1588        3545        1        1
1588        3572        1        1
1561        3572        1        1
1535        3598        1        1
1535        3625        1        1
1561        3598        1        1
1588        3598        1        1
1614        3598        1        1
1667        3572        1        1
1693        3572        1        1
1746        3572        1        1
1799        3572        1        1
1852        3572        1        1
1905        3598        1        1
1931        3598        1        1
1984        3625        1        1
2011        3625        1        1
2037        3651        1        1
2090        3678        1        1
2117        3678        1        1
2117        3704        1        1
2143        3731        1        1
2170        3731        1        1
2170        3757        1        1
2196        3731        1        1
2223        3704        1        1
2223        3678        1        1
2223        3651        1        1
2223        3572        1        1
2223        3519        1        1
2196        3440        1        1
2196        3334        1        1
2196        3254        1        1
2170        3175        1        1
2170        3096        1        1
2143        3016        1        1
2117        2963        1        1
2117        2910        1        1
2090        2858        1        1
2090        2831        1        1
2090        2805        1        1
2090        2778        1        1
2090        2752        1        1
2090        2725        1        1
2117        2699        1        1
2117        2672        1        1
2143        2672        1        1
2196        2646        1        1
2223        2646        1        1
2275        2619        1        1
2355        2619        1        1
2408        2593        1        1
2487        2593        1        1
2540        2566        1        1
2593        2566        1        1
2619        2566        1        1
2646        2540        1        1
2619        2566        1        1
2593        2566        1        1
2566        2566        1        1
2593        2566        1        1
2619        2566        1        1
2646        2593        1        1
2672        2593        1        1
2672        2619        1        1
2699        2646        1        1
2699        2699        1        1
2699        2725        1        1
2699        2805        1        1
2725        2884        1        1
2725        2963        1        1
2752        3069        1        1
2778        3149        1        1
2805        3254        1        1
2831        3360        1        1
2858        3466        1        1
2884        3545        1        1
2910        3625        1        1
2963        3704        1        1
2990        3784        1        1
3016        3836        1        1
3016        3889        1        1
3043        3942        1        1
3069        3969        1        1
3069        3942        1        1
3043        3916        1        1
3043        3863        1        1
3043        3757        1        1
3043        3651        1        1
PEN_UP                  0
END_CHARACTER: DDH
