CHARACTER_NAME: BB
STROKE_COUNT: 1
  X           Y   STYLUS_STATE STROKE
PEN_DOWN
1085        1879        1        1
1111        1879        1        1
1138        1879        1        1
1164        1852        1        1
1217        1852        1        1
1244        1852        1        1
1296        1852        1        1
1349        1826        1        1
1429        1826        1        1
1482        1826        1        1
1535        1826        1        1
1588        1826        1        1
1614        1826        1        1
1640        1799        1        1
1693        1799        1        1
1720        1799        1        1
1746        1799        1        1
1773        1799        1        1
1799        1799        1        1
1826        1773        1        1
1852        1773        1        1
1879        1773        1        1
1905        1773        1        1
1879        1773        1        1
1852        1799        1        1
1826        1799        1        1
1799        1826        1        1
1773        1826        1        1
1746        1852        1        1
1720        1879        1        1
1693        1879        1        1
1667        1905        1        1
1640        1931        1        1
1614        1958        1        1
1588        1984        1        1
1561        2037        1        1
1535        2064        1        1
1508        2090        1        1
1455        2117        1        1
1429        2143        1        1
1402        2196        1        1
1376        2196        1        1
1349        2223        1        1
1323        2249        1        1
1296        2275        1        1
1244        2275        1        1
1217        2302        1        1
1191        2328        1        1
1164        2328        1        1
1164        2355        1        1
1138        2355        1        1
1138        2381        1        1
1111        2381        1        1
1085        2408        1        1
1111        2408        1        1
1111        2381        1        1
1138        2381        1        1
1164        2381        1        1
1164        2408        1        1
1191        2381        1        1
1217        2381        1        1
1244        2381        1        1
1270        2381        1        1
1323        2381        1        1
1349        2381        1        1
1376        2381        1        1
1402        2381        1        1
1402        2408        1        1
1429        2408        1        1
1455        2434        1        1
1482        2434        1        1
1508        2434        1        1
1535        2461        1        1
1561        2461        1        1
1588        2487        1        1
1614        2487        1        1
1614        2514        1        1
1640        2514        1        1
1667        2514        1        1
1667        2540        1        1
1693        2540        1        1
1720        2566        1        1
1746        2566        1        1
1746        2593        1        1
1773        2593        1        1
1773        2566        1        1
1773        2540        1        1
1799        2514        1        1
1799        2487        1        1
1799        2434        1        1
1799        2381        1        1
1826        2328        1        1
1826        2249        1        1
1826        2170        1        1
1826        2090        1        1
1826        2011        1        1
1852        1958        1        1
1852        1905        1        1
1852        1852        1        1
1852        1799        1        1
1852        1773        1        1
1879        1746        1        1
1879        1720        1        1
1879        1693        1        1
1879        1667        1        1
1879        1693        1        1
1879        1720        1        1
1879        1746        1        1
1879        1773        1        1
1879        1799        1        1
1852        1799        1        1
1852        1826        1        1
1852        1852        1        1
1852        1905        1        1
1852        1931        1        1
1826        1958        1        1
1826        2011        1        1
1826        2037        1        1
1826        2064        1        1
1799        2090        1        1
1799        2117        1        1
1799        2143        1        1
1799        2170        1        1
1773        2170        1        1
1773        2196        1        1
1773        2223        1        1
1746        2223        1        1
1746        2249        1        1
1720        2275        1        1
1720        2302        1        1
1693        2328        1        1
1667        2355        1        1
1667        2381        1        1
1640        2381        1        1
1640        2408        1        1
1614        2434        1        1
1614        2461        1        1
1588        2487        1        1
1561        2487        1        1
1561        2540        1        1
1535        2540        1        1
1508        2566        1        1
1482        2593        1        1
1482        2619        1        1
1455        2646        1        1
1429        2672        1        1
1402        2699        1        1
1376        2725        1        1
1349        2752        1        1
1349        2778        1        1
1323        2778        1        1
1323        2805        1        1
1296        2805        1        1
1296        2831        1        1
1270        2831        1        1
1270        2858        1        1
1244        2884        1        1
1244        2910        1        1
1217        2910        1        1
1217        2937        1        1
1217        2963        1        1
1191        2963        1        1
1191        2990        1        1
1164        2990        1        1
1164        3016        1        1
1191        3016        1        1
1217        2990        1        1
1244        2990        1        1
1270        2990        1        1
1323        2990        1        1
1376        2963        1        1
1429        2963        1        1
1455        2963        1        1
1508        2963        1        1
1535        2963        1        1
1561        2963        1        1
1588        2963        1        1
1614        2963        1        1
1640        2963        1        1
1640        2990        1        1
1667        2990        1        1
1693        2990        1        1
1693        3016        1        1
1720        3016        1        1
1746        3016        1        1
1746        3043        1        1
1773        3043        1        1
1799        3043        1        1
1799        3069        1        1
1826        3069        1        1
1852        3069        1        1
1879        3069        1        1
1879        3096        1        1
1905        3069        1        1
1905        3043        1        1
1905        2990        1        1
1905        2963        1        1
1905        2910        1        1
1879        2884        1        1
1879        2831        1        1
1879        2778        1        1
1879        2699        1        1
1879        2672        1        1
1879        2619        1        1
1879        2566        1        1
1852        2540        1        1
1852        2514        1        1
1852        2487        1        1
1852        2461        1        1
1852        2434        1        1
1879        2408        1        1
1905        2381        1        1
PEN_UP                  0
END_CHARACTER: BB
