CHARACTER_NAME: PS
STROKE_COUNT: 4
  X           Y   STYLUS_STATE STROKE
PEN_DOWN
1191        1826        1        1
1191        1852        1        1
1217        1852        1        1
1217        1826        1        1
1244        1852        1        1
1270        1852        1        1
1296        1852        1        1
1323        1879        1        1
1349        1879        1        1
1376        1879        1        1
1402        1905        1        1
1429        1905        1        1
1455        1931        1        1
1482        1958        1        1
1508        1984        1        1
1508        2011        1        1
1535        2037        1        1
1535        2064        1        1
1561        2090        1        1
1588        2090        1        1
1588        2064        1        1
1588        2037        1        1
1588        2011        1        1
1614        1984        1        1
1614        1931        1        1
1640        1905        1        1
1640        1852        1        1
1667        1826        1        1
1667        1799        1        1
1693        1773        1        1
1693        1746        1        1
1693        1720        1        1
1720        1720        1        1
1720        1746        1        1
1746        1746        1        1
PEN_UP                  0
PEN_DOWN
1217        1852        1        2
1217        1826        1        2
1217        1799        1        2
1244        1799        1        2
1270        1773        1        2
1296        1746        1        2
1323        1746        1        2
1349        1746        1        2
1376        1746        1        2
1429        1746        1        2
1455        1746        1        2
1508        1746        1        2
1561        1746        1        2
1588        1773        1        2
1640        1773        1        2
1667        1799        1        2
1720        1799        1        2
1746        1826        1        2
1773        1852        1        2
1799        1852        1        2
1799        1879        1        2
1826        1879        1        2
1826        1905        1        2
1852        1905        1        2
1852        1931        1        2
1879        1931        1        2
1879        1958        1        2
1905        1958        1        2
1879        1931        1        2
PEN_UP                  0
PEN_DOWN
1640        1376        1        3
1614        1376        1        3
1588        1376        1        3
1561        1376        1        3
1588        1349        1        3
1640        1349        1        3
1667        1349        1        3
1720        1323        1        3
1773        1323        1        3
1852        1323        1        3
1905        1296        1        3
1984        1296        1        3
2037        1270        1        3
2090        1270        1        3
2143        1244        1        3
2196        1244        1        3
2223        1244        1        3
2196        1244        1        3
2170        1244        1        3
2143        1270        1        3
2117        1296        1        3
2090        1323        1        3
2090        1349        1        3
2064        1376        1        3
2064        1402        1        3
2037        1429        1        3
2037        1455        1        3
2011        1482        1        3
1984        1508        1        3
1984        1535        1        3
1958        1588        1        3
1931        1614        1        3
1905        1640        1        3
1879        1693        1        3
1852        1746        1        3
1826        1773        1        3
1799        1799        1        3
1799        1826        1        3
1799        1852        1        3
1826        1879        1        3
1826        1905        1        3
1879        1931        1        3
1905        1931        1        3
1931        1958        1        3
1984        1958        1        3
2037        1958        1        3
2064        1958        1        3
2117        1931        1        3
2143        1958        1        3
2170        1958        1        3
2196        1958        1        3
2196        1984        1        3
2223        1984        1        3
2223        2011        1        3
2223        2037        1        3
2223        2064        1        3
2249        2090        1        3
2249        2117        1        3
2249        2170        1        3
2249        2196        1        3
2249        2249        1        3
2223        2275        1        3
2223        2328        1        3
2196        2355        1        3
2170        2408        1        3
2143        2461        1        3
2090        2487        1        3
2064        2540        1        3
2011        2566        1        3
1958        2619        1        3
1931        2646        1        3
1879        2699        1        3
1852        2725        1        3
1799        2752        1        3
1773        2778        1        3
1746        2778        1        3
1720        2805        1        3
1693        2805        1        3
1720        2778        1        3
1746        2725        1        3
PEN_UP                  0
PEN_DOWN
2196        1905        1        4
2223        1879        1        4
2249        1852        1        4
2249        1826        1        4
2275        1826        1        4
2275        1799        1        4
2275        1773        1        4
2275        1746        1        4
2302        1720        1        4
2302        1693        1        4
2328        1693        1        4
2355        1667        1        4
2381        1667        1        4
2408        1667        1        4
2434        1667        1        4
2461        1667        1        4
2461        1693        1        4
2487        1693        1        4
2514        1720        1        4
2540        1746        1        4
2566        1773        1        4
2619        1799        1        4
2646        1799        1        4
2672        1826        1        4
2699        1852        1        4
2725        1879        1        4
2725        1905        1        4
2752        1931        1        4
2752        1958        1        4
2778        1958        1        4
2778        1984        1        4
2778        2011        1        4
2778        1984        1        4
2752        1958        1        4
2725        1931        1        4
2725        1905        1        4
2699        1852        1        4
2699        1826        1        4
2672        1773        1        4
2646        1693        1        4
2619        1640        1        4
2593        1588        1        4
2566        1508        1        4
2540        1455        1        4
2514        1376        1        4
2487        1349        1        4
2487        1296        1        4
2461        1270        1        4
2461        1244        1        4
2434        1217        1        4
2434        1244        1        4
2434        1270        1        4
2461        1270        1        4
2487        1270        1        4
2514        1244        1        4
2540        1244        1        4
2566        1244        1        4
2619        1244        1        4
2672        1217        1        4
2752        1217        1        4
2831        1191        1        4
2910        1191        1        4
2990        1164        1        4
3069        1164        1        4
3149        1138        1        4
3201        1138        1        4
3254        1138        1        4
3281        1111        1        4
3307        1111        1        4
3281        1138        1        4
3254        1138        1        4
PEN_UP                  0
END_CHARACTER: PS
