CHARACTER_NAME: DHRR
STROKE_COUNT: 2
  X           Y   STYLUS_STATE STROKE
PEN_DOWN
1773        2275        1        1
1799        2275        1        1
1826        2249        1        1
1852        2249        1        1
1879        2249        1        1
1931        2223        1        1
1958        2223        1        1
2011        2223        1        1
2064        2196        1        1
2117        2196        1        1
2170        2170        1        1
2196        2170        1        1
2223        2143        1        1
2249        2143        1        1
2275        2143        1        1
2249        2170        1        1
2249        2196        1        1
2223        2196        1        1
2196        2249        1        1
2196        2275        1        1
2170        2302        1        1
2143        2355        1        1
2117        2408        1        1
2064        2461        1        1
2037        2514        1        1
2011        2566        1        1
1984        2593        1        1
1958        2646        1        1
1931        2699        1        1
1905        2725        1        1
1879        2752        1        1
1852        2778        1        1
1826        2778        1        1
1799        2778        1        1
1799        2805        1        1
1773        2805        1        1
1799        2778        1        1
1826        2778        1        1
1852        2752        1        1
1879        2752        1        1
1905        2752        1        1
1931        2725        1        1
1958        2752        1        1
2011        2752        1        1
2037        2752        1        1
2090        2778        1        1
2143        2778        1        1
2170        2805        1        1
2223        2805        1        1
2249        2831        1        1
2275        2831        1        1
2302        2831        1        1
2328        2858        1        1
2355        2858        1        1
2355        2831        1        1
2355        2805        1        1
2328        2778        1        1
2328        2752        1        1
2302        2699        1        1
2302        2646        1        1
2302        2593        1        1
2275        2514        1        1
2275        2434        1        1
2275        2355        1        1
2275        2275        1        1
2275        2223        1        1
2249        2170        1        1
2249        2143        1        1
2249        2117        1        1
2249        2090        1        1
2249        2064        1        1
2249        2090        1        1
2249        2117        1        1
2249        2143        1        1
2249        2170        1        1
2249        2196        1        1
2223        2196        1        1
2223        2223        1        1
2196        2249        1        1
2170        2275        1        1
2143        2302        1        1
2117        2302        1        1
2064        2328        1        1
2037        2328        1        1
1984        2328        1        1
1958        2355        1        1
1905        2328        1        1
1852        2328        1        1
1826        2302        1        1
1799        2275        1        1
1773        2249        1        1
1746        2196        1        1
1720        2117        1        1
1720        2037        1        1
1693        1958        1        1
1667        1879        1        1
1667        1799        1        1
1640        1720        1        1
1614        1640        1        1
1614        1561        1        1
1588        1508        1        1
1588        1482        1        1
1588        1429        1        1
1588        1402        1        1
1614        1402        1        1
1640        1402        1        1
1693        1402        1        1
1720        1402        1        1
1773        1429        1        1
1826        1429        1        1
1879        1455        1        1
1905        1508        1        1
1931        1535        1        1
1931        1561        1        1
1931        1614        1        1
1905        1667        1        1
1852        1693        1        1
1799        1746        1        1
1773        1773        1        1
1746        1773        1        1
1693        1799        1        1
1693        1773        1        1
1667        1773        1        1
1667        1746        1        1
1667        1720        1        1
1693        1693        1        1
1720        1640        1        1
1720        1614        1        1
1746        1588        1        1
1773        1588        1        1
1773        1561        1        1
1746        1588        1        1
1746        1614        1        1
1720        1640        1        1
1693        1667        1        1
PEN_UP                  0
PEN_DOWN
2487        2831        1        2
2461        2831        1        2
2434        2858        1        2
2408        2858        1        2
2381        2858        1        2
2381        2884        1        2
2381        2910        1        2
2381        2937        1        2
2381        2963        1        2
2408        2990        1        2
2408        3016        1        2
2408        3069        1        2
2408        3096        1        2
2408        3149        1        2
2408        3201        1        2
2434        3228        1        2
2434        3281        1        2
2434        3307        1        2
2434        3334        1        2
2461        3360        1        2
2461        3387        1        2
2461        3413        1        2
2434        3387        1        2
2434        3360        1        2
2434        3334        1        2
2408        3334        1        2
2408        3307        1        2
2381        3281        1        2
2355        3254        1        2
2328        3228        1        2
2302        3228        1        2
2275        3228        1        2
2249        3201        1        2
2223        3201        1        2
2170        3201        1        2
2143        3175        1        2
2117        3175        1        2
2064        3175        1        2
2037        3175        1        2
2011        3175        1        2
1984        3175        1        2
1958        3201        1        2
1931        3201        1        2
1905        3228        1        2
1852        3254        1        2
1826        3281        1        2
1799        3334        1        2
1746        3360        1        2
1720        3413        1        2
1667        3466        1        2
1640        3519        1        2
1588        3572        1        2
1561        3625        1        2
1535        3651        1        2
1508        3678        1        2
1455        3704        1        2
1429        3704        1        2
1402        3704        1        2
1349        3704        1        2
1296        3678        1        2
1244        3651        1        2
1191        3625        1        2
1138        3572        1        2
1085        3519        1        2
1032        3466        1        2
1005        3387        1        2
 953        3307        1        2
 926        3254        1        2
 926        3175        1        2
 900        3149        1        2
 900        3122        1        2
 926        3096        1        2
 926        3069        1        2
 953        3069        1        2
 979        3096        1        2
1005        3096        1        2
1032        3122        1        2
PEN_UP                  0
END_CHARACTER: DHRR
