CHARACTER_NAME: PRR
STROKE_COUNT: 3
  X           Y   STYLUS_STATE STROKE
PEN_DOWN
1799        2355        1        1
1799        2328        1        1
1799        2302        1        1
1826        2302        1        1
1852        2302        1        1
1852        2328        1        1
1879        2328        1        1
1905        2355        1        1
1931        2355        1        1
1931        2381        1        1
1958        2381        1        1
1984        2408        1        1
2011        2434        1        1
2037        2461        1        1
2037        2487        1        1
2064        2514        1        1
2090        2540        1        1
2090        2566        1        1
2117        2593        1        1
2117        2619        1        1
2143        2646        1        1
2170        2672        1        1
2196        2646        1        1
2196        2619        1        1
2223        2566        1        1
2223        2514        1        1
2249        2461        1        1
2249        2408        1        1
2275        2328        1        1
2302        2275        1        1
2328        2223        1        1
2328        2170        1        1
2355        2143        1        1
2355        2117        1        1
2381        2090        1        1
2355        2090        1        1
2355        2117        1        1
2328        2143        1        1
2302        2143        1        1
2275        2170        1        1
PEN_UP                  0
PEN_DOWN
1773        2408        1        2
1799        2381        1        2
1826        2355        1        2
1852        2355        1        2
1905        2355        1        2
1931        2328        1        2
1958        2328        1        2
1984        2328        1        2
2011        2328        1        2
2064        2328        1        2
2090        2328        1        2
2143        2355        1        2
2196        2355        1        2
2249        2355        1        2
2302        2381        1        2
2328        2381        1        2
2381        2408        1        2
2408        2408        1        2
2434        2434        1        2
2461        2434        1        2
2487        2434        1        2
2514        2434        1        2
2540        2434        1        2
2540        2408        1        2
2540        2381        1        2
PEN_UP                  0
PEN_DOWN
2487        2037        1        3
2461        1984        1        3
2461        1958        1        3
2461        1931        1        3
2461        1905        1        3
2461        1879        1        3
2487        1852        1        3
2514        1852        1        3
2540        1852        1        3
2566        1852        1        3
2593        1879        1        3
2593        1905        1        3
2619        1931        1        3
2593        1984        1        3
2593        2011        1        3
2593        2064        1        3
2566        2117        1        3
2566        2170        1        3
2566        2196        1        3
2566        2249        1        3
2566        2302        1        3
2566        2328        1        3
2593        2381        1        3
2593        2434        1        3
2593        2487        1        3
2619        2540        1        3
2619        2593        1        3
2619        2672        1        3
2646        2725        1        3
2646        2805        1        3
2646        2884        1        3
2672        2937        1        3
2672        3016        1        3
2699        3069        1        3
2699        3122        1        3
2699        3149        1        3
2725        3201        1        3
2725        3228        1        3
2725        3201        1        3
2699        3175        1        3
2699        3149        1        3
2699        3122        1        3
2672        3096        1        3
2672        3043        1        3
2646        3016        1        3
2619        2990        1        3
2593        2963        1        3
2540        2937        1        3
2487        2910        1        3
2434        2910        1        3
2381        2910        1        3
2328        2910        1        3
2302        2937        1        3
2249        2937        1        3
2196        2963        1        3
2170        2990        1        3
2117        3043        1        3
2090        3069        1        3
2037        3122        1        3
2011        3175        1        3
1958        3254        1        3
1905        3307        1        3
1879        3360        1        3
1826        3440        1        3
1773        3466        1        3
1746        3519        1        3
1693        3572        1        3
1640        3598        1        3
1588        3625        1        3
1535        3651        1        3
1455        3678        1        3
1402        3704        1        3
1323        3704        1        3
1270        3704        1        3
1191        3704        1        3
1111        3678        1        3
1032        3651        1        3
 953        3625        1        3
 873        3572        1        3
 794        3519        1        3
 714        3466        1        3
 661        3387        1        3
 609        3307        1        3
 556        3254        1        3
 529        3175        1        3
 529        3122        1        3
 529        3096        1        3
 556        3069        1        3
 582        3043        1        3
 635        3016        1        3
 661        3016        1        3
 714        3016        1        3
 767        3016        1        3
PEN_UP                  0
END_CHARACTER: PRR
