CHARACTER_NAME: JHA
STROKE_COUNT: 2
  X           Y   STYLUS_STATE STROKE
PEN_DOWN
1111        2037        1        1
1085        2037        1        1
1085        2011        1        1
1111        2011        1        1
1138        2011        1        1
1191        2011        1        1
1244        1984        1        1
1296        1984        1        1
1376        1984        1        1
1455        1984        1        1
1535        1984        1        1
1614        1984        1        1
1693        1984        1        1
1746        1984        1        1
1799        1984        1        1
1852        1984        1        1
1879        1984        1        1
1905        1984        1        1
1931        1984        1        1
1958        1984        1        1
1984        1984        1        1
2037        1984        1        1
2090        1984        1        1
2117        1984        1        1
2170        1984        1        1
2223        1984        1        1
2249        1984        1        1
2275        1984        1        1
2302        1984        1        1
2328        1984        1        1
2302        1984        1        1
2275        2011        1        1
2249        2011        1        1
2223        2037        1        1
2196        2037        1        1
2170        2064        1        1
2143        2090        1        1
2117        2117        1        1
2064        2143        1        1
2011        2170        1        1
1958        2223        1        1
1879        2249        1        1
1799        2302        1        1
1746        2328        1        1
1667        2381        1        1
1614        2408        1        1
1561        2434        1        1
1508        2461        1        1
1482        2487        1        1
1455        2514        1        1
1402        2540        1        1
1376        2540        1        1
1349        2540        1        1
1323        2566        1        1
1296        2566        1        1
1270        2593        1        1
1244        2593        1        1
1217        2593        1        1
1217        2619        1        1
1191        2619        1        1
1217        2619        1        1
1244        2593        1        1
1296        2593        1        1
1323        2593        1        1
1376        2593        1        1
1402        2593        1        1
1455        2593        1        1
1482        2593        1        1
1508        2593        1        1
1561        2593        1        1
1588        2619        1        1
1614        2619        1        1
1640        2619        1        1
1667        2646        1        1
1720        2646        1        1
1746        2672        1        1
1773        2672        1        1
1799        2672        1        1
1826        2699        1        1
1852        2699        1        1
1879        2699        1        1
1905        2725        1        1
1931        2725        1        1
1931        2752        1        1
1958        2752        1        1
1958        2778        1        1
1984        2805        1        1
1984        2831        1        1
2011        2831        1        1
2011        2858        1        1
2011        2884        1        1
2037        2884        1        1
2037        2910        1        1
2064        2884        1        1
2064        2858        1        1
2090        2831        1        1
2117        2778        1        1
2117        2752        1        1
2143        2699        1        1
2143        2672        1        1
2170        2619        1        1
2170        2540        1        1
2196        2487        1        1
2196        2434        1        1
2196        2381        1        1
2223        2328        1        1
2223        2275        1        1
2249        2223        1        1
2249        2196        1        1
2275        2143        1        1
2275        2117        1        1
2302        2064        1        1
2302        2037        1        1
2302        2011        1        1
2328        2011        1        1
2328        1984        1        1
2328        1958        1        1
2328        1931        1        1
2302        1905        1        1
2302        1879        1        1
2302        1852        1        1
2302        1879        1        1
2302        1905        1        1
2302        1879        1        1
2302        1905        1        1
2328        1931        1        1
PEN_UP                  0
PEN_DOWN
2143        2699        1        2
2143        2672        1        2
2170        2672        1        2
2170        2646        1        2
2170        2619        1        2
2196        2619        1        2
2196        2593        1        2
2223        2593        1        2
2223        2566        1        2
2249        2566        1        2
2249        2540        1        2
2275        2540        1        2
2302        2540        1        2
2328        2540        1        2
2355        2566        1        2
2328        2566        1        2
2355        2566        1        2
2355        2593        1        2
2355        2619        1        2
2355        2646        1        2
2381        2646        1        2
2381        2672        1        2
2381        2699        1        2
2381        2725        1        2
2381        2752        1        2
2381        2778        1        2
2381        2805        1        2
2381        2831        1        2
2381        2805        1        2
2408        2778        1        2
2408        2752        1        2
2408        2725        1        2
2434        2699        1        2
2434        2672        1        2
2461        2619        1        2
2487        2566        1        2
2540        2514        1        2
2566        2434        1        2
2593        2381        1        2
2619        2328        1        2
2646        2249        1        2
2646        2196        1        2
2672        2143        1        2
2672        2090        1        2
2699        2037        1        2
2699        2011        1        2
2699        1984        1        2
2699        1958        1        2
2725        1931        1        2
2725        1905        1        2
2725        1879        1        2
2725        1852        1        2
2752        1852        1        2
2752        1826        1        2
2725        1826        1        2
2725        1852        1        2
2699        1852        1        2
2672        1852        1        2
2646        1879        1        2
2593        1879        1        2
2566        1905        1        2
2540        1905        1        2
2514        1905        1        2
2540        1905        1        2
2566        1905        1        2
2593        1905        1        2
2646        1905        1        2
2672        1905        1        2
2725        1905        1        2
2805        1905        1        2
2858        1905        1        2
2937        1879        1        2
2990        1879        1        2
3043        1879        1        2
3096        1879        1        2
3122        1879        1        2
3096        1879        1        2
3069        1905        1        2
3043        1905        1        2
3016        1905        1        2
3043        1905        1        2
3069        1905        1        2
3096        1879        1        2
3122        1879        1        2
3149        1905        1        2
3175        1905        1        2
3149        1931        1        2
PEN_UP                  0
END_CHARACTER: JHA
