CHARACTER_NAME: MXA
STROKE_COUNT: 3
  X           Y   STYLUS_STATE STROKE
PEN_DOWN
 820        1508        1        1
 794        1508        1        1
 820        1508        1        1
 847        1508        1        1
 820        1508        1        1
 794        1535        1        1
 767        1508        1        1
 794        1508        1        1
 820        1508        1        1
 847        1508        1        1
 873        1508        1        1
 926        1508        1        1
1005        1482        1        1
1085        1482        1        1
1191        1482        1        1
1270        1482        1        1
1376        1455        1        1
1482        1455        1        1
1561        1455        1        1
1640        1429        1        1
1693        1429        1        1
1746        1429        1        1
1773        1429        1        1
1799        1429        1        1
1826        1429        1        1
1852        1429        1        1
1879        1429        1        1
1905        1429        1        1
1905        1402        1        1
1931        1402        1        1
1905        1402        1        1
1879        1402        1        1
PEN_UP                  0
PEN_DOWN
 688        1614        1        2
 661        1614        1        2
 688        1614        1        2
 714        1614        1        2
 741        1614        1        2
 767        1614        1        2
 794        1614        1        2
 820        1614        1        2
 847        1614        1        2
 873        1614        1        2
 873        1640        1        2
 900        1640        1        2
 926        1667        1        2
 953        1667        1        2
 979        1667        1        2
1005        1667        1        2
1032        1693        1        2
1058        1693        1        2
1085        1693        1        2
1085        1720        1        2
1111        1720        1        2
1138        1720        1        2
1138        1746        1        2
1164        1746        1        2
1164        1773        1        2
1164        1799        1        2
1191        1799        1        2
1164        1826        1        2
1164        1852        1        2
1164        1879        1        2
1164        1905        1        2
1138        1958        1        2
1111        1984        1        2
1085        2037        1        2
1032        2064        1        2
1005        2117        1        2
 953        2143        1        2
 900        2196        1        2
 873        2223        1        2
 820        2249        1        2
 794        2302        1        2
 767        2302        1        2
 741        2328        1        2
 714        2328        1        2
 714        2355        1        2
 714        2328        1        2
 741        2328        1        2
 741        2302        1        2
 767        2302        1        2
 794        2275        1        2
 820        2275        1        2
 847        2249        1        2
 873        2249        1        2
 900        2249        1        2
 900        2223        1        2
 926        2223        1        2
 953        2249        1        2
 979        2249        1        2
1005        2275        1        2
1032        2302        1        2
1085        2302        1        2
1111        2328        1        2
1138        2328        1        2
1191        2355        1        2
1217        2381        1        2
1244        2408        1        2
1270        2434        1        2
1296        2461        1        2
1296        2487        1        2
1296        2514        1        2
1323        2540        1        2
1323        2566        1        2
1349        2566        1        2
1349        2593        1        2
1349        2619        1        2
1376        2619        1        2
1402        2619        1        2
1402        2593        1        2
1402        2566        1        2
1429        2514        1        2
1429        2461        1        2
1455        2381        1        2
1455        2302        1        2
1482        2196        1        2
1482        2090        1        2
1508        1958        1        2
1535        1852        1        2
1561        1746        1        2
1561        1667        1        2
1588        1588        1        2
1614        1508        1        2
1614        1455        1        2
1614        1402        1        2
1614        1376        1        2
1614        1349        1        2
1614        1323        1        2
1588        1323        1        2
1561        1323        1        2
1561        1349        1        2
1535        1349        1        2
1508        1376        1        2
1482        1376        1        2
1482        1402        1        2
PEN_UP                  0
PEN_DOWN
 926        1879        1        3
 926        1905        1        3
 900        1905        1        3
 873        1905        1        3
 873        1931        1        3
 900        1931        1        3
 926        1958        1        3
 953        1958        1        3
 979        1958        1        3
1005        1958        1        3
1058        1958        1        3
1085        1958        1        3
1138        1958        1        3
1164        1958        1        3
1217        1958        1        3
1244        1958        1        3
1296        1984        1        3
1323        2011        1        3
1376        2037        1        3
1402        2037        1        3
1429        2064        1        3
1429        2090        1        3
1455        2117        1        3
1482        2143        1        3
1482        2170        1        3
1482        2196        1        3
1508        2196        1        3
1508        2223        1        3
1535        2223        1        3
1535        2249        1        3
1535        2275        1        3
1508        2302        1        3
1508        2328        1        3
1508        2355        1        3
1508        2328        1        3
1482        2328        1        3
1482        2302        1        3
PEN_UP                  0
END_CHARACTER: MXA
