CHARACTER_NAME: NDD
STROKE_COUNT: 2
  X           Y   STYLUS_STATE STROKE
PEN_DOWN
1217        1561        1        1
1191        1561        1        1
1164        1561        1        1
1191        1561        1        1
1217        1535        1        1
1244        1535        1        1
1296        1535        1        1
1349        1535        1        1
1429        1535        1        1
1508        1508        1        1
1588        1508        1        1
1667        1508        1        1
1746        1508        1        1
1826        1508        1        1
1879        1508        1        1
1931        1508        1        1
1958        1508        1        1
1984        1508        1        1
2011        1508        1        1
2011        1535        1        1
1984        1535        1        1
PEN_UP                  0
PEN_DOWN
1482        2011        1        2
1508        2011        1        2
1508        1984        1        2
1535        1984        1        2
1535        2011        1        2
1535        2037        1        2
1508        2037        1        2
1508        2064        1        2
1508        2090        1        2
1482        2090        1        2
1482        2117        1        2
1455        2117        1        2
1429        2117        1        2
1402        2117        1        2
1376        2117        1        2
1376        2090        1        2
1349        2090        1        2
1323        2090        1        2
1323        2064        1        2
1296        2064        1        2
1296        2037        1        2
1323        2037        1        2
1323        2011        1        2
1323        1984        1        2
1349        1984        1        2
1376        1958        1        2
1376        1931        1        2
1402        1931        1        2
1429        1905        1        2
1455        1879        1        2
1482        1879        1        2
1508        1852        1        2
1535        1852        1        2
1561        1852        1        2
1561        1879        1        2
1588        1879        1        2
1614        1879        1        2
1640        1905        1        2
1667        1905        1        2
1693        1931        1        2
1720        1958        1        2
1746        1984        1        2
1773        2011        1        2
1799        2037        1        2
1799        2064        1        2
1826        2117        1        2
1826        2143        1        2
1852        2170        1        2
1852        2196        1        2
1879        2223        1        2
1879        2249        1        2
1905        2275        1        2
1905        2302        1        2
1905        2328        1        2
1931        2355        1        2
1931        2328        1        2
1931        2302        1        2
1931        2275        1        2
1931        2223        1        2
1931        2143        1        2
1931        2090        1        2
1931        2011        1        2
1931        1958        1        2
1931        1879        1        2
1958        1799        1        2
1958        1746        1        2
1958        1693        1        2
1958        1640        1        2
1958        1588        1        2
1958        1561        1        2
1958        1535        1        2
1958        1508        1        2
1958        1482        1        2
1958        1508        1        2
1958        1535        1        2
1958        1561        1        2
1958        1588        1        2
1958        1614        1        2
1958        1640        1        2
1958        1693        1        2
1958        1720        1        2
1958        1773        1        2
1931        1826        1        2
1931        1879        1        2
1931        1958        1        2
1931        2011        1        2
1931        2090        1        2
1931        2143        1        2
1931        2196        1        2
1931        2249        1        2
1931        2302        1        2
1931        2355        1        2
1931        2408        1        2
1931        2434        1        2
1931        2461        1        2
1931        2487        1        2
1931        2514        1        2
1958        2487        1        2
1958        2434        1        2
1984        2408        1        2
2011        2355        1        2
2037        2275        1        2
2064        2223        1        2
2117        2143        1        2
2170        2090        1        2
2223        2037        1        2
2275        2011        1        2
2328        1984        1        2
2381        1958        1        2
2434        1931        1        2
2487        1958        1        2
2514        1958        1        2
2566        1984        1        2
2593        2037        1        2
2646        2090        1        2
2646        2143        1        2
2672        2223        1        2
2699        2275        1        2
2699        2355        1        2
2699        2434        1        2
2672        2540        1        2
2672        2593        1        2
2672        2672        1        2
2646        2752        1        2
2646        2805        1        2
2646        2858        1        2
2619        2910        1        2
2619        2937        1        2
2619        2963        1        2
2593        2990        1        2
2619        2990        1        2
2619        2963        1        2
2619        2937        1        2
2646        2884        1        2
2672        2805        1        2
2725        2725        1        2
PEN_UP                  0
END_CHARACTER: NDD
