CHARACTER_NAME: NB
STROKE_COUNT: 3
  X           Y   STYLUS_STATE STROKE
PEN_DOWN
1429        1852        1        1
1402        1852        1        1
1429        1852        1        1
1482        1852        1        1
1535        1852        1        1
1614        1852        1        1
1720        1852        1        1
1826        1852        1        1
1931        1852        1        1
2064        1852        1        1
2170        1852        1        1
2275        1852        1        1
2381        1852        1        1
2434        1852        1        1
2487        1852        1        1
2514        1852        1        1
2487        1852        1        1
2434        1852        1        1
2408        1852        1        1
2381        1879        1        1
2355        1879        1        1
PEN_UP                  0
PEN_DOWN
2037        2328        1        2
2011        2328        1        2
2011        2355        1        2
1984        2381        1        2
1958        2408        1        2
1931        2434        1        2
1905        2487        1        2
1879        2514        1        2
1852        2540        1        2
1826        2566        1        2
1799        2593        1        2
1773        2593        1        2
1773        2566        1        2
1746        2540        1        2
1746        2514        1        2
1720        2487        1        2
1720        2461        1        2
1720        2434        1        2
1720        2408        1        2
1720        2381        1        2
1720        2355        1        2
1746        2355        1        2
1773        2328        1        2
1799        2328        1        2
1852        2328        1        2
1905        2328        1        2
1931        2328        1        2
1984        2328        1        2
2037        2355        1        2
2064        2381        1        2
2090        2408        1        2
2117        2434        1        2
2143        2461        1        2
2170        2487        1        2
2196        2540        1        2
2196        2566        1        2
2223        2593        1        2
2223        2619        1        2
2249        2646        1        2
2275        2646        1        2
2302        2619        1        2
2355        2593        1        2
2381        2566        1        2
PEN_UP                  0
PEN_DOWN
2355        1984        1        3
2328        1931        1        3
2302        1905        1        3
2302        1879        1        3
2275        1852        1        3
2302        1826        1        3
2302        1799        1        3
2302        1773        1        3
2328        1773        1        3
2355        1773        1        3
2355        1746        1        3
2381        1746        1        3
2381        1773        1        3
2381        1799        1        3
2381        1826        1        3
2355        1852        1        3
2355        1905        1        3
2328        1958        1        3
2328        2011        1        3
2328        2064        1        3
2302        2143        1        3
2302        2196        1        3
2302        2275        1        3
2302        2328        1        3
2328        2408        1        3
2328        2461        1        3
2328        2514        1        3
2328        2566        1        3
2328        2619        1        3
2328        2672        1        3
2328        2699        1        3
2328        2725        1        3
2328        2752        1        3
2328        2778        1        3
2328        2805        1        3
2302        2831        1        3
2302        2858        1        3
2302        2884        1        3
2302        2910        1        3
2302        2937        1        3
2302        2963        1        3
2302        2990        1        3
2302        3016        1        3
2275        2990        1        3
2275        2963        1        3
2275        2937        1        3
2275        2910        1        3
2275        2884        1        3
2249        2858        1        3
2223        2858        1        3
2196        2858        1        3
2170        2884        1        3
2143        2884        1        3
2117        2910        1        3
2064        2937        1        3
2011        2963        1        3
1958        2990        1        3
1905        3043        1        3
1826        3069        1        3
1773        3122        1        3
1693        3175        1        3
1614        3228        1        3
1535        3281        1        3
1482        3307        1        3
1429        3360        1        3
1402        3387        1        3
1376        3413        1        3
1349        3413        1        3
1349        3440        1        3
1376        3413        1        3
1402        3413        1        3
1455        3387        1        3
1482        3387        1        3
1508        3360        1        3
1561        3360        1        3
1588        3360        1        3
1614        3360        1        3
1667        3360        1        3
1693        3387        1        3
1746        3413        1        3
1799        3440        1        3
1852        3466        1        3
1879        3493        1        3
1931        3519        1        3
1984        3545        1        3
2011        3598        1        3
2037        3625        1        3
2064        3625        1        3
2090        3651        1        3
2117        3651        1        3
2117        3678        1        3
2143        3678        1        3
2170        3678        1        3
2170        3651        1        3
2170        3625        1        3
2170        3598        1        3
2170        3572        1        3
2170        3519        1        3
2170        3466        1        3
2170        3387        1        3
2170        3307        1        3
2196        3228        1        3
2196        3149        1        3
2223        3069        1        3
2223        2990        1        3
2249        2937        1        3
2249        2884        1        3
2249        2831        1        3
2249        2778        1        3
2249        2752        1        3
2249        2725        1        3
2249        2699        1        3
2249        2672        1        3
2275        2699        1        3
2302        2699        1        3
2328        2672        1        3
2355        2672        1        3
2381        2646        1        3
PEN_UP                  0
END_CHARACTER: NB
