CHARACTER_NAME: NM
STROKE_COUNT: 3
  X           Y   STYLUS_STATE STROKE
PEN_DOWN
1005        1614        1        1
1032        1614        1        1
1058        1614        1        1
1138        1614        1        1
1217        1614        1        1
1323        1614        1        1
1429        1614        1        1
1588        1614        1        1
1720        1614        1        1
1852        1614        1        1
2011        1614        1        1
2143        1614        1        1
2275        1640        1        1
2408        1640        1        1
2487        1640        1        1
2540        1640        1        1
2593        1614        1        1
2619        1614        1        1
2593        1614        1        1
2566        1614        1        1
2540        1614        1        1
2487        1614        1        1
2461        1640        1        1
2434        1640        1        1
PEN_UP                  0
PEN_DOWN
1508        2170        1        2
1535        2170        1        2
1535        2143        1        2
1561        2143        1        2
1561        2170        1        2
1535        2170        1        2
1535        2196        1        2
1508        2223        1        2
1508        2249        1        2
1482        2249        1        2
1482        2275        1        2
1482        2302        1        2
1455        2302        1        2
1429        2302        1        2
1402        2302        1        2
1376        2275        1        2
1349        2249        1        2
1323        2249        1        2
1323        2223        1        2
1323        2196        1        2
1323        2170        1        2
1323        2143        1        2
1349        2143        1        2
1402        2117        1        2
1429        2117        1        2
1455        2090        1        2
1508        2090        1        2
1535        2064        1        2
1561        2064        1        2
1588        2064        1        2
1614        2037        1        2
1640        2037        1        2
1640        2011        1        2
1667        2037        1        2
1693        2037        1        2
1720        2037        1        2
1746        2064        1        2
1773        2090        1        2
1799        2117        1        2
1826        2143        1        2
1852        2170        1        2
1879        2196        1        2
1905        2223        1        2
1905        2275        1        2
1931        2302        1        2
1958        2328        1        2
1958        2381        1        2
1958        2408        1        2
1984        2461        1        2
1984        2487        1        2
1984        2514        1        2
1984        2566        1        2
2011        2593        1        2
2011        2619        1        2
2011        2646        1        2
2011        2619        1        2
2011        2593        1        2
2011        2566        1        2
2011        2514        1        2
2011        2434        1        2
2011        2381        1        2
2011        2275        1        2
2011        2196        1        2
2011        2090        1        2
2037        2011        1        2
2037        1905        1        2
2037        1826        1        2
2064        1746        1        2
2064        1693        1        2
2064        1614        1        2
2064        1588        1        2
2064        1535        1        2
2090        1508        1        2
2090        1482        1        2
2064        1508        1        2
2064        1535        1        2
2064        1561        1        2
2037        1561        1        2
2037        1588        1        2
2037        1614        1        2
2037        1640        1        2
2037        1667        1        2
2037        1693        1        2
2011        1720        1        2
2011        1773        1        2
1984        1826        1        2
1984        1879        1        2
1984        1931        1        2
1984        2011        1        2
2011        2064        1        2
PEN_UP                  0
PEN_DOWN
2011        2540        1        3
2037        2540        1        3
2011        2540        1        3
1984        2514        1        3
2011        2514        1        3
2011        2487        1        3
2011        2514        1        3
1984        2514        1        3
1958        2540        1        3
1931        2540        1        3
1905        2540        1        3
1879        2540        1        3
1879        2566        1        3
1852        2566        1        3
1826        2593        1        3
1799        2593        1        3
1746        2619        1        3
1720        2646        1        3
1693        2672        1        3
1667        2699        1        3
1640        2725        1        3
1667        2752        1        3
1667        2778        1        3
1720        2805        1        3
1746        2831        1        3
1799        2858        1        3
1879        2884        1        3
1931        2884        1        3
1984        2910        1        3
2037        2910        1        3
2064        2937        1        3
2090        2963        1        3
2090        2990        1        3
2090        3043        1        3
2090        3069        1        3
2064        3122        1        3
2011        3175        1        3
1984        3201        1        3
1958        3254        1        3
1931        3281        1        3
1905        3307        1        3
1879        3334        1        3
1852        3334        1        3
1826        3360        1        3
1799        3360        1        3
1773        3360        1        3
1720        3334        1        3
1693        3334        1        3
1640        3307        1        3
1614        3254        1        3
1588        3228        1        3
1588        3175        1        3
1614        3122        1        3
1640        3069        1        3
1693        3016        1        3
1773        2990        1        3
1826        2937        1        3
1905        2884        1        3
1984        2858        1        3
2064        2831        1        3
2117        2805        1        3
2170        2805        1        3
2223        2805        1        3
2275        2805        1        3
2302        2831        1        3
2328        2858        1        3
2355        2884        1        3
2381        2910        1        3
2381        2963        1        3
2408        3016        1        3
2434        3069        1        3
2434        3122        1        3
2461        3149        1        3
2461        3175        1        3
2487        3201        1        3
2487        3228        1        3
2487        3254        1        3
2487        3228        1        3
2487        3175        1        3
2487        3149        1        3
2487        3069        1        3
2514        3016        1        3
2514        2937        1        3
2514        2831        1        3
2540        2725        1        3
2566        2619        1        3
2566        2487        1        3
2593        2355        1        3
2619        2249        1        3
2619        2143        1        3
2646        2064        1        3
2646        2011        1        3
2646        1958        1        3
2646        1905        1        3
2646        1879        1        3
2646        1852        1        3
2646        1826        1        3
2646        1799        1        3
2646        1773        1        3
2646        1746        1        3
2646        1720        1        3
2646        1693        1        3
2672        1693        1        3
2725        1693        1        3
2805        1693        1        3
2884        1693        1        3
2990        1720        1        3
3122        1720        1        3
3254        1746        1        3
3387        1746        1        3
3519        1746        1        3
3625        1773        1        3
3731        1773        1        3
3784        1773        1        3
3836        1746        1        3
3863        1746        1        3
3889        1746        1        3
3863        1746        1        3
3836        1720        1        3
3810        1720        1        3
3757        1720        1        3
3731        1720        1        3
3704        1720        1        3
3704        1746        1        3
3731        1773        1        3
3757        1799        1        3
3810        1799        1        3
3836        1799        1        3
3863        1773        1        3
PEN_UP                  0
END_CHARACTER: NM
