CHARACTER_NAME: LK
STROKE_COUNT: 2
  X           Y   STYLUS_STATE STROKE
PEN_DOWN
1376         953        1        1
1402         953        1        1
1455         953        1        1
1508         953        1        1
1561         953        1        1
1614         953        1        1
1693         953        1        1
1773         953        1        1
1826         953        1        1
1905         953        1        1
1958         953        1        1
2011         953        1        1
2064         953        1        1
2117         953        1        1
2143         953        1        1
2170         953        1        1
2196         953        1        1
2223         953        1        1
2249         953        1        1
2249         926        1        1
2249         953        1        1
2249         979        1        1
2249        1005        1        1
2249        1032        1        1
2249        1058        1        1
2249        1111        1        1
2249        1164        1        1
2249        1191        1        1
2249        1244        1        1
2249        1270        1        1
2275        1296        1        1
2275        1349        1        1
2275        1376        1        1
2275        1402        1        1
2275        1429        1        1
2275        1455        1        1
2275        1429        1        1
2249        1429        1        1
2249        1402        1        1
2223        1376        1        1
2196        1349        1        1
2170        1323        1        1
2143        1296        1        1
2117        1270        1        1
2090        1270        1        1
2064        1244        1        1
2037        1244        1        1
2011        1270        1        1
1984        1270        1        1
1958        1296        1        1
1931        1296        1        1
1905        1323        1        1
1905        1349        1        1
1879        1376        1        1
1852        1402        1        1
1826        1429        1        1
1826        1455        1        1
1826        1482        1        1
1799        1482        1        1
1799        1508        1        1
1826        1508        1        1
1826        1482        1        1
1852        1455        1        1
1852        1429        1        1
1852        1402        1        1
1826        1402        1        1
1799        1376        1        1
1773        1376        1        1
1746        1376        1        1
1720        1402        1        1
1693        1402        1        1
1640        1429        1        1
1614        1429        1        1
1588        1455        1        1
1535        1482        1        1
1508        1508        1        1
1482        1535        1        1
1482        1561        1        1
1455        1588        1        1
1429        1614        1        1
1429        1640        1        1
1455        1640        1        1
1455        1614        1        1
1482        1614        1        1
PEN_UP                  0
PEN_DOWN
2302        1508        1        2
2302        1482        1        2
2328        1482        1        2
2328        1455        1        2
2328        1482        1        2
2302        1508        1        2
2275        1535        1        2
2249        1561        1        2
2223        1588        1        2
2196        1614        1        2
2170        1640        1        2
2117        1667        1        2
2090        1693        1        2
2037        1720        1        2
2011        1746        1        2
1984        1773        1        2
1984        1799        1        2
1958        1799        1        2
1958        1826        1        2
1958        1852        1        2
1984        1852        1        2
2011        1852        1        2
2037        1852        1        2
2064        1852        1        2
2090        1852        1        2
2117        1852        1        2
2143        1852        1        2
2170        1852        1        2
2196        1879        1        2
2249        1879        1        2
2275        1879        1        2
2302        1879        1        2
2328        1905        1        2
2355        1905        1        2
2381        1931        1        2
2408        1958        1        2
2434        1958        1        2
2461        1984        1        2
2487        2011        1        2
2514        2011        1        2
2514        2037        1        2
2514        2011        1        2
2487        1984        1        2
2461        1984        1        2
2461        1931        1        2
2434        1905        1        2
2408        1852        1        2
2381        1826        1        2
2381        1773        1        2
2381        1720        1        2
2381        1667        1        2
2408        1614        1        2
2434        1561        1        2
2434        1535        1        2
2461        1508        1        2
2487        1482        1        2
2487        1455        1        2
2514        1455        1        2
2540        1455        1        2
2566        1455        1        2
2593        1455        1        2
2619        1482        1        2
2646        1508        1        2
2672        1535        1        2
2672        1561        1        2
2699        1588        1        2
2725        1614        1        2
2725        1640        1        2
2752        1640        1        2
2725        1640        1        2
2725        1614        1        2
PEN_UP                  0
END_CHARACTER: LK
