CHARACTER_NAME: MND
STROKE_COUNT: 1
  X           Y   STYLUS_STATE STROKE
PEN_DOWN
1376        1349        1        1
1349        1376        1        1
1323        1376        1        1
1296        1349        1        1
1296        1323        1        1
1270        1323        1        1
1270        1296        1        1
1296        1270        1        1
1296        1244        1        1
1296        1217        1        1
1323        1191        1        1
1323        1164        1        1
1349        1164        1        1
1376        1164        1        1
1402        1138        1        1
1429        1138        1        1
1482        1138        1        1
1508        1164        1        1
1561        1164        1        1
1588        1164        1        1
1640        1191        1        1
1667        1191        1        1
1693        1217        1        1
1720        1244        1        1
1746        1270        1        1
1773        1296        1        1
1773        1323        1        1
1799        1349        1        1
1799        1376        1        1
1826        1402        1        1
1826        1429        1        1
1826        1455        1        1
1826        1482        1        1
1852        1508        1        1
1852        1535        1        1
1826        1561        1        1
1826        1535        1        1
1826        1508        1        1
1852        1482        1        1
1852        1455        1        1
1879        1429        1        1
1879        1376        1        1
1905        1349        1        1
1931        1323        1        1
1958        1296        1        1
1984        1270        1        1
1984        1244        1        1
2011        1217        1        1
2037        1191        1        1
2090        1191        1        1
2117        1191        1        1
2143        1191        1        1
2170        1191        1        1
2196        1191        1        1
2196        1217        1        1
2223        1244        1        1
2249        1270        1        1
2275        1296        1        1
2302        1323        1        1
2302        1376        1        1
2328        1402        1        1
2328        1429        1        1
2328        1455        1        1
2328        1482        1        1
2328        1508        1        1
2328        1535        1        1
2328        1561        1        1
2302        1588        1        1
2275        1614        1        1
2249        1640        1        1
2223        1667        1        1
2196        1693        1        1
2170        1693        1        1
2170        1720        1        1
2143        1720        1        1
2117        1720        1        1
2090        1720        1        1
2090        1693        1        1
2064        1667        1        1
2090        1640        1        1
2117        1640        1        1
2117        1614        1        1
2143        1614        1        1
2170        1614        1        1
2196        1614        1        1
2223        1640        1        1
2249        1640        1        1
2275        1640        1        1
2302        1667        1        1
2328        1693        1        1
2355        1720        1        1
2355        1746        1        1
2381        1773        1        1
2381        1799        1        1
2381        1826        1        1
2355        1879        1        1
2355        1905        1        1
2328        1931        1        1
2275        1984        1        1
2249        2011        1        1
2196        2037        1        1
2143        2064        1        1
2090        2090        1        1
2037        2090        1        1
1958        2090        1        1
1879        2064        1        1
1799        2064        1        1
1746        2037        1        1
1667        1984        1        1
1588        1958        1        1
1508        1905        1        1
1455        1879        1        1
1402        1852        1        1
1349        1826        1        1
1323        1799        1        1
1323        1773        1        1
1296        1773        1        1
1323        1773        1        1
PEN_UP                  0
END_CHARACTER: MND
