CHARACTER_NAME: NGJ
STROKE_COUNT: 3
  X           Y   STYLUS_STATE STROKE
PEN_DOWN
2302        1058        1        1
2275        1058        1        1
2249        1058        1        1
2223        1058        1        1
2223        1032        1        1
2196        1032        1        1
2170        1005        1        1
2170         979        1        1
2196         953        1        1
2196         926        1        1
2223         900        1        1
2249         873        1        1
2275         847        1        1
2302         847        1        1
2328         847        1        1
2355         820        1        1
2381         820        1        1
2408         820        1        1
2434         820        1        1
2461         820        1        1
2487         820        1        1
2514         820        1        1
2540         820        1        1
2566         847        1        1
2593         847        1        1
2619         847        1        1
2646         873        1        1
2672         900        1        1
2699         900        1        1
2725         926        1        1
2725         953        1        1
2752         979        1        1
2778         979        1        1
2778        1005        1        1
2805        1032        1        1
2805        1058        1        1
2805        1085        1        1
2831        1085        1        1
2831        1111        1        1
2831        1138        1        1
2831        1164        1        1
2831        1191        1        1
2831        1217        1        1
2831        1244        1        1
2805        1270        1        1
2805        1296        1        1
2778        1323        1        1
2752        1323        1        1
2752        1349        1        1
2725        1349        1        1
2725        1376        1        1
2699        1376        1        1
2672        1376        1        1
2646        1376        1        1
2646        1402        1        1
2619        1402        1        1
2593        1402        1        1
2593        1429        1        1
2566        1429        1        1
2540        1429        1        1
2540        1455        1        1
2514        1455        1        1
2487        1455        1        1
2487        1482        1        1
2461        1482        1        1
2434        1508        1        1
2408        1508        1        1
2408        1535        1        1
2381        1535        1        1
2355        1561        1        1
2355        1588        1        1
2328        1588        1        1
2328        1614        1        1
2302        1614        1        1
2302        1640        1        1
2302        1667        1        1
2328        1667        1        1
2302        1667        1        1
2328        1693        1        1
2328        1720        1        1
2355        1720        1        1
2381        1720        1        1
2408        1720        1        1
2434        1720        1        1
2461        1693        1        1
2487        1693        1        1
2514        1693        1        1
2540        1693        1        1
2566        1693        1        1
2566        1667        1        1
2593        1667        1        1
2619        1667        1        1
2646        1640        1        1
2672        1640        1        1
2699        1640        1        1
2725        1614        1        1
2752        1614        1        1
2778        1614        1        1
2805        1614        1        1
2831        1588        1        1
2858        1588        1        1
2884        1588        1        1
2910        1588        1        1
2910        1614        1        1
2937        1614        1        1
2963        1614        1        1
2990        1614        1        1
2990        1640        1        1
3016        1640        1        1
3043        1640        1        1
3016        1667        1        1
3043        1667        1        1
3043        1693        1        1
3043        1720        1        1
3043        1746        1        1
3043        1773        1        1
3016        1773        1        1
3016        1799        1        1
2990        1799        1        1
2990        1826        1        1
2963        1852        1        1
2963        1879        1        1
2937        1879        1        1
2937        1905        1        1
2910        1931        1        1
2884        1958        1        1
2858        1984        1        1
2831        2011        1        1
2805        2037        1        1
2752        2064        1        1
2725        2090        1        1
2672        2117        1        1
2619        2143        1        1
2593        2170        1        1
2540        2170        1        1
2487        2196        1        1
2461        2223        1        1
2408        2223        1        1
2381        2249        1        1
2355        2249        1        1
2328        2249        1        1
2302        2249        1        1
2275        2249        1        1
2249        2249        1        1
2249        2223        1        1
2223        2223        1        1
2196        2196        1        1
2196        2170        1        1
2196        2143        1        1
2196        2117        1        1
2223        2117        1        1
2249        2117        1        1
2275        2117        1        1
2302        2143        1        1
2355        2143        1        1
2381        2143        1        1
2434        2143        1        1
2461        2170        1        1
2514        2170        1        1
2540        2170        1        1
2566        2196        1        1
2593        2196        1        1
2619        2223        1        1
2646        2249        1        1
2699        2275        1        1
2725        2302        1        1
2752        2328        1        1
2778        2355        1        1
2805        2381        1        1
2858        2381        1        1
2884        2408        1        1
2937        2434        1        1
2990        2434        1        1
3016        2434        1        1
3069        2408        1        1
3122        2381        1        1
3175        2381        1        1
3228        2355        1        1
3254        2328        1        1
3281        2302        1        1
3307        2275        1        1
3334        2249        1        1
3360        2223        1        1
PEN_UP                  0
PEN_DOWN
3201        1164        1        2
3175        1191        1        2
3175        1217        1        2
3149        1217        1        2
3122        1217        1        2
3096        1217        1        2
3096        1191        1        2
PEN_UP                  0
PEN_DOWN
2778        1085        1        3
2805        1058        1        3
2831        1058        1        3
2858        1032        1        3
2884        1005        1        3
2910        1005        1        3
2910         979        1        3
2937         953        1        3
2963         953        1        3
2990         926        1        3
3043         926        1        3
3069         900        1        3
3096         900        1        3
3149         900        1        3
3175         900        1        3
3201         873        1        3
3228         873        1        3
3254         900        1        3
3281         900        1        3
3307         900        1        3
3307         926        1        3
3334         953        1        3
3334         979        1        3
3334        1005        1        3
3360        1032        1        3
3360        1058        1        3
3360        1085        1        3
3360        1111        1        3
3334        1111        1        3
3334        1138        1        3
3334        1164        1        3
3307        1164        1        3
3307        1191        1        3
3281        1191        1        3
3254        1217        1        3
3228        1217        1        3
3201        1244        1        3
3175        1244        1        3
3149        1244        1        3
3122        1244        1        3
3149        1244        1        3
3175        1217        1        3
3201        1217        1        3
3228        1191        1        3
3254        1191        1        3
3281        1217        1        3
3307        1217        1        3
3334        1217        1        3
3360        1217        1        3
3387        1244        1        3
3413        1244        1        3
3440        1270        1        3
3440        1296        1        3
3413        1323        1        3
3413        1349        1        3
3387        1349        1        3
3387        1376        1        3
3360        1376        1        3
3334        1376        1        3
3307        1402        1        3
3281        1402        1        3
3254        1402        1        3
3228        1402        1        3
3201        1402        1        3
3149        1402        1        3
3122        1402        1        3
3069        1402        1        3
3016        1376        1        3
2990        1376        1        3
2937        1349        1        3
2884        1349        1        3
2831        1323        1        3
2805        1296        1        3
2778        1296        1        3
2752        1270        1        3
2725        1270        1        3
2699        1244        1        3
2725        1270        1        3
PEN_UP                  0
END_CHARACTER: NGJ
