CHARACTER_NAME: DSR
STROKE_COUNT: 2
  X           Y   STYLUS_STATE STROKE
PEN_DOWN
1111        1005        1        1
1085        1032        1        1
1085        1058        1        1
1058        1085        1        1
1058        1111        1        1
1058        1138        1        1
1058        1164        1        1
1085        1164        1        1
1085        1191        1        1
1111        1191        1        1
1111        1217        1        1
1138        1217        1        1
1164        1244        1        1
1191        1244        1        1
1217        1270        1        1
1244        1270        1        1
1244        1296        1        1
1270        1296        1        1
1270        1323        1        1
1296        1323        1        1
1296        1349        1        1
1296        1376        1        1
1323        1402        1        1
1323        1429        1        1
1323        1455        1        1
1323        1482        1        1
1323        1508        1        1
1323        1535        1        1
1296        1561        1        1
1296        1588        1        1
1296        1614        1        1
1270        1640        1        1
1270        1667        1        1
1244        1667        1        1
1244        1693        1        1
1270        1667        1        1
1270        1640        1        1
1296        1588        1        1
1296        1561        1        1
1323        1535        1        1
1349        1482        1        1
1376        1455        1        1
1402        1402        1        1
1402        1376        1        1
1429        1349        1        1
1429        1323        1        1
1455        1296        1        1
1482        1296        1        1
1508        1296        1        1
1535        1296        1        1
1561        1323        1        1
1588        1323        1        1
1614        1349        1        1
1640        1376        1        1
1667        1402        1        1
1693        1429        1        1
1693        1455        1        1
1720        1455        1        1
1720        1482        1        1
1746        1482        1        1
1746        1508        1        1
1773        1508        1        1
1746        1482        1        1
1746        1455        1        1
1746        1429        1        1
1746        1402        1        1
1746        1349        1        1
1720        1296        1        1
1720        1217        1        1
1720        1164        1        1
1720        1085        1        1
1720        1032        1        1
1720         979        1        1
1720         953        1        1
1693         900        1        1
1693         873        1        1
1693         847        1        1
1693         873        1        1
1693         900        1        1
1693         953        1        1
1693        1005        1        1
1720        1058        1        1
1720        1111        1        1
1720        1138        1        1
1720        1191        1        1
1720        1244        1        1
1720        1296        1        1
1746        1323        1        1
1746        1376        1        1
1746        1402        1        1
1746        1455        1        1
1746        1482        1        1
1746        1508        1        1
1746        1535        1        1
1746        1561        1        1
1746        1588        1        1
1746        1614        1        1
1746        1640        1        1
1746        1667        1        1
1746        1693        1        1
1746        1720        1        1
1746        1746        1        1
1773        1746        1        1
1773        1773        1        1
1773        1799        1        1
1773        1773        1        1
1746        1773        1        1
1746        1746        1        1
1720        1746        1        1
1720        1720        1        1
1693        1720        1        1
1667        1720        1        1
1640        1720        1        1
1614        1720        1        1
1588        1746        1        1
1535        1746        1        1
1508        1773        1        1
1482        1799        1        1
1429        1826        1        1
1402        1852        1        1
1349        1905        1        1
1323        1931        1        1
1270        1984        1        1
1244        2037        1        1
1217        2090        1        1
1164        2117        1        1
1138        2143        1        1
1111        2196        1        1
1085        2223        1        1
1058        2249        1        1
1032        2249        1        1
1005        2223        1        1
 979        2223        1        1
 953        2196        1        1
 926        2143        1        1
 900        2117        1        1
 873        2064        1        1
 847        2037        1        1
 820        1984        1        1
 794        1958        1        1
 794        1931        1        1
 794        1905        1        1
 794        1852        1        1
 820        1826        1        1
PEN_UP                  0
PEN_DOWN
 847        1138        1        2
 847        1111        1        2
 900        1111        1        2
 979        1085        1        2
1085        1032        1        2
1244        1005        1        2
1402         953        1        2
1561         926        1        2
1746         900        1        2
1879         873        1        2
2037         847        1        2
2170         820        1        2
2249         820        1        2
2328         794        1        2
2381         820        1        2
2408         820        1        2
2408         847        1        2
PEN_UP                  0
END_CHARACTER: DSR
