CHARACTER_NAME: CAY
STROKE_COUNT: 1
  X           Y   STYLUS_STATE STROKE
PEN_DOWN
2566         794        1        1
2566         767        1        1
2566         741        1        1
2540         741        1        1
2540         714        1        1
2514         714        1        1
2487         741        1        1
2487         767        1        1
2461         820        1        1
2434         847        1        1
2408         900        1        1
2408         953        1        1
2381        1005        1        1
2355        1058        1        1
2328        1111        1        1
2328        1164        1        1
2328        1191        1        1
2302        1217        1        1
2302        1244        1        1
2302        1270        1        1
2328        1270        1        1
2355        1244        1        1
2381        1244        1        1
2408        1244        1        1
2434        1244        1        1
2461        1244        1        1
2487        1244        1        1
2514        1244        1        1
2540        1270        1        1
2566        1296        1        1
2566        1323        1        1
2566        1349        1        1
2540        1376        1        1
2540        1402        1        1
2514        1429        1        1
2487        1455        1        1
2461        1482        1        1
2408        1508        1        1
2355        1535        1        1
2302        1561        1        1
2275        1588        1        1
2223        1614        1        1
2170        1614        1        1
2117        1614        1        1
2037        1614        1        1
1984        1614        1        1
1905        1588        1        1
1826        1561        1        1
1773        1535        1        1
1693        1482        1        1
1614        1429        1        1
1561        1376        1        1
1508        1296        1        1
1455        1217        1        1
1429        1138        1        1
1402        1058        1        1
1402        1005        1        1
1429         953        1        1
1482         926        1        1
1535         900        1        1
1614         900        1        1
PEN_UP                  0
END_CHARACTER: CAY
