CHARACTER_NAME: RA
STROKE_COUNT: 3
  X           Y   STYLUS_STATE STROKE
PEN_DOWN
1773         926        1        1
1720         979        1        1
1693        1005        1        1
1640        1058        1        1
1588        1111        1        1
1535        1164        1        1
1508        1191        1        1
1455        1244        1        1
1429        1270        1        1
1402        1296        1        1
1376        1323        1        1
1349        1349        1        1
1323        1376        1        1
1323        1402        1        1
1296        1402        1        1
1296        1429        1        1
1296        1455        1        1
1296        1482        1        1
1323        1482        1        1
1349        1508        1        1
1376        1508        1        1
1402        1508        1        1
1429        1508        1        1
1482        1508        1        1
1508        1508        1        1
1561        1508        1        1
1614        1508        1        1
1667        1508        1        1
1720        1508        1        1
1746        1508        1        1
1799        1508        1        1
1852        1508        1        1
1879        1535        1        1
1931        1535        1        1
1958        1535        1        1
1984        1561        1        1
2037        1561        1        1
2064        1588        1        1
2090        1588        1        1
2090        1614        1        1
2117        1614        1        1
2143        1640        1        1
2170        1640        1        1
2170        1667        1        1
2170        1640        1        1
2143        1614        1        1
2117        1588        1        1
2117        1561        1        1
2090        1508        1        1
2090        1482        1        1
2064        1429        1        1
2064        1376        1        1
2064        1323        1        1
2037        1270        1        1
2037        1217        1        1
2037        1164        1        1
2011        1111        1        1
2011        1058        1        1
2011        1032        1        1
2011        1005        1        1
2011         953        1        1
2011         926        1        1
1984         926        1        1
1984         900        1        1
1984         873        1        1
1984         900        1        1
PEN_UP                  0
PEN_DOWN
1482        1111        1        2
1508        1111        1        2
1508        1138        1        2
1535        1164        1        2
1561        1164        1        2
1588        1164        1        2
1614        1191        1        2
1640        1191        1        2
1693        1191        1        2
1746        1191        1        2
1799        1217        1        2
1852        1217        1        2
1879        1217        1        2
1931        1217        1        2
1958        1217        1        2
1984        1244        1        2
2011        1244        1        2
2037        1244        1        2
2064        1244        1        2
2090        1270        1        2
PEN_UP                  0
PEN_DOWN
1164         873        1        3
1217         873        1        3
1270         873        1        3
1323         873        1        3
1376         847        1        3
1455         847        1        3
1535         847        1        3
1614         847        1        3
1693         820        1        3
1773         820        1        3
1852         794        1        3
1931         794        1        3
1984         767        1        3
2064         767        1        3
2117         767        1        3
2170         741        1        3
2223         741        1        3
2275         741        1        3
2302         741        1        3
2328         714        1        3
2355         714        1        3
2381         714        1        3
PEN_UP                  0
END_CHARACTER: RA
