CHARACTER_NAME: KT
STROKE_COUNT: 3
  X           Y   STYLUS_STATE STROKE
PEN_DOWN
3069        1376        1        1
3043        1376        1        1
3016        1376        1        1
2990        1376        1        1
2990        1349        1        1
2963        1349        1        1
2937        1349        1        1
2937        1323        1        1
2910        1323        1        1
2910        1296        1        1
2910        1270        1        1
2884        1270        1        1
2884        1244        1        1
2910        1217        1        1
2910        1191        1        1
2910        1164        1        1
2937        1138        1        1
2963        1138        1        1
2990        1111        1        1
3016        1111        1        1
3043        1085        1        1
3096        1085        1        1
3122        1085        1        1
3149        1058        1        1
3175        1058        1        1
3201        1085        1        1
3228        1085        1        1
3228        1111        1        1
3254        1138        1        1
3281        1164        1        1
3307        1191        1        1
3307        1217        1        1
3334        1270        1        1
3334        1296        1        1
3360        1349        1        1
3360        1376        1        1
3387        1429        1        1
3360        1455        1        1
3360        1482        1        1
3360        1535        1        1
3360        1561        1        1
3334        1588        1        1
3307        1614        1        1
3281        1640        1        1
3254        1640        1        1
3254        1667        1        1
3228        1667        1        1
3228        1640        1        1
3254        1640        1        1
3254        1614        1        1
3281        1614        1        1
3307        1614        1        1
3334        1588        1        1
3360        1588        1        1
3387        1588        1        1
3413        1614        1        1
3466        1614        1        1
3493        1614        1        1
3519        1640        1        1
3545        1640        1        1
3572        1667        1        1
3598        1693        1        1
3625        1720        1        1
3625        1773        1        1
3625        1799        1        1
3625        1826        1        1
3598        1852        1        1
3572        1879        1        1
3545        1931        1        1
3493        1958        1        1
3440        1984        1        1
3387        1984        1        1
3334        2011        1        1
3281        2011        1        1
3228        2011        1        1
3175        2011        1        1
3122        2011        1        1
3069        1984        1        1
3016        1984        1        1
2963        1958        1        1
2937        1931        1        1
2910        1905        1        1
2884        1879        1        1
2858        1879        1        1
2858        1852        1        1
2858        1826        1        1
2884        1826        1        1
PEN_UP                  0
PEN_DOWN
3572        1535        1        2
3572        1508        1        2
3598        1482        1        2
3598        1455        1        2
3625        1455        1        2
3625        1429        1        2
3651        1429        1        2
3678        1429        1        2
3731        1402        1        2
3757        1402        1        2
3810        1402        1        2
3863        1402        1        2
3889        1402        1        2
3942        1402        1        2
3969        1402        1        2
4022        1429        1        2
4048        1429        1        2
4075        1455        1        2
4101        1482        1        2
4101        1508        1        2
4128        1508        1        2
4128        1535        1        2
4128        1561        1        2
4101        1588        1        2
4075        1588        1        2
4048        1561        1        2
4022        1561        1        2
4022        1535        1        2
PEN_UP                  0
PEN_DOWN
2566        1270        1        3
2540        1244        1        3
2514        1244        1        3
2514        1217        1        3
2487        1217        1        3
2487        1191        1        3
2514        1191        1        3
2566        1191        1        3
2619        1164        1        3
2699        1138        1        3
2752        1138        1        3
2831        1111        1        3
2910        1085        1        3
2990        1058        1        3
3069        1032        1        3
3149        1005        1        3
3228         979        1        3
3281         979        1        3
3334         953        1        3
3387         953        1        3
3440         926        1        3
3466         926        1        3
3493         926        1        3
3519         926        1        3
3519         953        1        3
PEN_UP                  0
END_CHARACTER: KT
