CHARACTER_NAME: MDD
STROKE_COUNT: 3
  X           Y   STYLUS_STATE STROKE
PEN_DOWN
1720        1191        1        1
1720        1164        1        1
1693        1164        1        1
1693        1191        1        1
1667        1217        1        1
1640        1244        1        1
1614        1270        1        1
1588        1296        1        1
1588        1323        1        1
1561        1349        1        1
1561        1376        1        1
1535        1402        1        1
1561        1429        1        1
1561        1455        1        1
1588        1482        1        1
1614        1508        1        1
1640        1508        1        1
1667        1508        1        1
1693        1508        1        1
1720        1508        1        1
1746        1535        1        1
1773        1535        1        1
1773        1561        1        1
1773        1588        1        1
1773        1614        1        1
1746        1640        1        1
1720        1667        1        1
1720        1693        1        1
1693        1693        1        1
1667        1693        1        1
1640        1720        1        1
1614        1720        1        1
1588        1720        1        1
1535        1720        1        1
1508        1720        1        1
1455        1720        1        1
1429        1693        1        1
1376        1693        1        1
1323        1667        1        1
1270        1640        1        1
1217        1614        1        1
1191        1588        1        1
1138        1561        1        1
1111        1508        1        1
1085        1482        1        1
1058        1429        1        1
1032        1376        1        1
1032        1349        1        1
1032        1323        1        1
1032        1296        1        1
1058        1296        1        1
PEN_UP                  0
PEN_DOWN
2408        1191        1        2
2408        1217        1        2
2408        1244        1        2
2381        1244        1        2
2381        1270        1        2
2355        1296        1        2
2355        1323        1        2
2355        1349        1        2
2328        1402        1        2
2328        1429        1        2
2328        1455        1        2
2302        1482        1        2
2302        1508        1        2
2275        1535        1        2
2275        1561        1        2
2275        1588        1        2
2275        1614        1        2
2302        1614        1        2
2328        1614        1        2
2355        1614        1        2
2381        1588        1        2
2408        1588        1        2
2434        1588        1        2
2461        1588        1        2
2487        1588        1        2
2514        1588        1        2
2540        1588        1        2
2566        1588        1        2
2566        1614        1        2
2593        1614        1        2
2619        1640        1        2
2646        1667        1        2
2646        1693        1        2
2646        1720        1        2
2646        1746        1        2
2619        1746        1        2
2619        1773        1        2
2593        1799        1        2
2566        1826        1        2
2540        1826        1        2
2487        1852        1        2
2461        1852        1        2
2408        1852        1        2
2381        1852        1        2
2328        1852        1        2
2275        1852        1        2
2249        1826        1        2
2196        1826        1        2
2143        1799        1        2
2090        1773        1        2
2037        1746        1        2
1984        1746        1        2
1958        1720        1        2
1905        1693        1        2
1879        1667        1        2
1879        1640        1        2
1852        1614        1        2
1852        1588        1        2
1879        1588        1        2
1905        1588        1        2
1931        1614        1        2
PEN_UP                  0
PEN_DOWN
 953        1164        1        3
 979        1164        1        3
1032        1191        1        3
1111        1191        1        3
1191        1164        1        3
1296        1164        1        3
1402        1164        1        3
1535        1164        1        3
1667        1138        1        3
1773        1138        1        3
1905        1138        1        3
2011        1138        1        3
2143        1111        1        3
2223        1111        1        3
2328        1111        1        3
2408        1111        1        3
2461        1111        1        3
2514        1111        1        3
2566        1111        1        3
2593        1111        1        3
2619        1111        1        3
2646        1111        1        3
2672        1111        1        3
2699        1111        1        3
2725        1138        1        3
PEN_UP                  0
END_CHARACTER: MDD
