CHARACTER_NAME: RRG
STROKE_COUNT: 4
  X           Y   STYLUS_STATE STROKE
PEN_DOWN
2249         873        1        1
2223         900        1        1
2196         926        1        1
2196         953        1        1
2170         979        1        1
2143        1032        1        1
2143        1058        1        1
2117        1085        1        1
2090        1138        1        1
2064        1164        1        1
2064        1191        1        1
2037        1244        1        1
2037        1270        1        1
2011        1296        1        1
2037        1323        1        1
2037        1349        1        1
2064        1349        1        1
2090        1349        1        1
2117        1323        1        1
2143        1323        1        1
2170        1349        1        1
2196        1349        1        1
2196        1376        1        1
2223        1376        1        1
2223        1402        1        1
2223        1429        1        1
2223        1455        1        1
2196        1482        1        1
2196        1508        1        1
2196        1535        1        1
2170        1561        1        1
2143        1561        1        1
2117        1588        1        1
2090        1588        1        1
2064        1614        1        1
2037        1614        1        1
1984        1614        1        1
1958        1614        1        1
1905        1588        1        1
1852        1561        1        1
1799        1535        1        1
1720        1482        1        1
1667        1455        1        1
1614        1376        1        1
1535        1323        1        1
1508        1270        1        1
1455        1191        1        1
1429        1164        1        1
1402        1111        1        1
1402        1085        1        1
1429        1058        1        1
1455        1058        1        1
1535        1085        1        1
PEN_UP                  0
PEN_DOWN
2275        1931        1        2
2302        1931        1        2
2302        1905        1        2
2275        1879        1        2
2249        1852        1        2
2223        1826        1        2
2196        1826        1        2
2196        1852        1        2
2223        1852        1        2
PEN_UP                  0
PEN_DOWN
2752        1640        1        3
2752        1614        1        3
2778        1614        1        3
2778        1588        1        3
2805        1588        1        3
2805        1561        1        3
2831        1535        1        3
2831        1508        1        3
2858        1482        1        3
2858        1455        1        3
2858        1429        1        3
2858        1402        1        3
2831        1376        1        3
2831        1349        1        3
2805        1323        1        3
2778        1323        1        3
2725        1323        1        3
2699        1323        1        3
2672        1323        1        3
2619        1349        1        3
2593        1349        1        3
2540        1349        1        3
2514        1349        1        3
2461        1349        1        3
2434        1323        1        3
2408        1323        1        3
2381        1323        1        3
2355        1296        1        3
2328        1296        1        3
2328        1270        1        3
2302        1244        1        3
2302        1217        1        3
2302        1191        1        3
2302        1164        1        3
2275        1138        1        3
2275        1111        1        3
2302        1085        1        3
2302        1058        1        3
2302        1032        1        3
2302        1005        1        3
2328         979        1        3
2328         953        1        3
2355         953        1        3
2381         926        1        3
2434         900        1        3
2461         900        1        3
2540         900        1        3
2593         900        1        3
2672         900        1        3
2752         900        1        3
2831         926        1        3
2910         953        1        3
2963         979        1        3
3043        1032        1        3
3096        1058        1        3
3149        1111        1        3
3201        1164        1        3
3254        1217        1        3
3281        1270        1        3
3307        1323        1        3
3334        1349        1        3
3360        1402        1        3
3387        1429        1        3
3387        1455        1        3
3413        1482        1        3
3413        1508        1        3
3387        1482        1        3
3360        1455        1        3
3360        1429        1        3
3334        1402        1        3
3307        1349        1        3
3281        1296        1        3
3228        1217        1        3
3201        1164        1        3
3175        1085        1        3
3149        1005        1        3
3122         953        1        3
3096         900        1        3
3096         847        1        3
3069         820        1        3
3069         794        1        3
3069         767        1        3
3096         767        1        3
3122         767        1        3
PEN_UP                  0
PEN_DOWN
1270        1058        1        4
1296        1058        1        4
1323        1058        1        4
1349        1058        1        4
1402        1032        1        4
1482        1032        1        4
1588        1005        1        4
1667         979        1        4
1773         953        1        4
1879         953        1        4
1958         926        1        4
2037         900        1        4
2117         900        1        4
2170         873        1        4
2196         873        1        4
2249         873        1        4
2275         873        1        4
2249         873        1        4
PEN_UP                  0
END_CHARACTER: RRG
