CHARACTER_NAME: NDD
STROKE_COUNT: 3
  X           Y   STYLUS_STATE STROKE
PEN_DOWN
1349        1058        1        1
1323        1058        1        1
1376        1058        1        1
1402        1058        1        1
1482        1058        1        1
1535        1058        1        1
1640        1058        1        1
1720        1058        1        1
1826        1058        1        1
1905        1058        1        1
2011        1058        1        1
2090        1058        1        1
2170        1058        1        1
2249        1058        1        1
2302        1058        1        1
2355        1058        1        1
2381        1058        1        1
2408        1058        1        1
2434        1058        1        1
2434        1032        1        1
2408        1005        1        1
2381        1005        1        1
2381        1032        1        1
2381        1058        1        1
2381        1085        1        1
2381        1111        1        1
2381        1164        1        1
2381        1191        1        1
2381        1244        1        1
2408        1270        1        1
2408        1323        1        1
2408        1376        1        1
2408        1402        1        1
2408        1455        1        1
2408        1482        1        1
2408        1508        1        1
2434        1535        1        1
2434        1561        1        1
2434        1588        1        1
2408        1561        1        1
2408        1535        1        1
2381        1535        1        1
2381        1508        1        1
2355        1482        1        1
2328        1455        1        1
2302        1429        1        1
2275        1402        1        1
2249        1376        1        1
2223        1349        1        1
2170        1349        1        1
2143        1323        1        1
2090        1323        1        1
2037        1323        1        1
2011        1349        1        1
1958        1376        1        1
1905        1402        1        1
1852        1429        1        1
1826        1455        1        1
1799        1482        1        1
1773        1508        1        1
1773        1535        1        1
1773        1561        1        1
1773        1588        1        1
1799        1588        1        1
1826        1614        1        1
1852        1614        1        1
1879        1614        1        1
1879        1588        1        1
1905        1588        1        1
1931        1588        1        1
1931        1561        1        1
1958        1535        1        1
1958        1508        1        1
1984        1508        1        1
PEN_UP                  0
PEN_DOWN
2540        1535        1        2
2540        1508        1        2
2566        1508        1        2
2566        1482        1        2
2593        1482        1        2
2593        1455        1        2
2619        1455        1        2
2619        1429        1        2
2646        1402        1        2
2672        1402        1        2
2699        1376        1        2
2725        1376        1        2
2725        1349        1        2
2752        1349        1        2
2778        1349        1        2
2805        1349        1        2
2831        1349        1        2
2831        1376        1        2
2858        1402        1        2
2858        1429        1        2
2858        1482        1        2
2858        1508        1        2
2831        1561        1        2
2805        1614        1        2
2805        1667        1        2
2778        1720        1        2
2752        1773        1        2
2752        1826        1        2
2725        1852        1        2
2752        1905        1        2
2752        1931        1        2
2778        1984        1        2
2831        2011        1        2
2884        2037        1        2
2963        2037        1        2
3016        2037        1        2
3096        2037        1        2
3175        2037        1        2
3228        2037        1        2
3281        2011        1        2
PEN_UP                  0
PEN_DOWN
2487        1005        1        3
2566        1005        1        3
2646        1005        1        3
2752         979        1        3
2831         979        1        3
2910         979        1        3
2990         979        1        3
3069         979        1        3
3122         979        1        3
3149        1005        1        3
3201        1005        1        3
PEN_UP                  0
END_CHARACTER: NDD
