CHARACTER_NAME: NNN
STROKE_COUNT: 2
  X           Y   STYLUS_STATE STROKE
PEN_DOWN
1640        1138        1        1
1614        1138        1        1
1640        1138        1        1
1667        1138        1        1
1693        1138        1        1
1720        1138        1        1
1773        1138        1        1
1852        1138        1        1
1905        1138        1        1
1984        1138        1        1
2064        1138        1        1
2143        1138        1        1
2223        1138        1        1
2302        1138        1        1
2355        1138        1        1
2408        1138        1        1
2434        1138        1        1
2461        1138        1        1
2487        1138        1        1
2487        1111        1        1
2514        1111        1        1
2487        1111        1        1
2487        1085        1        1
2461        1085        1        1
2461        1111        1        1
2487        1138        1        1
2487        1164        1        1
2487        1191        1        1
2487        1217        1        1
2514        1270        1        1
2514        1296        1        1
2514        1349        1        1
2514        1402        1        1
2540        1455        1        1
2540        1482        1        1
2566        1535        1        1
2566        1561        1        1
2593        1614        1        1
2593        1640        1        1
2619        1667        1        1
2646        1693        1        1
2619        1693        1        1
2619        1667        1        1
2619        1640        1        1
2593        1614        1        1
2566        1588        1        1
2540        1561        1        1
2514        1535        1        1
2461        1508        1        1
2434        1508        1        1
2381        1482        1        1
2328        1482        1        1
2302        1455        1        1
2249        1482        1        1
2196        1482        1        1
2170        1482        1        1
2117        1508        1        1
2090        1508        1        1
2064        1535        1        1
2037        1561        1        1
2037        1588        1        1
2011        1614        1        1
2037        1640        1        1
2037        1667        1        1
2064        1693        1        1
2090        1693        1        1
2117        1693        1        1
2143        1667        1        1
2170        1640        1        1
2170        1614        1        1
2170        1588        1        1
2170        1561        1        1
PEN_UP                  0
PEN_DOWN
2725        1693        1        2
2725        1667        1        2
2699        1667        1        2
2699        1640        1        2
2699        1667        1        2
2699        1693        1        2
2725        1720        1        2
2725        1746        1        2
2725        1773        1        2
2752        1799        1        2
2752        1852        1        2
2778        1879        1        2
2778        1931        1        2
2805        1958        1        2
2805        1984        1        2
2831        2037        1        2
2831        2064        1        2
2831        2090        1        2
2858        2117        1        2
2858        2143        1        2
2858        2117        1        2
2858        2090        1        2
2831        2064        1        2
2831        2037        1        2
2805        2011        1        2
2778        1984        1        2
2752        1958        1        2
2725        1931        1        2
2699        1905        1        2
2646        1879        1        2
2593        1879        1        2
2540        1879        1        2
2487        1852        1        2
2434        1879        1        2
2355        1879        1        2
2302        1905        1        2
2249        1931        1        2
2223        1958        1        2
2170        1984        1        2
2143        2037        1        2
2117        2064        1        2
2117        2117        1        2
2090        2170        1        2
2117        2196        1        2
2117        2223        1        2
2143        2249        1        2
2170        2275        1        2
2196        2275        1        2
2223        2275        1        2
2249        2275        1        2
2275        2275        1        2
2302        2249        1        2
2302        2223        1        2
2328        2196        1        2
2302        2170        1        2
2302        2143        1        2
2302        2117        1        2
2275        2117        1        2
2275        2090        1        2
2249        2090        1        2
2275        2117        1        2
PEN_UP                  0
END_CHARACTER: NNN
