CHARACTER_NAME: SM
STROKE_COUNT: 3
  X           Y   STYLUS_STATE STROKE
PEN_DOWN
1164        1588        1        1
1164        1561        1        1
1191        1561        1        1
1191        1535        1        1
1217        1535        1        1
1244        1508        1        1
1270        1508        1        1
1296        1508        1        1
1349        1482        1        1
1402        1482        1        1
1429        1455        1        1
1482        1455        1        1
1535        1455        1        1
1588        1429        1        1
1640        1429        1        1
1720        1429        1        1
1773        1429        1        1
1826        1429        1        1
1879        1429        1        1
1905        1429        1        1
1958        1455        1        1
2011        1455        1        1
2037        1482        1        1
2064        1508        1        1
2090        1535        1        1
2117        1561        1        1
2143        1588        1        1
2170        1640        1        1
2170        1667        1        1
2170        1720        1        1
2143        1773        1        1
2117        1799        1        1
2090        1852        1        1
2064        1879        1        1
2037        1931        1        1
1984        1958        1        1
1958        1984        1        1
1931        2011        1        1
1905        2037        1        1
1879        2064        1        1
1852        2064        1        1
1826        2064        1        1
1826        2037        1        1
1799        2011        1        1
1799        1984        1        1
1799        1958        1        1
1826        1958        1        1
1826        1931        1        1
1826        1905        1        1
1852        1879        1        1
1852        1852        1        1
1879        1826        1        1
1905        1799        1        1
1931        1799        1        1
1958        1773        1        1
1984        1746        1        1
2011        1720        1        1
2064        1720        1        1
2117        1693        1        1
2170        1693        1        1
2196        1667        1        1
2249        1667        1        1
2302        1667        1        1
2355        1640        1        1
2408        1667        1        1
2434        1667        1        1
2461        1667        1        1
2514        1667        1        1
2540        1667        1        1
2566        1693        1        1
2593        1693        1        1
2593        1720        1        1
2619        1746        1        1
2619        1773        1        1
2646        1799        1        1
2646        1826        1        1
2646        1852        1        1
2646        1879        1        1
2646        1905        1        1
2619        1958        1        1
2619        1984        1        1
2593        2011        1        1
2566        2037        1        1
2540        2064        1        1
2487        2090        1        1
2461        2090        1        1
2434        2090        1        1
2408        2117        1        1
2355        2117        1        1
2355        2090        1        1
2328        2090        1        1
2302        2090        1        1
2302        2064        1        1
2275        2037        1        1
2302        2011        1        1
2302        1984        1        1
2302        1931        1        1
2328        1905        1        1
2355        1879        1        1
2381        1852        1        1
2408        1826        1        1
2434        1799        1        1
2461        1773        1        1
2514        1773        1        1
2540        1746        1        1
2566        1746        1        1
2619        1773        1        1
2646        1773        1        1
2699        1799        1        1
2725        1826        1        1
2752        1852        1        1
2778        1879        1        1
2778        1905        1        1
2805        1931        1        1
PEN_UP                  0
PEN_DOWN
2937        1376        1        2
2937        1349        1        2
2937        1323        1        2
2910        1349        1        2
2910        1376        1        2
2910        1402        1        2
2910        1429        1        2
2910        1455        1        2
2910        1508        1        2
2910        1561        1        2
2910        1614        1        2
2884        1667        1        2
2884        1720        1        2
2884        1799        1        2
2884        1852        1        2
2858        1931        1        2
2858        2011        1        2
2858        2090        1        2
2831        2170        1        2
2831        2249        1        2
2805        2355        1        2
2805        2434        1        2
2805        2487        1        2
2778        2566        1        2
2778        2646        1        2
2778        2699        1        2
2752        2752        1        2
2752        2805        1        2
2752        2858        1        2
2752        2910        1        2
2752        2937        1        2
2752        2963        1        2
2752        2990        1        2
2752        3016        1        2
2752        3043        1        2
2752        3016        1        2
2752        2990        1        2
2778        2963        1        2
2805        2937        1        2
2805        2910        1        2
2831        2910        1        2
2858        2884        1        2
2884        2884        1        2
2910        2884        1        2
2963        2884        1        2
2990        2884        1        2
3016        2910        1        2
3069        2910        1        2
3096        2910        1        2
3122        2937        1        2
3149        2937        1        2
3175        2937        1        2
3201        2963        1        2
3228        2990        1        2
3228        3016        1        2
3254        3016        1        2
3254        3043        1        2
3254        3069        1        2
3254        3122        1        2
3254        3149        1        2
3254        3175        1        2
3228        3201        1        2
3201        3228        1        2
3201        3254        1        2
3175        3281        1        2
3149        3307        1        2
3122        3334        1        2
3096        3334        1        2
3069        3360        1        2
3043        3360        1        2
3016        3360        1        2
2990        3360        1        2
2990        3334        1        2
2963        3334        1        2
2963        3307        1        2
2963        3281        1        2
2963        3254        1        2
2963        3228        1        2
2963        3201        1        2
2963        3175        1        2
2990        3149        1        2
2990        3122        1        2
3016        3096        1        2
3016        3069        1        2
3043        3069        1        2
3069        3043        1        2
3096        3043        1        2
3122        3043        1        2
3149        3069        1        2
3175        3069        1        2
3228        3069        1        2
3254        3096        1        2
3281        3096        1        2
3307        3122        1        2
3334        3149        1        2
3360        3175        1        2
3387        3201        1        2
3413        3228        1        2
3413        3254        1        2
3440        3281        1        2
3466        3307        1        2
3466        3334        1        2
3466        3360        1        2
3493        3360        1        2
3493        3387        1        2
3493        3413        1        2
3519        3387        1        2
3519        3360        1        2
3519        3334        1        2
3519        3281        1        2
3519        3254        1        2
3519        3201        1        2
3545        3149        1        2
3545        3096        1        2
3545        3043        1        2
3572        2963        1        2
3572        2910        1        2
3598        2831        1        2
3598        2778        1        2
3625        2699        1        2
3625        2619        1        2
3651        2540        1        2
3651        2487        1        2
3678        2408        1        2
3704        2328        1        2
3704        2249        1        2
3731        2196        1        2
3731        2143        1        2
3731        2090        1        2
3757        2037        1        2
3757        2011        1        2
3757        1958        1        2
3784        1931        1        2
3784        1905        1        2
3784        1879        1        2
3784        1852        1        2
3784        1826        1        2
3784        1799        1        2
3784        1773        1        2
3810        1746        1        2
3810        1720        1        2
3810        1667        1        2
3810        1640        1        2
3810        1614        1        2
3836        1588        1        2
3836        1561        1        2
3836        1535        1        2
3836        1508        1        2
3836        1482        1        2
3836        1455        1        2
3863        1455        1        2
3836        1429        1        2
3810        1429        1        2
3784        1429        1        2
3757        1429        1        2
3731        1429        1        2
3678        1402        1        2
PEN_UP                  0
PEN_DOWN
2884        1402        1        3
2910        1402        1        3
2937        1402        1        3
2990        1402        1        3
3043        1402        1        3
3096        1429        1        3
3175        1429        1        3
3254        1429        1        3
3360        1429        1        3
3466        1429        1        3
3572        1455        1        3
3678        1455        1        3
3784        1455        1        3
3889        1455        1        3
3969        1482        1        3
4048        1482        1        3
4128        1482        1        3
4180        1482        1        3
4233        1482        1        3
4260        1482        1        3
4286        1482        1        3
4313        1482        1        3
4339        1482        1        3
4366        1482        1        3
4339        1482        1        3
4313        1482        1        3
PEN_UP                  0
END_CHARACTER: SM
