CHARACTER_NAME: XM
STROKE_COUNT: 4
  X           Y   STYLUS_STATE STROKE
PEN_DOWN
1058         714        1        1
1085         714        1        1
1111         741        1        1
1138         741        1        1
1164         741        1        1
1191         741        1        1
1217         741        1        1
1244         741        1        1
1270         741        1        1
1296         741        1        1
1323         767        1        1
1376         767        1        1
1402         767        1        1
1429         794        1        1
1455         794        1        1
1482         820        1        1
1508         847        1        1
1535         847        1        1
1561         873        1        1
1588         900        1        1
1614         926        1        1
1640         979        1        1
1640        1005        1        1
1667        1058        1        1
1667        1111        1        1
1667        1164        1        1
1693        1191        1        1
1667        1244        1        1
1667        1296        1        1
1640        1349        1        1
1614        1376        1        1
1588        1402        1        1
1561        1429        1        1
1535        1455        1        1
1508        1482        1        1
1482        1482        1        1
1455        1508        1        1
1429        1508        1        1
1402        1482        1        1
1376        1482        1        1
1376        1455        1        1
1349        1429        1        1
1376        1429        1        1
1376        1402        1        1
1376        1376        1        1
1402        1349        1        1
1402        1323        1        1
1429        1296        1        1
1455        1270        1        1
1482        1270        1        1
1482        1244        1        1
1508        1217        1        1
1535        1217        1        1
1561        1217        1        1
1588        1191        1        1
1614        1191        1        1
1640        1191        1        1
1667        1164        1        1
1720        1164        1        1
1746        1164        1        1
1773        1164        1        1
1799        1191        1        1
1826        1191        1        1
1852        1191        1        1
1879        1191        1        1
1905        1217        1        1
1931        1217        1        1
1958        1217        1        1
1984        1244        1        1
2011        1244        1        1
2037        1270        1        1
2064        1296        1        1
2064        1323        1        1
2090        1323        1        1
2090        1349        1        1
2117        1376        1        1
2117        1402        1        1
2117        1429        1        1
2117        1455        1        1
2117        1482        1        1
2117        1508        1        1
2117        1535        1        1
2090        1561        1        1
2090        1588        1        1
2064        1614        1        1
2037        1640        1        1
2011        1667        1        1
1984        1693        1        1
1958        1720        1        1
1931        1746        1        1
1905        1773        1        1
1879        1799        1        1
1826        1826        1        1
1799        1826        1        1
1773        1852        1        1
1746        1879        1        1
1693        1879        1        1
1667        1879        1        1
1640        1905        1        1
1614        1905        1        1
1588        1905        1        1
1561        1905        1        1
1535        1905        1        1
1508        1905        1        1
1482        1905        1        1
1455        1879        1        1
1455        1852        1        1
1455        1826        1        1
1482        1799        1        1
1482        1773        1        1
1508        1773        1        1
1508        1746        1        1
1535        1746        1        1
1561        1746        1        1
1588        1746        1        1
1614        1720        1        1
1640        1720        1        1
1667        1720        1        1
1693        1720        1        1
1746        1720        1        1
1799        1720        1        1
1826        1720        1        1
1879        1746        1        1
1905        1746        1        1
1958        1746        1        1
2011        1746        1        1
2037        1773        1        1
2064        1773        1        1
2117        1773        1        1
2143        1799        1        1
2170        1799        1        1
2196        1826        1        1
2223        1826        1        1
2249        1852        1        1
2275        1879        1        1
2302        1879        1        1
2302        1905        1        1
2328        1905        1        1
2355        1931        1        1
2355        1958        1        1
2381        1984        1        1
2381        2011        1        1
2408        2037        1        1
2434        2037        1        1
2434        2064        1        1
2434        2090        1        1
2461        2117        1        1
2461        2143        1        1
2461        2170        1        1
2487        2170        1        1
2487        2196        1        1
2487        2223        1        1
2514        2223        1        1
2514        2249        1        1
2514        2275        1        1
2514        2302        1        1
2540        2328        1        1
2540        2355        1        1
2540        2328        1        1
2540        2302        1        1
2540        2275        1        1
2540        2249        1        1
2540        2223        1        1
2540        2196        1        1
2566        2143        1        1
2566        2117        1        1
2566        2064        1        1
2566        2011        1        1
2593        1958        1        1
2593        1931        1        1
2619        1879        1        1
2619        1826        1        1
2619        1773        1        1
2619        1720        1        1
2619        1667        1        1
2646        1614        1        1
2646        1561        1        1
2646        1508        1        1
2646        1482        1        1
2646        1429        1        1
2646        1402        1        1
2646        1349        1        1
2646        1323        1        1
2646        1296        1        1
2646        1270        1        1
2646        1244        1        1
2646        1217        1        1
2646        1191        1        1
2646        1164        1        1
2646        1138        1        1
2646        1111        1        1
2672        1111        1        1
2672        1085        1        1
2672        1058        1        1
2672        1032        1        1
2672        1005        1        1
2672         979        1        1
2672         953        1        1
2672         926        1        1
2699         926        1        1
2699         900        1        1
2672         900        1        1
2672         926        1        1
PEN_UP                  0
PEN_DOWN
 873         767        1        2
 900         767        1        2
 926         767        1        2
 953         767        1        2
 979         767        1        2
1005         767        1        2
1032         767        1        2
1085         767        1        2
1138         767        1        2
1191         767        1        2
1244         767        1        2
1323         794        1        2
1402         794        1        2
1455         794        1        2
1535         794        1        2
1614         794        1        2
1693         794        1        2
1773         794        1        2
1852         794        1        2
1931         794        1        2
2011         794        1        2
2117         794        1        2
2196         794        1        2
2302         794        1        2
2408         820        1        2
2487         820        1        2
2566         820        1        2
2646         820        1        2
2725         820        1        2
2805         820        1        2
2884         820        1        2
2963         820        1        2
3043         820        1        2
3122         820        1        2
3228         820        1        2
3281         820        1        2
3360         820        1        2
3413         820        1        2
3466         820        1        2
3519         847        1        2
3572         847        1        2
3598         847        1        2
3625         847        1        2
3651         847        1        2
3678         847        1        2
3704         847        1        2
3731         847        1        2
3704         847        1        2
3678         847        1        2
3625         847        1        2
3572         847        1        2
PEN_UP                  0
PEN_DOWN
2249         847        1        3
2275         847        1        3
2249         847        1        3
2223         873        1        3
2196         873        1        3
2196         900        1        3
2170         926        1        3
2170         953        1        3
2170         979        1        3
2143        1005        1        3
2170        1032        1        3
2170        1058        1        3
2170        1085        1        3
2196        1111        1        3
2196        1138        1        3
2223        1164        1        3
2249        1191        1        3
2275        1217        1        3
2302        1217        1        3
2328        1244        1        3
2381        1244        1        3
2408        1244        1        3
2461        1270        1        3
2487        1270        1        3
2540        1270        1        3
2566        1296        1        3
2619        1296        1        3
2646        1296        1        3
2699        1296        1        3
2752        1323        1        3
2778        1323        1        3
2831        1323        1        3
2858        1323        1        3
2910        1349        1        3
2937        1349        1        3
2963        1349        1        3
2990        1376        1        3
3016        1376        1        3
3043        1402        1        3
3096        1429        1        3
3122        1455        1        3
3149        1482        1        3
3175        1508        1        3
3175        1535        1        3
3201        1561        1        3
3201        1588        1        3
3201        1614        1        3
3201        1640        1        3
3175        1667        1        3
3175        1693        1        3
3175        1720        1        3
3149        1746        1        3
3122        1773        1        3
3069        1799        1        3
3043        1799        1        3
3016        1826        1        3
2990        1826        1        3
2963        1826        1        3
2937        1826        1        3
2910        1799        1        3
2910        1773        1        3
2910        1746        1        3
2910        1720        1        3
2937        1720        1        3
2937        1693        1        3
2937        1667        1        3
2963        1667        1        3
2990        1693        1        3
PEN_UP                  0
PEN_DOWN
3466         979        1        4
3440         979        1        4
3440         953        1        4
3440         979        1        4
3413        1005        1        4
3413        1032        1        4
3413        1058        1        4
3413        1085        1        4
3387        1111        1        4
3387        1164        1        4
3387        1217        1        4
3360        1244        1        4
3360        1296        1        4
3360        1349        1        4
3360        1376        1        4
3334        1429        1        4
3334        1482        1        4
3334        1508        1        4
3307        1561        1        4
3307        1588        1        4
3307        1614        1        4
3307        1640        1        4
3281        1693        1        4
3281        1720        1        4
3281        1746        1        4
3254        1773        1        4
3254        1826        1        4
3254        1852        1        4
3228        1879        1        4
3228        1905        1        4
3201        1958        1        4
3201        1984        1        4
3201        2011        1        4
3201        2064        1        4
3175        2090        1        4
3175        2143        1        4
3175        2170        1        4
3175        2223        1        4
3149        2249        1        4
3149        2275        1        4
3149        2302        1        4
3149        2355        1        4
3122        2381        1        4
3122        2408        1        4
3122        2434        1        4
3122        2461        1        4
3122        2487        1        4
3122        2514        1        4
3096        2540        1        4
3096        2566        1        4
3096        2593        1        4
3096        2619        1        4
3096        2646        1        4
3069        2672        1        4
3069        2646        1        4
3069        2619        1        4
3069        2593        1        4
3043        2566        1        4
3043        2540        1        4
3043        2487        1        4
3016        2461        1        4
2990        2434        1        4
2963        2408        1        4
2937        2381        1        4
2937        2355        1        4
2910        2328        1        4
2884        2302        1        4
2858        2302        1        4
2831        2275        1        4
2778        2275        1        4
2752        2275        1        4
2725        2249        1        4
2699        2249        1        4
2646        2249        1        4
2619        2275        1        4
2593        2275        1        4
2566        2275        1        4
2514        2302        1        4
2487        2302        1        4
2461        2302        1        4
2434        2328        1        4
2381        2328        1        4
2355        2355        1        4
2328        2355        1        4
2328        2381        1        4
2302        2408        1        4
2275        2408        1        4
2275        2434        1        4
2249        2461        1        4
2249        2487        1        4
2249        2514        1        4
2223        2540        1        4
2223        2566        1        4
2223        2593        1        4
2249        2593        1        4
2249        2619        1        4
2275        2619        1        4
2302        2593        1        4
2328        2593        1        4
2355        2593        1        4
2381        2566        1        4
2408        2566        1        4
2434        2540        1        4
2434        2514        1        4
2461        2487        1        4
2434        2461        1        4
2434        2434        1        4
2408        2408        1        4
2381        2381        1        4
2355        2381        1        4
PEN_UP                  0
END_CHARACTER: XM
