CHARACTER_NAME: KR
STROKE_COUNT: 3
  X           Y   STYLUS_STATE STROKE
PEN_DOWN
 794        1085        1        1
 820        1085        1        1
 847        1058        1        1
 873        1058        1        1
 926        1058        1        1
 979        1058        1        1
1058        1058        1        1
1138        1058        1        1
1244        1058        1        1
1349        1085        1        1
1482        1085        1        1
1614        1085        1        1
1746        1085        1        1
1879        1085        1        1
1984        1085        1        1
2117        1111        1        1
2223        1111        1        1
2328        1111        1        1
2434        1111        1        1
2566        1111        1        1
2672        1138        1        1
2805        1138        1        1
2937        1138        1        1
3069        1164        1        1
3175        1164        1        1
3281        1164        1        1
3360        1164        1        1
3413        1164        1        1
3466        1164        1        1
3519        1164        1        1
3545        1164        1        1
3572        1164        1        1
3598        1164        1        1
3572        1164        1        1
3519        1164        1        1
3466        1164        1        1
3413        1164        1        1
PEN_UP                  0
PEN_DOWN
2434        1455        1        2
2461        1455        1        2
2487        1455        1        2
2461        1455        1        2
2434        1455        1        2
2408        1482        1        2
2381        1482        1        2
2328        1508        1        2
2302        1508        1        2
2249        1535        1        2
2223        1535        1        2
2170        1535        1        2
2143        1535        1        2
2117        1535        1        2
2090        1508        1        2
2064        1508        1        2
2037        1508        1        2
2037        1482        1        2
2037        1455        1        2
2037        1429        1        2
2037        1402        1        2
2037        1376        1        2
2064        1376        1        2
2064        1349        1        2
2090        1323        1        2
2117        1296        1        2
2143        1296        1        2
2170        1270        1        2
2223        1270        1        2
2249        1270        1        2
2302        1270        1        2
2355        1244        1        2
2408        1270        1        2
2461        1270        1        2
2514        1270        1        2
2566        1270        1        2
2593        1296        1        2
2646        1296        1        2
2672        1296        1        2
2672        1323        1        2
2699        1323        1        2
2725        1349        1        2
2725        1376        1        2
2752        1402        1        2
2752        1429        1        2
2752        1455        1        2
2752        1508        1        2
2752        1535        1        2
2752        1561        1        2
2752        1614        1        2
2725        1640        1        2
2725        1693        1        2
2725        1746        1        2
2699        1773        1        2
2699        1826        1        2
2699        1879        1        2
2699        1931        1        2
2672        1984        1        2
2672        2037        1        2
2646        2090        1        2
2646        2143        1        2
2646        2196        1        2
2619        2249        1        2
2619        2275        1        2
2619        2328        1        2
2619        2381        1        2
2619        2434        1        2
2619        2461        1        2
2593        2514        1        2
2593        2540        1        2
2593        2566        1        2
2619        2593        1        2
2619        2619        1        2
2619        2646        1        2
2619        2672        1        2
2619        2699        1        2
2619        2725        1        2
2619        2752        1        2
2619        2725        1        2
2619        2699        1        2
2593        2699        1        2
2593        2672        1        2
2593        2646        1        2
2593        2619        1        2
2566        2593        1        2
2566        2566        1        2
2566        2540        1        2
2540        2514        1        2
2540        2487        1        2
2514        2487        1        2
2514        2461        1        2
2487        2461        1        2
2487        2434        1        2
2461        2434        1        2
2434        2434        1        2
2408        2434        1        2
2381        2434        1        2
2328        2461        1        2
2302        2461        1        2
2249        2487        1        2
2196        2487        1        2
2143        2514        1        2
2117        2540        1        2
2064        2540        1        2
2011        2566        1        2
1984        2566        1        2
1931        2566        1        2
1879        2566        1        2
1852        2566        1        2
1799        2540        1        2
1773        2514        1        2
1720        2487        1        2
1667        2461        1        2
1640        2434        1        2
1588        2381        1        2
1561        2328        1        2
1535        2275        1        2
1482        2223        1        2
1455        2170        1        2
1455        2117        1        2
1429        2064        1        2
1402        2011        1        2
1402        1958        1        2
1376        1905        1        2
1376        1879        1        2
1376        1826        1        2
1349        1799        1        2
1349        1773        1        2
1349        1746        1        2
1323        1720        1        2
1323        1693        1        2
1323        1720        1        2
1296        1720        1        2
1323        1746        1        2
PEN_UP                  0
PEN_DOWN
2725        1905        1        3
2752        1905        1        3
2752        1879        1        3
2778        1879        1        3
2805        1852        1        3
2831        1852        1        3
2858        1826        1        3
2884        1826        1        3
2910        1826        1        3
2937        1799        1        3
2963        1799        1        3
3016        1799        1        3
3043        1773        1        3
3069        1773        1        3
3122        1773        1        3
3149        1773        1        3
3201        1773        1        3
3228        1773        1        3
3281        1799        1        3
3334        1799        1        3
3360        1799        1        3
3413        1826        1        3
3466        1826        1        3
3493        1852        1        3
3519        1852        1        3
3545        1879        1        3
3572        1905        1        3
3598        1931        1        3
3625        1958        1        3
3651        2011        1        3
3651        2037        1        3
3651        2064        1        3
3651        2090        1        3
3651        2143        1        3
3651        2170        1        3
3625        2223        1        3
3598        2249        1        3
3572        2275        1        3
3545        2302        1        3
3519        2328        1        3
3493        2355        1        3
3466        2381        1        3
3440        2381        1        3
3387        2408        1        3
3360        2408        1        3
3334        2408        1        3
3307        2408        1        3
3281        2408        1        3
3281        2381        1        3
3254        2381        1        3
3254        2355        1        3
3228        2328        1        3
3228        2302        1        3
3228        2275        1        3
3228        2249        1        3
3254        2223        1        3
3254        2196        1        3
3281        2196        1        3
3281        2170        1        3
3307        2170        1        3
3334        2170        1        3
3360        2170        1        3
3387        2170        1        3
3413        2170        1        3
3440        2170        1        3
3440        2196        1        3
3466        2196        1        3
3493        2223        1        3
3493        2249        1        3
3519        2249        1        3
3493        2275        1        3
3493        2302        1        3
3466        2275        1        3
PEN_UP                  0
END_CHARACTER: KR
