CHARACTER_NAME: TRU
STROKE_COUNT: 3
  X           Y   STYLUS_STATE STROKE
PEN_DOWN
 370         794        1        1
 344         794        1        1
 318         767        1        1
 291         767        1        1
 318         767        1        1
 344         741        1        1
 370         741        1        1
 397         741        1        1
 450         741        1        1
 529         741        1        1
 609         741        1        1
 688         741        1        1
 794         741        1        1
 873         741        1        1
 979         741        1        1
1058         741        1        1
1164         741        1        1
1244         741        1        1
1323         741        1        1
1429         741        1        1
1535         741        1        1
1640         741        1        1
1773         741        1        1
1879         741        1        1
1984         741        1        1
2090         741        1        1
2170         741        1        1
2275         741        1        1
2355         741        1        1
2434         741        1        1
2540         741        1        1
2619         741        1        1
2699         741        1        1
2778         741        1        1
2858         767        1        1
2937         767        1        1
2990         767        1        1
3043         767        1        1
3096         767        1        1
3122         767        1        1
3149         767        1        1
3175         767        1        1
3149         794        1        1
3122         794        1        1
3069         820        1        1
3043         820        1        1
2990         847        1        1
PEN_UP                  0
PEN_DOWN
2672        1191        1        2
2646        1191        1        2
2619        1191        1        2
2593        1217        1        2
2566        1217        1        2
2540        1217        1        2
2487        1244        1        2
2461        1244        1        2
2408        1270        1        2
2381        1270        1        2
2328        1270        1        2
2302        1270        1        2
2275        1270        1        2
2249        1270        1        2
2223        1244        1        2
2223        1217        1        2
2196        1191        1        2
2196        1164        1        2
2196        1138        1        2
2196        1111        1        2
2223        1085        1        2
2223        1058        1        2
2223        1032        1        2
2249        1032        1        2
2249        1005        1        2
2275         979        1        2
2302         979        1        2
2328         953        1        2
2355         953        1        2
2381         953        1        2
2434         953        1        2
2461         953        1        2
2487         953        1        2
2514         953        1        2
2540         953        1        2
2566         979        1        2
2593         979        1        2
2619         979        1        2
2646        1005        1        2
2672        1005        1        2
2699        1032        1        2
2725        1058        1        2
2725        1085        1        2
2725        1111        1        2
2752        1138        1        2
2752        1164        1        2
2752        1217        1        2
2752        1244        1        2
2725        1296        1        2
2725        1323        1        2
2725        1376        1        2
2725        1429        1        2
2699        1455        1        2
2699        1508        1        2
2699        1561        1        2
2699        1588        1        2
2672        1640        1        2
2672        1693        1        2
2672        1746        1        2
2646        1773        1        2
2646        1826        1        2
2646        1879        1        2
2646        1931        1        2
2646        1984        1        2
2646        2037        1        2
2646        2090        1        2
2646        2143        1        2
2646        2196        1        2
2646        2249        1        2
2646        2302        1        2
2646        2355        1        2
2646        2381        1        2
2646        2408        1        2
2646        2434        1        2
2646        2461        1        2
2646        2487        1        2
2646        2514        1        2
2646        2540        1        2
2646        2514        1        2
2646        2487        1        2
2646        2461        1        2
2619        2434        1        2
2619        2408        1        2
2619        2355        1        2
2619        2328        1        2
2593        2275        1        2
2593        2223        1        2
2593        2196        1        2
2566        2170        1        2
2566        2117        1        2
2540        2090        1        2
2540        2064        1        2
2514        2037        1        2
2487        2011        1        2
2461        2011        1        2
2434        1984        1        2
2408        1984        1        2
2381        1984        1        2
2328        1984        1        2
2302        1984        1        2
2249        1984        1        2
2196        1984        1        2
2143        1984        1        2
2117        1984        1        2
2064        1984        1        2
2011        1984        1        2
1984        1984        1        2
1931        1958        1        2
1905        1958        1        2
1852        1931        1        2
1799        1931        1        2
1773        1905        1        2
1720        1852        1        2
1667        1826        1        2
1614        1773        1        2
1588        1746        1        2
1535        1693        1        2
1508        1667        1        2
1482        1614        1        2
1455        1561        1        2
1429        1508        1        2
1429        1455        1        2
1402        1429        1        2
1402        1376        1        2
1402        1323        1        2
1402        1296        1        2
1376        1270        1        2
1376        1244        1        2
1376        1217        1        2
1349        1217        1        2
1349        1244        1        2
1323        1244        1        2
1323        1270        1        2
PEN_UP                  0
PEN_DOWN
2725        1588        1        3
2699        1614        1        3
2725        1614        1        3
2725        1640        1        3
2725        1667        1        3
2725        1693        1        3
2725        1720        1        3
2699        1773        1        3
2699        1799        1        3
2725        1826        1        3
2725        1852        1        3
2725        1905        1        3
2725        1931        1        3
2725        1958        1        3
2725        2011        1        3
2725        2037        1        3
2752        2064        1        3
2752        2090        1        3
2752        2117        1        3
2778        2143        1        3
2778        2170        1        3
2805        2196        1        3
2831        2223        1        3
2858        2223        1        3
2884        2249        1        3
2910        2249        1        3
2937        2249        1        3
2990        2249        1        3
3016        2249        1        3
3069        2249        1        3
3122        2249        1        3
3149        2223        1        3
3201        2196        1        3
3254        2170        1        3
3307        2143        1        3
3360        2117        1        3
3413        2064        1        3
3440        2011        1        3
3493        1958        1        3
3519        1931        1        3
3545        1879        1        3
3572        1826        1        3
3598        1799        1        3
3598        1746        1        3
3625        1720        1        3
3625        1693        1        3
3625        1640        1        3
3598        1614        1        3
3598        1588        1        3
3598        1561        1        3
3572        1535        1        3
3572        1508        1        3
3545        1482        1        3
3519        1482        1        3
3493        1455        1        3
3466        1455        1        3
3440        1455        1        3
3413        1455        1        3
3387        1455        1        3
3360        1482        1        3
3334        1508        1        3
3307        1535        1        3
3281        1561        1        3
3254        1588        1        3
3254        1614        1        3
3228        1640        1        3
3228        1667        1        3
3228        1693        1        3
3228        1720        1        3
3254        1720        1        3
3281        1720        1        3
3307        1720        1        3
3334        1720        1        3
3360        1693        1        3
3387        1693        1        3
3413        1667        1        3
3440        1640        1        3
3413        1640        1        3
3387        1667        1        3
PEN_UP                  0
END_CHARACTER: TRU
