CHARACTER_NAME: NGH
STROKE_COUNT: 3
  X           Y   STYLUS_STATE STROKE
PEN_DOWN
1799        1111        1        1
1826        1111        1        1
1826        1085        1        1
1852        1085        1        1
1879        1085        1        1
1905        1085        1        1
1931        1058        1        1
1958        1058        1        1
2011        1058        1        1
2037        1058        1        1
2090        1032        1        1
2143        1032        1        1
2196        1032        1        1
2275        1032        1        1
2328        1032        1        1
2381        1005        1        1
2461        1005        1        1
2540        1005        1        1
2593        1005        1        1
2672        1005        1        1
2725        1005        1        1
2805        1005        1        1
2858        1005        1        1
2910        1005        1        1
2963        1005        1        1
3016         979        1        1
3043         979        1        1
3096         979        1        1
3149         979        1        1
3175         979        1        1
3201         979        1        1
3254         979        1        1
3281         979        1        1
3307         979        1        1
3334         979        1        1
3334        1005        1        1
3307        1005        1        1
PEN_UP                  0
PEN_DOWN
2831        1032        1        2
2858        1032        1        2
2858        1005        1        2
2858         979        1        2
2831         953        1        2
2805         953        1        2
2778         979        1        2
2725         979        1        2
2699         979        1        2
2646        1005        1        2
2619        1032        1        2
2566        1058        1        2
2514        1111        1        2
2461        1138        1        2
2408        1191        1        2
2381        1244        1        2
2355        1296        1        2
2328        1349        1        2
2302        1402        1        2
2275        1455        1        2
2249        1482        1        2
2249        1535        1        2
2249        1561        1        2
2249        1588        1        2
2275        1614        1        2
2302        1640        1        2
2355        1667        1        2
2408        1667        1        2
2461        1693        1        2
2514        1693        1        2
2566        1693        1        2
2646        1693        1        2
2699        1667        1        2
2752        1667        1        2
2805        1667        1        2
2858        1640        1        2
2884        1640        1        2
2910        1640        1        2
2937        1614        1        2
2963        1614        1        2
2963        1588        1        2
2937        1588        1        2
2910        1588        1        2
2884        1614        1        2
2831        1640        1        2
2778        1667        1        2
2725        1693        1        2
2646        1720        1        2
2593        1773        1        2
2540        1826        1        2
2461        1879        1        2
2408        1931        1        2
2381        1984        1        2
2355        2011        1        2
2328        2064        1        2
2302        2117        1        2
2275        2143        1        2
2275        2170        1        2
2275        2196        1        2
2275        2223        1        2
2302        2223        1        2
2302        2249        1        2
2328        2249        1        2
2355        2275        1        2
2408        2275        1        2
2434        2249        1        2
2487        2249        1        2
2540        2249        1        2
2593        2249        1        2
2646        2249        1        2
2725        2223        1        2
2778        2249        1        2
2831        2249        1        2
2884        2275        1        2
2937        2275        1        2
2963        2328        1        2
3016        2355        1        2
3069        2408        1        2
3096        2434        1        2
3149        2487        1        2
3175        2540        1        2
3201        2593        1        2
3228        2619        1        2
3254        2672        1        2
3254        2699        1        2
3281        2725        1        2
3281        2752        1        2
3307        2752        1        2
3307        2778        1        2
3307        2805        1        2
3307        2778        1        2
3307        2752        1        2
3307        2725        1        2
3307        2699        1        2
3307        2646        1        2
3334        2593        1        2
3334        2540        1        2
3334        2461        1        2
3334        2381        1        2
3334        2302        1        2
3360        2223        1        2
3360        2143        1        2
3360        2090        1        2
3360        2011        1        2
3360        1931        1        2
3387        1879        1        2
3387        1826        1        2
3387        1746        1        2
3387        1693        1        2
3387        1667        1        2
3387        1614        1        2
3387        1561        1        2
3387        1535        1        2
3413        1508        1        2
3413        1455        1        2
3413        1429        1        2
3413        1402        1        2
3413        1376        1        2
3413        1349        1        2
3413        1323        1        2
3413        1296        1        2
3413        1270        1        2
3440        1270        1        2
3440        1244        1        2
3440        1217        1        2
3440        1191        1        2
3413        1191        1        2
3387        1217        1        2
PEN_UP                  0
PEN_DOWN
1720         661        1        3
1746         661        1        3
1746         688        1        3
1720         688        1        3
1720         714        1        3
1720         741        1        3
1693         767        1        3
1693         794        1        3
1667         847        1        3
1667         873        1        3
1640         900        1        3
1640         953        1        3
1640         979        1        3
1614        1032        1        3
1614        1058        1        3
1614        1085        1        3
1614        1138        1        3
1614        1164        1        3
1614        1191        1        3
1614        1217        1        3
1614        1244        1        3
1614        1270        1        3
1640        1296        1        3
1640        1323        1        3
1640        1349        1        3
1667        1376        1        3
1667        1402        1        3
1693        1429        1        3
1693        1455        1        3
1720        1455        1        3
1746        1482        1        3
1773        1508        1        3
1799        1508        1        3
1826        1508        1        3
1852        1508        1        3
1879        1508        1        3
1905        1508        1        3
1931        1508        1        3
1958        1508        1        3
1984        1508        1        3
2011        1482        1        3
2037        1482        1        3
2064        1455        1        3
2090        1429        1        3
2090        1402        1        3
2117        1376        1        3
2117        1349        1        3
2117        1323        1        3
2143        1296        1        3
2117        1270        1        3
2117        1244        1        3
2090        1244        1        3
2064        1217        1        3
2037        1244        1        3
2011        1244        1        3
1984        1244        1        3
1958        1270        1        3
1931        1296        1        3
1905        1323        1        3
1879        1349        1        3
1879        1376        1        3
1852        1402        1        3
1852        1455        1        3
1852        1482        1        3
1852        1508        1        3
1852        1535        1        3
1879        1561        1        3
1905        1588        1        3
1931        1614        1        3
1958        1614        1        3
1984        1614        1        3
2011        1614        1        3
2037        1614        1        3
2064        1614        1        3
2090        1614        1        3
2117        1588        1        3
2143        1588        1        3
2170        1561        1        3
2196        1535        1        3
2223        1508        1        3
2249        1482        1        3
2275        1455        1        3
2275        1429        1        3
2302        1402        1        3
2302        1376        1        3
2328        1349        1        3
2328        1323        1        3
2328        1296        1        3
2355        1296        1        3
2328        1296        1        3
2328        1323        1        3
2328        1349        1        3
2328        1376        1        3
2328        1429        1        3
2328        1455        1        3
2328        1482        1        3
2302        1508        1        3
2302        1561        1        3
2302        1588        1        3
2302        1640        1        3
2302        1667        1        3
2302        1720        1        3
2275        1773        1        3
2275        1826        1        3
2249        1879        1        3
2249        1931        1        3
2223        1984        1        3
2223        2064        1        3
2196        2117        1        3
2143        2170        1        3
2117        2223        1        3
2090        2275        1        3
2037        2328        1        3
1984        2355        1        3
1931        2381        1        3
1879        2408        1        3
1826        2408        1        3
1773        2408        1        3
1720        2408        1        3
1667        2381        1        3
1614        2355        1        3
1561        2302        1        3
1508        2223        1        3
1482        2170        1        3
1429        2090        1        3
1376        1984        1        3
1349        1905        1        3
1323        1826        1        3
1296        1746        1        3
1270        1667        1        3
1270        1588        1        3
1244        1535        1        3
1244        1455        1        3
1244        1402        1        3
1217        1349        1        3
1217        1296        1        3
1217        1244        1        3
1217        1217        1        3
1191        1164        1        3
1191        1138        1        3
1191        1111        1        3
1191        1085        1        3
1164        1085        1        3
1164        1111        1        3
1138        1111        1        3
PEN_UP                  0
END_CHARACTER: NGH
