CHARACTER_NAME: LB
STROKE_COUNT: 3
  X           Y   STYLUS_STATE STROKE
PEN_DOWN
1402        1111        1        1
1429        1111        1        1
1455        1111        1        1
1482        1138        1        1
1535        1138        1        1
1614        1138        1        1
1667        1138        1        1
1746        1138        1        1
1826        1138        1        1
1931        1138        1        1
2011        1138        1        1
2117        1138        1        1
2249        1111        1        1
2355        1111        1        1
2487        1111        1        1
2619        1111        1        1
2725        1111        1        1
2831        1111        1        1
2910        1111        1        1
2963        1111        1        1
3043        1111        1        1
3096        1111        1        1
3149        1111        1        1
3201        1111        1        1
3228        1111        1        1
3281        1111        1        1
3307        1111        1        1
3334        1111        1        1
3360        1111        1        1
3387        1111        1        1
3413        1111        1        1
3440        1111        1        1
3440        1138        1        1
3413        1138        1        1
3387        1138        1        1
3334        1138        1        1
3307        1164        1        1
3281        1164        1        1
PEN_UP                  0
PEN_DOWN
2778        1138        1        2
2778        1111        1        2
2752        1111        1        2
2752        1085        1        2
2725        1085        1        2
2725        1111        1        2
2725        1138        1        2
2725        1164        1        2
2725        1217        1        2
2725        1244        1        2
2699        1296        1        2
2699        1349        1        2
2699        1429        1        2
2672        1482        1        2
2672        1535        1        2
2672        1588        1        2
2672        1640        1        2
2672        1693        1        2
2672        1746        1        2
2672        1799        1        2
2672        1852        1        2
2672        1879        1        2
2699        1931        1        2
2699        1958        1        2
2699        2011        1        2
2699        2037        1        2
2699        2064        1        2
2699        2090        1        2
2699        2064        1        2
2699        2037        1        2
2699        2011        1        2
2699        1984        1        2
2699        1958        1        2
2699        1931        1        2
2699        1905        1        2
2699        1879        1        2
2672        1852        1        2
2672        1826        1        2
2672        1799        1        2
2672        1773        1        2
2646        1746        1        2
2619        1720        1        2
2593        1693        1        2
2566        1693        1        2
2540        1693        1        2
2487        1667        1        2
2461        1667        1        2
2434        1667        1        2
2381        1667        1        2
2355        1693        1        2
2328        1693        1        2
2275        1693        1        2
2249        1720        1        2
2223        1746        1        2
2196        1773        1        2
2170        1799        1        2
2170        1826        1        2
2170        1852        1        2
2170        1879        1        2
2170        1905        1        2
2170        1879        1        2
2196        1879        1        2
2196        1852        1        2
2196        1826        1        2
2196        1799        1        2
2170        1773        1        2
2170        1720        1        2
2143        1693        1        2
2117        1667        1        2
2090        1640        1        2
2064        1614        1        2
2011        1588        1        2
1984        1588        1        2
1931        1561        1        2
1879        1561        1        2
1826        1561        1        2
1773        1588        1        2
1720        1614        1        2
1667        1614        1        2
1640        1640        1        2
1614        1693        1        2
1588        1720        1        2
1561        1746        1        2
1535        1773        1        2
1535        1799        1        2
1535        1826        1        2
1561        1852        1        2
1561        1879        1        2
1588        1905        1        2
1614        1931        1        2
1640        1931        1        2
1667        1931        1        2
1693        1958        1        2
1720        1931        1        2
1746        1931        1        2
1746        1905        1        2
1746        1879        1        2
1720        1879        1        2
1693        1852        1        2
1667        1852        1        2
1667        1826        1        2
1693        1852        1        2
PEN_UP                  0
PEN_DOWN
2699        2011        1        3
2672        2011        1        3
2672        2037        1        3
2646        2064        1        3
2619        2090        1        3
2593        2143        1        3
2566        2170        1        3
2514        2223        1        3
2461        2249        1        3
2434        2302        1        3
2381        2328        1        3
2355        2381        1        3
2302        2408        1        3
2275        2434        1        3
2249        2461        1        3
2223        2461        1        3
2223        2487        1        3
2196        2487        1        3
2196        2514        1        3
2196        2540        1        3
2223        2540        1        3
2249        2540        1        3
2275        2566        1        3
2328        2593        1        3
2355        2593        1        3
2408        2619        1        3
2461        2646        1        3
2514        2672        1        3
2566        2725        1        3
2619        2752        1        3
2646        2778        1        3
2699        2805        1        3
2725        2831        1        3
2752        2884        1        3
2778        2910        1        3
2805        2937        1        3
2831        2937        1        3
2831        2963        1        3
2858        2990        1        3
2884        2990        1        3
2858        2963        1        3
2858        2937        1        3
2858        2910        1        3
2831        2884        1        3
2831        2858        1        3
2831        2831        1        3
2805        2805        1        3
2805        2778        1        3
2805        2752        1        3
2778        2699        1        3
2778        2672        1        3
2778        2646        1        3
2778        2619        1        3
2778        2593        1        3
2778        2566        1        3
2778        2540        1        3
2778        2514        1        3
2778        2487        1        3
2752        2461        1        3
2752        2434        1        3
2752        2408        1        3
2752        2381        1        3
2752        2355        1        3
2752        2328        1        3
2752        2302        1        3
2752        2275        1        3
2752        2249        1        3
2752        2223        1        3
2752        2196        1        3
2752        2170        1        3
2752        2143        1        3
2752        2117        1        3
2752        2090        1        3
2752        2064        1        3
2752        2037        1        3
PEN_UP                  0
END_CHARACTER: LB
