CHARACTER_NAME: TSR
STROKE_COUNT: 3
  X           Y   STYLUS_STATE STROKE
PEN_DOWN
1482        1085        1        1
1455        1085        1        1
1482        1058        1        1
1508        1058        1        1
1535        1058        1        1
1561        1058        1        1
1614        1058        1        1
1667        1058        1        1
1720        1058        1        1
1773        1058        1        1
1826        1058        1        1
1879        1058        1        1
1931        1085        1        1
1984        1085        1        1
2037        1138        1        1
2090        1164        1        1
2117        1191        1        1
2143        1244        1        1
2170        1296        1        1
2196        1349        1        1
2196        1402        1        1
2196        1455        1        1
2196        1482        1        1
2196        1535        1        1
2170        1561        1        1
2143        1588        1        1
2117        1614        1        1
2064        1640        1        1
2037        1640        1        1
2011        1640        1        1
1984        1640        1        1
1958        1640        1        1
1931        1640        1        1
1931        1614        1        1
1905        1614        1        1
1905        1588        1        1
1905        1561        1        1
1905        1535        1        1
1931        1508        1        1
1931        1482        1        1
1958        1455        1        1
1984        1429        1        1
2011        1402        1        1
2037        1376        1        1
2064        1349        1        1
2117        1349        1        1
2143        1323        1        1
2170        1296        1        1
2223        1296        1        1
2249        1270        1        1
2302        1270        1        1
2328        1244        1        1
2381        1244        1        1
2434        1217        1        1
2461        1217        1        1
2514        1217        1        1
2540        1217        1        1
2566        1217        1        1
2593        1217        1        1
2646        1217        1        1
2672        1244        1        1
2699        1244        1        1
2725        1244        1        1
2752        1270        1        1
2752        1296        1        1
2778        1323        1        1
2778        1349        1        1
2805        1376        1        1
2778        1402        1        1
2778        1429        1        1
2778        1455        1        1
2752        1482        1        1
2725        1508        1        1
2699        1508        1        1
2672        1535        1        1
2646        1535        1        1
2619        1535        1        1
2566        1535        1        1
2540        1535        1        1
2514        1508        1        1
2487        1508        1        1
2461        1508        1        1
2434        1482        1        1
2434        1455        1        1
2408        1429        1        1
2408        1402        1        1
2434        1402        1        1
2434        1376        1        1
2461        1349        1        1
2487        1349        1        1
2514        1323        1        1
2540        1296        1        1
2593        1296        1        1
2646        1296        1        1
2699        1296        1        1
2752        1296        1        1
2805        1296        1        1
2831        1323        1        1
2884        1323        1        1
2910        1323        1        1
2937        1349        1        1
2963        1349        1        1
PEN_UP                  0
PEN_DOWN
3069        1138        1        2
3069        1111        1        2
3069        1085        1        2
3043        1085        1        2
3043        1111        1        2
3043        1138        1        2
3016        1191        1        2
3016        1244        1        2
2990        1296        1        2
2990        1349        1        2
2963        1402        1        2
2937        1455        1        2
2910        1535        1        2
2884        1588        1        2
2884        1640        1        2
2858        1720        1        2
2858        1799        1        2
2858        1852        1        2
2858        1931        1        2
2858        2011        1        2
2858        2064        1        2
2884        2143        1        2
2884        2196        1        2
2884        2249        1        2
2884        2275        1        2
2884        2328        1        2
2910        2355        1        2
2910        2381        1        2
2910        2408        1        2
2910        2434        1        2
2910        2461        1        2
2910        2434        1        2
2884        2434        1        2
2884        2408        1        2
2858        2381        1        2
2858        2355        1        2
2831        2328        1        2
2831        2302        1        2
2805        2275        1        2
2805        2249        1        2
2778        2223        1        2
2778        2196        1        2
2752        2170        1        2
2725        2170        1        2
2699        2143        1        2
2672        2117        1        2
2646        2117        1        2
2593        2117        1        2
2566        2117        1        2
2514        2117        1        2
2461        2117        1        2
2408        2143        1        2
2355        2170        1        2
2302        2196        1        2
2249        2223        1        2
2196        2249        1        2
2143        2302        1        2
2090        2328        1        2
2037        2355        1        2
1984        2355        1        2
1931        2381        1        2
1852        2381        1        2
1773        2381        1        2
1693        2355        1        2
1614        2355        1        2
1535        2328        1        2
1455        2275        1        2
1402        2249        1        2
1349        2196        1        2
1270        2143        1        2
1217        2117        1        2
1191        2064        1        2
1138        2011        1        2
1085        1958        1        2
1058        1931        1        2
1032        1905        1        2
1005        1879        1        2
 979        1852        1        2
 953        1826        1        2
 953        1799        1        2
 979        1826        1        2
1032        1826        1        2
PEN_UP                  0
PEN_DOWN
2937        1217        1        3
2937        1191        1        3
2910        1191        1        3
2937        1191        1        3
2963        1191        1        3
2990        1191        1        3
3016        1191        1        3
3069        1191        1        3
3096        1191        1        3
3149        1217        1        3
3201        1217        1        3
3254        1217        1        3
3334        1217        1        3
3387        1217        1        3
3466        1217        1        3
3519        1217        1        3
3598        1217        1        3
3651        1217        1        3
3678        1217        1        3
3731        1217        1        3
3757        1217        1        3
3784        1217        1        3
3784        1244        1        3
3757        1244        1        3
3784        1244        1        3
PEN_UP                  0
END_CHARACTER: TSR
