CHARACTER_NAME: DSR
STROKE_COUNT: 4
  X           Y   STYLUS_STATE STROKE
PEN_DOWN
1455        1217        1        1
1429        1217        1        1
1455        1191        1        1
1482        1191        1        1
1508        1191        1        1
1561        1191        1        1
1640        1191        1        1
1693        1191        1        1
1773        1191        1        1
1852        1191        1        1
1958        1191        1        1
2037        1191        1        1
2143        1191        1        1
2249        1191        1        1
2355        1191        1        1
2434        1191        1        1
2514        1191        1        1
2593        1164        1        1
2646        1164        1        1
2699        1164        1        1
2725        1164        1        1
2752        1164        1        1
2778        1164        1        1
2805        1164        1        1
2778        1191        1        1
2725        1191        1        1
2672        1217        1        1
2619        1244        1        1
2566        1270        1        1
2487        1323        1        1
2408        1349        1        1
2328        1402        1        1
2275        1455        1        1
2196        1508        1        1
2143        1561        1        1
2090        1614        1        1
2037        1667        1        1
2011        1693        1        1
1958        1746        1        1
1931        1773        1        1
1931        1799        1        1
1905        1826        1        1
1879        1852        1        1
1905        1852        1        1
1905        1826        1        1
1931        1826        1        1
1958        1826        1        1
1984        1799        1        1
2011        1799        1        1
2064        1773        1        1
2090        1773        1        1
2143        1746        1        1
2170        1746        1        1
2196        1746        1        1
2249        1746        1        1
2275        1746        1        1
2328        1746        1        1
2355        1773        1        1
2408        1799        1        1
2434        1852        1        1
2434        1879        1        1
2461        1931        1        1
2461        1984        1        1
2461        2037        1        1
2434        2090        1        1
2408        2143        1        1
2355        2196        1        1
2302        2249        1        1
2249        2275        1        1
2196        2302        1        1
2143        2328        1        1
2090        2328        1        1
2011        2355        1        1
1984        2355        1        1
1931        2355        1        1
1905        2355        1        1
1879        2328        1        1
1852        2328        1        1
1826        2302        1        1
1826        2275        1        1
1852        2275        1        1
1879        2275        1        1
1905        2249        1        1
1931        2249        1        1
PEN_UP                  0
PEN_DOWN
2487        1905        1        2
2487        1879        1        2
2487        1852        1        2
2487        1826        1        2
2487        1799        1        2
2514        1799        1        2
2514        1773        1        2
2540        1773        1        2
2593        1746        1        2
2619        1746        1        2
2672        1746        1        2
2725        1773        1        2
2778        1773        1        2
2858        1799        1        2
2884        1799        1        2
2937        1826        1        2
2990        1852        1        2
3016        1852        1        2
3043        1879        1        2
3043        1905        1        2
3069        1905        1        2
3069        1931        1        2
3096        1931        1        2
PEN_UP                  0
PEN_DOWN
3149        1296        1        3
3149        1270        1        3
3149        1296        1        3
3149        1323        1        3
3149        1376        1        3
3149        1402        1        3
3149        1455        1        3
3122        1482        1        3
3122        1535        1        3
3122        1614        1        3
3122        1667        1        3
3122        1720        1        3
3122        1799        1        3
3122        1879        1        3
3096        1958        1        3
3122        2037        1        3
3122        2117        1        3
3122        2196        1        3
3122        2275        1        3
3122        2381        1        3
3149        2461        1        3
3149        2540        1        3
3149        2593        1        3
3175        2672        1        3
3175        2725        1        3
3201        2778        1        3
3201        2831        1        3
3228        2858        1        3
3228        2884        1        3
3254        2910        1        3
3254        2937        1        3
3254        2963        1        3
3254        2937        1        3
3228        2937        1        3
3228        2910        1        3
3228        2884        1        3
3201        2884        1        3
3201        2858        1        3
3201        2831        1        3
3175        2805        1        3
3175        2778        1        3
3149        2752        1        3
3122        2725        1        3
3096        2725        1        3
3096        2699        1        3
3069        2672        1        3
3043        2646        1        3
2990        2646        1        3
2963        2646        1        3
2910        2619        1        3
2884        2619        1        3
2831        2646        1        3
2778        2646        1        3
2752        2672        1        3
2699        2672        1        3
2646        2699        1        3
2593        2725        1        3
2540        2752        1        3
2487        2778        1        3
2461        2805        1        3
2408        2805        1        3
2355        2831        1        3
2302        2831        1        3
2249        2858        1        3
2196        2858        1        3
2143        2858        1        3
2090        2831        1        3
2037        2831        1        3
1984        2831        1        3
1931        2805        1        3
1879        2778        1        3
1826        2752        1        3
1773        2725        1        3
1720        2699        1        3
1667        2646        1        3
1614        2619        1        3
1588        2593        1        3
1535        2566        1        3
1508        2566        1        3
1508        2540        1        3
1482        2514        1        3
1508        2487        1        3
1535        2487        1        3
PEN_UP                  0
PEN_DOWN
3228        1455        1        4
3228        1429        1        4
3254        1429        1        4
3281        1429        1        4
3334        1429        1        4
3360        1455        1        4
3413        1455        1        4
3466        1455        1        4
3493        1455        1        4
3545        1455        1        4
3598        1455        1        4
3651        1455        1        4
3678        1455        1        4
3704        1455        1        4
3731        1455        1        4
3757        1482        1        4
3731        1482        1        4
3704        1482        1        4
PEN_UP                  0
END_CHARACTER: DSR
