CHARACTER_NAME: MNA
STROKE_COUNT: 3
  X           Y   STYLUS_STATE STROKE
PEN_DOWN
2937         900        1        1
2963         900        1        1
2963         873        1        1
2990         873        1        1
2990         900        1        1
2990         926        1        1
2990         979        1        1
2990        1005        1        1
2990        1032        1        1
2990        1085        1        1
2990        1111        1        1
2963        1164        1        1
2963        1191        1        1
2963        1244        1        1
2963        1270        1        1
2963        1323        1        1
2963        1376        1        1
2963        1402        1        1
2937        1455        1        1
2937        1508        1        1
2937        1535        1        1
2937        1588        1        1
2937        1614        1        1
2937        1667        1        1
2937        1693        1        1
2910        1746        1        1
2910        1773        1        1
2910        1826        1        1
2910        1852        1        1
2910        1879        1        1
2910        1931        1        1
2910        1958        1        1
2910        2011        1        1
2910        2064        1        1
2910        2117        1        1
2910        2143        1        1
2910        2196        1        1
2910        2249        1        1
2910        2302        1        1
2910        2355        1        1
2910        2408        1        1
2910        2461        1        1
2910        2514        1        1
2910        2566        1        1
2910        2619        1        1
2910        2672        1        1
2910        2699        1        1
2910        2752        1        1
2910        2805        1        1
2937        2831        1        1
2937        2884        1        1
2937        2910        1        1
2937        2963        1        1
2937        2990        1        1
2937        3043        1        1
2937        3096        1        1
2937        3122        1        1
2937        3175        1        1
2937        3228        1        1
2963        3254        1        1
2963        3307        1        1
2963        3360        1        1
2963        3387        1        1
2963        3440        1        1
2990        3466        1        1
2990        3493        1        1
2990        3545        1        1
2990        3572        1        1
2990        3598        1        1
2990        3625        1        1
2990        3651        1        1
2990        3678        1        1
2990        3704        1        1
2990        3731        1        1
2990        3704        1        1
2990        3678        1        1
2990        3625        1        1
2963        3572        1        1
2963        3545        1        1
2937        3466        1        1
PEN_UP                  0
PEN_DOWN
2937        1244        1        2
2937        1270        1        2
2963        1270        1        2
2990        1270        1        2
3016        1270        1        2
3043        1270        1        2
3069        1270        1        2
3096        1270        1        2
3149        1270        1        2
3175        1270        1        2
3201        1270        1        2
3254        1270        1        2
3281        1270        1        2
3307        1270        1        2
3334        1270        1        2
3360        1270        1        2
3387        1296        1        2
3440        1296        1        2
3466        1296        1        2
3493        1296        1        2
3545        1296        1        2
3572        1296        1        2
3625        1296        1        2
3651        1296        1        2
3704        1296        1        2
3731        1296        1        2
3757        1296        1        2
3784        1296        1        2
3810        1296        1        2
3836        1296        1        2
3863        1296        1        2
3889        1296        1        2
3916        1296        1        2
3889        1296        1        2
3863        1270        1        2
3836        1244        1        2
PEN_UP                  0
PEN_DOWN
1879        1984        1        3
1879        2011        1        3
1905        2011        1        3
1879        2037        1        3
1879        2064        1        3
1852        2090        1        3
1826        2117        1        3
1799        2143        1        3
1773        2143        1        3
1746        2170        1        3
1720        2196        1        3
1693        2196        1        3
1667        2223        1        3
1640        2223        1        3
1640        2196        1        3
1614        2196        1        3
1614        2170        1        3
1588        2170        1        3
1588        2143        1        3
1588        2117        1        3
1588        2090        1        3
1614        2090        1        3
1614        2064        1        3
1640        2037        1        3
1667        2037        1        3
1693        2011        1        3
1720        2011        1        3
1746        2011        1        3
1773        2037        1        3
1799        2037        1        3
1826        2037        1        3
1826        2064        1        3
1852        2064        1        3
1879        2064        1        3
1905        2090        1        3
1905        2117        1        3
1931        2117        1        3
1931        2143        1        3
1958        2143        1        3
1958        2170        1        3
1984        2170        1        3
1984        2196        1        3
1984        2223        1        3
1984        2249        1        3
1984        2275        1        3
1984        2302        1        3
1984        2328        1        3
1958        2355        1        3
1958        2381        1        3
1958        2408        1        3
1931        2408        1        3
1931        2434        1        3
1931        2461        1        3
1905        2461        1        3
1905        2487        1        3
1879        2514        1        3
1852        2540        1        3
1826        2540        1        3
1799        2566        1        3
1773        2566        1        3
1746        2566        1        3
1720        2593        1        3
1693        2593        1        3
1667        2593        1        3
1640        2566        1        3
1614        2566        1        3
1588        2566        1        3
1561        2566        1        3
1561        2540        1        3
1535        2540        1        3
1508        2514        1        3
1482        2514        1        3
1482        2487        1        3
1455        2487        1        3
1429        2461        1        3
1429        2434        1        3
1402        2434        1        3
1402        2408        1        3
1376        2381        1        3
1376        2355        1        3
1376        2328        1        3
1349        2302        1        3
1349        2275        1        3
1349        2249        1        3
1349        2223        1        3
1323        2196        1        3
1323        2170        1        3
1323        2143        1        3
1323        2117        1        3
1323        2090        1        3
1323        2064        1        3
1323        2037        1        3
1323        2011        1        3
1323        1984        1        3
1323        1958        1        3
1349        1958        1        3
1349        1931        1        3
1349        1905        1        3
1376        1879        1        3
1376        1852        1        3
1402        1826        1        3
1402        1799        1        3
1429        1773        1        3
1455        1773        1        3
1482        1746        1        3
1508        1720        1        3
1535        1693        1        3
1561        1667        1        3
1588        1667        1        3
1614        1640        1        3
1640        1614        1        3
1667        1614        1        3
1720        1588        1        3
1746        1588        1        3
1799        1561        1        3
1826        1561        1        3
1879        1561        1        3
1905        1535        1        3
1958        1535        1        3
2011        1535        1        3
2037        1508        1        3
2090        1508        1        3
2117        1508        1        3
2170        1508        1        3
2196        1508        1        3
2223        1508        1        3
2249        1508        1        3
2275        1508        1        3
2302        1508        1        3
2328        1508        1        3
2355        1508        1        3
2381        1508        1        3
2408        1508        1        3
2434        1508        1        3
2461        1535        1        3
2487        1535        1        3
2514        1535        1        3
2540        1535        1        3
2566        1561        1        3
2593        1561        1        3
2619        1561        1        3
2619        1588        1        3
2646        1588        1        3
2672        1588        1        3
2672        1614        1        3
2699        1640        1        3
2699        1667        1        3
2725        1667        1        3
2725        1693        1        3
2752        1693        1        3
2752        1720        1        3
2752        1746        1        3
2778        1746        1        3
2778        1773        1        3
2778        1799        1        3
2805        1799        1        3
2805        1826        1        3
2805        1852        1        3
2831        1852        1        3
2831        1879        1        3
2831        1905        1        3
2858        1905        1        3
2858        1931        1        3
2884        1958        1        3
2884        1984        1        3
2910        2011        1        3
2910        2037        1        3
2937        2037        1        3
2937        2064        1        3
2963        2064        1        3
2937        2064        1        3
2910        2037        1        3
2884        2011        1        3
2858        2011        1        3
PEN_UP                  0
END_CHARACTER: MNA
