CHARACTER_NAME: THA
STROKE_COUNT: 1
  X           Y   STYLUS_STATE STROKE
PEN_DOWN
1561        1349        1        1
1588        1349        1        1
1588        1376        1        1
1588        1402        1        1
1561        1402        1        1
1561        1429        1        1
1561        1455        1        1
1535        1455        1        1
1535        1482        1        1
1508        1482        1        1
1482        1508        1        1
1455        1508        1        1
1429        1508        1        1
1402        1508        1        1
1376        1508        1        1
1376        1482        1        1
1349        1482        1        1
1323        1455        1        1
1323        1429        1        1
1323        1402        1        1
1323        1376        1        1
1323        1349        1        1
1349        1323        1        1
1349        1296        1        1
1376        1296        1        1
1376        1270        1        1
1402        1270        1        1
1429        1270        1        1
1429        1244        1        1
1455        1244        1        1
1482        1244        1        1
1508        1244        1        1
1535        1244        1        1
1561        1244        1        1
1588        1244        1        1
1614        1244        1        1
1640        1244        1        1
1667        1244        1        1
1693        1270        1        1
1720        1270        1        1
1773        1270        1        1
1799        1270        1        1
1826        1296        1        1
1852        1296        1        1
1879        1296        1        1
1905        1323        1        1
1931        1323        1        1
1958        1349        1        1
1984        1349        1        1
2011        1376        1        1
2037        1402        1        1
2064        1429        1        1
2090        1455        1        1
2090        1482        1        1
2117        1508        1        1
2143        1535        1        1
2143        1561        1        1
2143        1588        1        1
2143        1640        1        1
2143        1667        1        1
2143        1693        1        1
2143        1746        1        1
2143        1773        1        1
2117        1826        1        1
2090        1879        1        1
2090        1905        1        1
2037        1958        1        1
2011        1984        1        1
1958        2037        1        1
1905        2064        1        1
1879        2090        1        1
1826        2117        1        1
1773        2143        1        1
1746        2143        1        1
1693        2143        1        1
1667        2170        1        1
1640        2143        1        1
1614        2143        1        1
1588        2143        1        1
1561        2117        1        1
1535        2090        1        1
1508        2064        1        1
1508        2037        1        1
1535        2037        1        1
1535        2011        1        1
1561        2011        1        1
1588        2011        1        1
1614        2037        1        1
1667        2037        1        1
1693        2064        1        1
1746        2064        1        1
1799        2090        1        1
1852        2117        1        1
1931        2170        1        1
1984        2196        1        1
2037        2223        1        1
2117        2249        1        1
2170        2302        1        1
2223        2328        1        1
2275        2381        1        1
2328        2408        1        1
2381        2461        1        1
2434        2487        1        1
2487        2514        1        1
2514        2566        1        1
2566        2593        1        1
2593        2619        1        1
2619        2646        1        1
2672        2699        1        1
2699        2725        1        1
2725        2752        1        1
2752        2805        1        1
2778        2831        1        1
2805        2858        1        1
2831        2884        1        1
2858        2910        1        1
2884        2937        1        1
2910        2963        1        1
2937        2990        1        1
2937        3016        1        1
2937        2990        1        1
2937        2963        1        1
2937        2937        1        1
2910        2910        1        1
2910        2858        1        1
2910        2778        1        1
2910        2725        1        1
2910        2646        1        1
2937        2566        1        1
2937        2461        1        1
2937        2381        1        1
2937        2302        1        1
2963        2223        1        1
2963        2143        1        1
2990        2064        1        1
2990        1984        1        1
2990        1931        1        1
2990        1879        1        1
3016        1826        1        1
3016        1773        1        1
3016        1720        1        1
3016        1667        1        1
3043        1640        1        1
3043        1588        1        1
3043        1561        1        1
3043        1535        1        1
3043        1508        1        1
3043        1482        1        1
3043        1455        1        1
3043        1429        1        1
3043        1402        1        1
3043        1376        1        1
3043        1349        1        1
3043        1323        1        1
3043        1296        1        1
3043        1270        1        1
3069        1270        1        1
3096        1270        1        1
3149        1270        1        1
3201        1270        1        1
3254        1270        1        1
3307        1270        1        1
3360        1270        1        1
3440        1270        1        1
3493        1296        1        1
3545        1296        1        1
3625        1296        1        1
3678        1296        1        1
3704        1296        1        1
3731        1296        1        1
3757        1296        1        1
3784        1296        1        1
3810        1296        1        1
3836        1296        1        1
3863        1296        1        1
3863        1270        1        1
3863        1296        1        1
3836        1296        1        1
3810        1296        1        1
3784        1296        1        1
3757        1296        1        1
3731        1296        1        1
PEN_UP                  0
END_CHARACTER: THA
