CHARACTER_NAME: BHA
STROKE_COUNT: 2
  X           Y   STYLUS_STATE STROKE
PEN_DOWN
1005        1085        1        1
1058        1111        1        1
1085        1111        1        1
1138        1111        1        1
1217        1111        1        1
1296        1138        1        1
1376        1138        1        1
1482        1138        1        1
1614        1164        1        1
1746        1164        1        1
1905        1164        1        1
2064        1191        1        1
2223        1191        1        1
2355        1191        1        1
2514        1191        1        1
2672        1217        1        1
2805        1217        1        1
2963        1217        1        1
3096        1217        1        1
3228        1217        1        1
3307        1217        1        1
3387        1217        1        1
3466        1217        1        1
3493        1217        1        1
3545        1217        1        1
3572        1217        1        1
3598        1244        1        1
3572        1244        1        1
3545        1270        1        1
3519        1270        1        1
3466        1270        1        1
PEN_UP                  0
PEN_DOWN
2725        1508        1        2
2699        1482        1        2
2672        1482        1        2
2646        1482        1        2
2593        1508        1        2
2566        1508        1        2
2540        1535        1        2
2487        1561        1        2
2461        1588        1        2
2434        1640        1        2
2434        1667        1        2
2434        1693        1        2
2434        1720        1        2
2461        1773        1        2
2487        1799        1        2
2514        1826        1        2
2566        1826        1        2
2619        1852        1        2
2672        1852        1        2
2752        1852        1        2
2805        1826        1        2
2858        1826        1        2
2910        1773        1        2
2963        1746        1        2
3016        1720        1        2
3043        1667        1        2
3069        1614        1        2
3069        1588        1        2
3069        1535        1        2
3043        1508        1        2
3016        1482        1        2
2963        1455        1        2
2884        1429        1        2
2805        1402        1        2
2725        1402        1        2
2646        1402        1        2
2566        1402        1        2
2487        1429        1        2
2434        1455        1        2
2408        1482        1        2
2355        1535        1        2
2328        1588        1        2
2302        1640        1        2
2302        1693        1        2
2275        1746        1        2
2275        1826        1        2
2275        1905        1        2
2275        1984        1        2
2275        2064        1        2
2302        2170        1        2
2328        2249        1        2
2355        2328        1        2
2408        2381        1        2
2434        2461        1        2
2487        2514        1        2
2540        2540        1        2
2593        2566        1        2
2646        2593        1        2
2699        2619        1        2
2778        2619        1        2
2858        2619        1        2
2937        2619        1        2
3043        2593        1        2
3149        2540        1        2
3254        2514        1        2
3360        2434        1        2
3466        2381        1        2
3545        2302        1        2
3598        2223        1        2
3678        2143        1        2
3704        2090        1        2
3757        2011        1        2
3784        1958        1        2
3784        1931        1        2
3810        1879        1        2
3810        1852        1        2
3836        1826        1        2
3810        1852        1        2
3810        1879        1        2
3784        1905        1        2
3784        1958        1        2
3757        2011        1        2
3731        2090        1        2
3704        2196        1        2
3678        2275        1        2
3651        2381        1        2
3625        2461        1        2
3572        2566        1        2
3545        2672        1        2
3493        2778        1        2
3440        2884        1        2
3387        2990        1        2
3334        3069        1        2
3281        3175        1        2
3201        3254        1        2
3122        3334        1        2
3016        3413        1        2
2937        3466        1        2
2831        3519        1        2
2725        3545        1        2
2619        3572        1        2
2514        3572        1        2
2408        3572        1        2
2302        3572        1        2
2196        3545        1        2
2090        3519        1        2
1984        3466        1        2
1879        3440        1        2
1799        3387        1        2
1746        3307        1        2
1667        3228        1        2
1614        3175        1        2
1561        3096        1        2
1535        3016        1        2
1482        2937        1        2
1455        2858        1        2
1429        2752        1        2
1402        2672        1        2
1376        2566        1        2
1376        2461        1        2
1349        2355        1        2
1323        2275        1        2
1323        2170        1        2
1296        2090        1        2
1270        2011        1        2
1244        1931        1        2
1244        1879        1        2
1217        1826        1        2
1191        1773        1        2
1191        1720        1        2
1191        1667        1        2
1164        1640        1        2
1164        1588        1        2
1164        1561        1        2
1191        1535        1        2
1191        1508        1        2
1191        1482        1        2
1191        1455        1        2
1191        1429        1        2
1191        1402        1        2
1191        1376        1        2
1191        1349        1        2
1191        1323        1        2
1191        1296        1        2
1191        1270        1        2
1217        1270        1        2
1217        1296        1        2
1270        1323        1        2
1296        1349        1        2
PEN_UP                  0
END_CHARACTER: BHA
