CHARACTER_NAME: AJA
STROKE_COUNT: 2
  X           Y   STYLUS_STATE STROKE
PEN_DOWN
 953        1058        1        1
 953        1032        1        1
 979        1032        1        1
 953        1032        1        1
 979        1005        1        1
 953         979        1        1
 979         979        1        1
1005        1005        1        1
1032        1032        1        1
1085        1085        1        1
1138        1138        1        1
1217        1191        1        1
1296        1244        1        1
1376        1323        1        1
1455        1376        1        1
1535        1455        1        1
1614        1508        1        1
1720        1561        1        1
1799        1614        1        1
1879        1667        1        1
1984        1720        1        1
2037        1746        1        1
2117        1799        1        1
2170        1826        1        1
2223        1852        1        1
2249        1852        1        1
2302        1879        1        1
2328        1879        1        1
2355        1905        1        1
2381        1905        1        1
2408        1905        1        1
2408        1931        1        1
2381        1958        1        1
2355        1958        1        1
2302        2011        1        1
2275        2037        1        1
2196        2090        1        1
2143        2143        1        1
2090        2196        1        1
2011        2275        1        1
1931        2328        1        1
1879        2408        1        1
1799        2461        1        1
1746        2514        1        1
1693        2566        1        1
1667        2619        1        1
1614        2672        1        1
1588        2699        1        1
1588        2752        1        1
1561        2752        1        1
1561        2778        1        1
1535        2805        1        1
1561        2778        1        1
1561        2752        1        1
1588        2752        1        1
1614        2725        1        1
1667        2699        1        1
1693        2699        1        1
1746        2672        1        1
1799        2672        1        1
1852        2646        1        1
1931        2646        1        1
1984        2646        1        1
2064        2672        1        1
2117        2699        1        1
2196        2699        1        1
2275        2752        1        1
2355        2778        1        1
2408        2805        1        1
2487        2858        1        1
2540        2910        1        1
2593        2937        1        1
2646        2990        1        1
2672        3043        1        1
2699        3096        1        1
2752        3122        1        1
2778        3175        1        1
2778        3201        1        1
2805        3228        1        1
2805        3254        1        1
2831        3254        1        1
2831        3281        1        1
2831        3254        1        1
2831        3228        1        1
2858        3201        1        1
2858        3149        1        1
2858        3096        1        1
2858        3043        1        1
2858        2990        1        1
2858        2910        1        1
2884        2831        1        1
2884        2752        1        1
2884        2672        1        1
2884        2566        1        1
2910        2487        1        1
2910        2381        1        1
2910        2275        1        1
2937        2170        1        1
2937        2064        1        1
2937        1958        1        1
2937        1879        1        1
2937        1773        1        1
2937        1693        1        1
2937        1614        1        1
2963        1535        1        1
2963        1455        1        1
2963        1376        1        1
2963        1296        1        1
2963        1244        1        1
2963        1191        1        1
2963        1138        1        1
2963        1085        1        1
2963        1058        1        1
2963        1032        1        1
2963        1005        1        1
2963         979        1        1
2963         953        1        1
2963         926        1        1
2963         900        1        1
2937         926        1        1
2910         926        1        1
2884         926        1        1
2858         926        1        1
2805         926        1        1
2752         926        1        1
2699         926        1        1
2646         926        1        1
2593         926        1        1
2514         926        1        1
2461         926        1        1
2408         926        1        1
2355         926        1        1
2302         926        1        1
2275         926        1        1
2223         926        1        1
2196         926        1        1
2170         926        1        1
2143         926        1        1
2090         926        1        1
2064         926        1        1
2011         926        1        1
1984         926        1        1
1958         953        1        1
1905         953        1        1
1879         953        1        1
1852         953        1        1
1826         953        1        1
1799         953        1        1
1773         979        1        1
1746         979        1        1
1720         979        1        1
1693         979        1        1
1667         979        1        1
1640         979        1        1
1614         979        1        1
1588         979        1        1
1561         979        1        1
1535        1005        1        1
1508        1005        1        1
1482        1005        1        1
1455        1005        1        1
1429        1005        1        1
1402        1005        1        1
1376        1005        1        1
1349        1005        1        1
1323        1005        1        1
1296        1005        1        1
1270        1005        1        1
1244        1005        1        1
1217        1005        1        1
1191        1005        1        1
1164        1005        1        1
1138        1005        1        1
1111        1005        1        1
1111        1032        1        1
1138        1058        1        1
PEN_UP                  0
PEN_DOWN
2858         900        1        2
2884         900        1        2
2910         900        1        2
2937         900        1        2
2963         900        1        2
2990         900        1        2
3016         900        1        2
3043         900        1        2
3069         900        1        2
3096         900        1        2
3122         900        1        2
3175         900        1        2
3201         900        1        2
3254         900        1        2
3281         900        1        2
3334         900        1        2
3387         926        1        2
3466         926        1        2
3519         900        1        2
3572         900        1        2
3625         900        1        2
3678         900        1        2
3704         900        1        2
3731         900        1        2
3757         900        1        2
3784         900        1        2
3810         900        1        2
3836         900        1        2
3863         900        1        2
3889         900        1        2
3916         900        1        2
3942         900        1        2
3969         900        1        2
3995         900        1        2
4022         900        1        2
3995         900        1        2
3969         926        1        2
PEN_UP                  0
END_CHARACTER: AJA
