CHARACTER_NAME: HA
STROKE_COUNT: 2
  X           Y   STYLUS_STATE STROKE
PEN_DOWN
1005        1191        1        1
 979        1191        1        1
 979        1164        1        1
1005        1164        1        1
1032        1138        1        1
1085        1138        1        1
1138        1138        1        1
1191        1138        1        1
1244        1138        1        1
1296        1138        1        1
1376        1138        1        1
1455        1138        1        1
1535        1138        1        1
1640        1164        1        1
1746        1164        1        1
1879        1191        1        1
2011        1191        1        1
2143        1217        1        1
2249        1217        1        1
2381        1244        1        1
2487        1270        1        1
2593        1270        1        1
2699        1296        1        1
2805        1296        1        1
2884        1296        1        1
2963        1323        1        1
3043        1323        1        1
3096        1323        1        1
3175        1323        1        1
3228        1323        1        1
3254        1323        1        1
3307        1323        1        1
3334        1323        1        1
3360        1323        1        1
3334        1323        1        1
3281        1323        1        1
3228        1323        1        1
3175        1323        1        1
PEN_UP                  0
PEN_DOWN
2514        1402        1        2
2540        1402        1        2
2566        1402        1        2
2593        1402        1        2
2619        1402        1        2
2619        1429        1        2
2619        1455        1        2
2619        1482        1        2
2593        1508        1        2
2566        1508        1        2
2566        1535        1        2
2514        1561        1        2
2487        1561        1        2
2461        1561        1        2
2434        1588        1        2
2381        1588        1        2
2355        1561        1        2
2328        1561        1        2
2302        1535        1        2
2302        1508        1        2
2302        1482        1        2
2328        1455        1        2
2328        1429        1        2
2355        1402        1        2
2381        1376        1        2
2408        1376        1        2
2434        1349        1        2
2461        1349        1        2
2487        1349        1        2
2514        1349        1        2
2566        1349        1        2
2593        1376        1        2
2619        1376        1        2
2672        1402        1        2
2699        1429        1        2
2725        1455        1        2
2778        1482        1        2
2805        1508        1        2
2831        1535        1        2
2858        1561        1        2
2884        1614        1        2
2884        1640        1        2
2884        1667        1        2
2884        1720        1        2
2884        1746        1        2
2858        1799        1        2
2831        1826        1        2
2805        1879        1        2
2752        1931        1        2
2699        1984        1        2
2646        2037        1        2
2566        2117        1        2
2514        2170        1        2
2434        2249        1        2
2328        2302        1        2
2249        2355        1        2
2170        2408        1        2
2064        2461        1        2
1984        2514        1        2
1905        2540        1        2
1826        2566        1        2
1746        2593        1        2
1693        2593        1        2
1640        2593        1        2
1614        2593        1        2
1588        2593        1        2
1561        2593        1        2
1535        2566        1        2
1561        2540        1        2
1588        2514        1        2
1614        2514        1        2
1640        2487        1        2
1667        2514        1        2
1720        2514        1        2
1773        2514        1        2
1826        2514        1        2
1879        2540        1        2
1958        2566        1        2
2037        2593        1        2
2117        2619        1        2
2196        2672        1        2
2275        2725        1        2
2381        2778        1        2
2461        2831        1        2
2540        2884        1        2
2646        2963        1        2
2725        3043        1        2
2805        3122        1        2
2884        3201        1        2
2963        3281        1        2
3016        3334        1        2
3096        3413        1        2
3149        3466        1        2
3201        3519        1        2
3254        3545        1        2
3281        3598        1        2
3334        3625        1        2
3360        3651        1        2
3387        3651        1        2
3360        3651        1        2
3360        3625        1        2
3334        3598        1        2
3307        3572        1        2
3281        3545        1        2
PEN_UP                  0
END_CHARACTER: HA
