CHARACTER_NAME: CC
STROKE_COUNT: 3
  X           Y   STYLUS_STATE STROKE
PEN_DOWN
 794        1535        1        1
 820        1535        1        1
 847        1535        1        1
 900        1508        1        1
 926        1508        1        1
 979        1508        1        1
1005        1508        1        1
1058        1508        1        1
1111        1508        1        1
1191        1508        1        1
1244        1508        1        1
1296        1508        1        1
1349        1508        1        1
1402        1508        1        1
1455        1508        1        1
1508        1508        1        1
1561        1535        1        1
1614        1535        1        1
1667        1535        1        1
1746        1535        1        1
1799        1535        1        1
1852        1535        1        1
1931        1535        1        1
1984        1535        1        1
2037        1535        1        1
2117        1535        1        1
2170        1535        1        1
2223        1535        1        1
2275        1535        1        1
2355        1561        1        1
2408        1561        1        1
2461        1561        1        1
2514        1561        1        1
2566        1561        1        1
2619        1561        1        1
2672        1561        1        1
2725        1561        1        1
2778        1561        1        1
2858        1561        1        1
2910        1561        1        1
2963        1561        1        1
3016        1561        1        1
3096        1561        1        1
3149        1588        1        1
3201        1561        1        1
3281        1588        1        1
3334        1588        1        1
3387        1588        1        1
3440        1588        1        1
3493        1588        1        1
3545        1588        1        1
3598        1588        1        1
3625        1588        1        1
3651        1588        1        1
3678        1588        1        1
3704        1588        1        1
3678        1588        1        1
3651        1588        1        1
3598        1588        1        1
3545        1561        1        1
3466        1561        1        1
PEN_UP                  0
PEN_DOWN
1508        1535        1        2
1535        1535        1        2
1535        1561        1        2
1535        1588        1        2
1535        1614        1        2
1535        1640        1        2
1508        1667        1        2
1508        1693        1        2
1508        1720        1        2
1508        1746        1        2
1508        1773        1        2
1508        1799        1        2
1482        1826        1        2
1482        1852        1        2
1482        1879        1        2
1482        1905        1        2
1482        1931        1        2
1455        1958        1        2
1455        2011        1        2
1455        2037        1        2
1455        2064        1        2
1455        2090        1        2
1455        2117        1        2
1429        2170        1        2
1429        2196        1        2
1429        2223        1        2
1429        2275        1        2
1402        2302        1        2
1402        2328        1        2
1402        2381        1        2
1402        2408        1        2
1402        2434        1        2
1402        2461        1        2
1402        2487        1        2
1376        2514        1        2
1376        2540        1        2
1376        2566        1        2
1376        2593        1        2
1376        2619        1        2
1376        2646        1        2
1376        2672        1        2
1376        2699        1        2
1376        2725        1        2
1376        2752        1        2
1402        2752        1        2
1402        2778        1        2
1429        2805        1        2
1455        2805        1        2
1482        2805        1        2
1508        2805        1        2
1535        2805        1        2
1561        2778        1        2
1588        2778        1        2
1588        2752        1        2
1614        2752        1        2
1640        2725        1        2
1667        2725        1        2
1693        2699        1        2
1720        2699        1        2
1746        2672        1        2
1773        2646        1        2
1799        2619        1        2
1826        2619        1        2
1852        2593        1        2
1879        2566        1        2
1905        2540        1        2
1931        2514        1        2
1984        2487        1        2
2011        2461        1        2
2037        2434        1        2
2064        2434        1        2
2090        2408        1        2
2117        2381        1        2
2143        2381        1        2
2143        2355        1        2
2170        2355        1        2
2196        2328        1        2
2223        2328        1        2
2223        2302        1        2
2196        2302        1        2
2170        2275        1        2
2143        2275        1        2
2117        2275        1        2
2090        2249        1        2
2064        2249        1        2
2037        2249        1        2
2011        2223        1        2
1984        2223        1        2
1931        2223        1        2
1905        2196        1        2
1879        2196        1        2
1852        2170        1        2
1826        2170        1        2
1799        2170        1        2
1799        2143        1        2
1773        2143        1        2
1746        2143        1        2
1746        2117        1        2
1720        2117        1        2
1693        2117        1        2
1667        2090        1        2
1640        2090        1        2
1614        2064        1        2
1588        2064        1        2
1561        2064        1        2
1535        2037        1        2
1508        2037        1        2
1482        2011        1        2
1455        1984        1        2
1429        1958        1        2
1429        1931        1        2
1402        1931        1        2
1402        1905        1        2
PEN_UP                  0
PEN_DOWN
2328        1588        1        3
2355        1588        1        3
2381        1588        1        3
2381        1614        1        3
2381        1640        1        3
2381        1667        1        3
2355        1667        1        3
2355        1693        1        3
2355        1720        1        3
2355        1746        1        3
2355        1773        1        3
2328        1799        1        3
2328        1826        1        3
2302        1852        1        3
2302        1879        1        3
2302        1905        1        3
2275        1931        1        3
2275        1958        1        3
2275        1984        1        3
2275        2037        1        3
2249        2064        1        3
2249        2090        1        3
2249        2117        1        3
2249        2143        1        3
2223        2170        1        3
2223        2223        1        3
2223        2249        1        3
2223        2275        1        3
2223        2302        1        3
2196        2328        1        3
2196        2381        1        3
2196        2408        1        3
2196        2434        1        3
2196        2461        1        3
2170        2514        1        3
2170        2540        1        3
2170        2566        1        3
2170        2593        1        3
2170        2619        1        3
2170        2646        1        3
2170        2672        1        3
2170        2699        1        3
2143        2752        1        3
2143        2778        1        3
2143        2805        1        3
2143        2831        1        3
2143        2858        1        3
2143        2884        1        3
2143        2910        1        3
2143        2963        1        3
2143        2990        1        3
2143        3016        1        3
2143        3043        1        3
2143        3096        1        3
2170        3122        1        3
2170        3149        1        3
2170        3201        1        3
2170        3228        1        3
2170        3254        1        3
2170        3281        1        3
2196        3307        1        3
2196        3334        1        3
2196        3360        1        3
2196        3387        1        3
2196        3413        1        3
2196        3440        1        3
2196        3466        1        3
2196        3493        1        3
2196        3519        1        3
2196        3545        1        3
2196        3572        1        3
2196        3598        1        3
2196        3625        1        3
2196        3651        1        3
2196        3678        1        3
2196        3704        1        3
2196        3678        1        3
2223        3651        1        3
2223        3625        1        3
2249        3598        1        3
2249        3572        1        3
2275        3545        1        3
2275        3519        1        3
2302        3519        1        3
2302        3493        1        3
2328        3466        1        3
2355        3440        1        3
2381        3413        1        3
2408        3387        1        3
2408        3360        1        3
2434        3360        1        3
2461        3334        1        3
2487        3307        1        3
2514        3307        1        3
2540        3281        1        3
2566        3254        1        3
2593        3228        1        3
2619        3228        1        3
2619        3201        1        3
2646        3175        1        3
2672        3175        1        3
2699        3149        1        3
2725        3122        1        3
2752        3122        1        3
2778        3096        1        3
2805        3096        1        3
2831        3069        1        3
2858        3069        1        3
2858        3043        1        3
2884        3043        1        3
2910        3043        1        3
2910        3016        1        3
2937        3016        1        3
2963        3016        1        3
2990        2990        1        3
3016        2990        1        3
3043        2990        1        3
3069        2963        1        3
3096        2963        1        3
3096        2937        1        3
3096        2910        1        3
3069        2910        1        3
3069        2884        1        3
3043        2858        1        3
3016        2831        1        3
2990        2805        1        3
2990        2778        1        3
2963        2752        1        3
2937        2725        1        3
2937        2699        1        3
2910        2699        1        3
2884        2672        1        3
2884        2646        1        3
2858        2619        1        3
2858        2593        1        3
2831        2593        1        3
2831        2566        1        3
2805        2540        1        3
2805        2514        1        3
2778        2514        1        3
2778        2487        1        3
2778        2461        1        3
2752        2461        1        3
2752        2434        1        3
2725        2434        1        3
2725        2408        1        3
2699        2381        1        3
2699        2355        1        3
2672        2355        1        3
2672        2328        1        3
2646        2302        1        3
2619        2275        1        3
2619        2249        1        3
2593        2249        1        3
2593        2223        1        3
2566        2223        1        3
2566        2196        1        3
2540        2196        1        3
2540        2170        1        3
2514        2170        1        3
2514        2143        1        3
2487        2117        1        3
2461        2117        1        3
2461        2090        1        3
2434        2090        1        3
2434        2064        1        3
2408        2064        1        3
2408        2037        1        3
2381        2037        1        3
2355        2011        1        3
2328        2011        1        3
2302        1984        1        3
2275        1984        1        3
2249        1958        1        3
2223        1958        1        3
2223        1931        1        3
2196        1931        1        3
2196        1905        1        3
2170        1905        1        3
2170        1879        1        3
2143        1879        1        3
PEN_UP                  0
END_CHARACTER: CC
