CHARACTER_NAME: GN
STROKE_COUNT: 2
  X           Y   STYLUS_STATE STROKE
PEN_DOWN
1852        1905        1        1
1852        1931        1        1
1879        1905        1        1
1905        1905        1        1
1931        1905        1        1
1984        1905        1        1
2011        1879        1        1
2064        1879        1        1
2117        1852        1        1
2170        1826        1        1
2223        1826        1        1
2249        1799        1        1
2302        1773        1        1
2328        1746        1        1
2355        1720        1        1
2381        1720        1        1
2408        1693        1        1
2408        1667        1        1
2434        1667        1        1
2434        1640        1        1
2461        1640        1        1
2461        1614        1        1
2434        1614        1        1
2408        1640        1        1
2381        1640        1        1
2355        1640        1        1
2302        1640        1        1
2249        1640        1        1
2196        1640        1        1
2170        1640        1        1
2117        1640        1        1
2090        1640        1        1
2037        1614        1        1
2011        1614        1        1
1984        1614        1        1
1958        1588        1        1
1931        1588        1        1
1905        1561        1        1
1905        1535        1        1
1879        1508        1        1
1879        1482        1        1
1879        1455        1        1
1879        1429        1        1
1879        1402        1        1
1879        1376        1        1
1905        1323        1        1
1905        1296        1        1
1905        1270        1        1
1931        1244        1        1
1958        1217        1        1
1984        1164        1        1
2011        1138        1        1
2064        1111        1        1
2090        1085        1        1
2117        1058        1        1
2170        1032        1        1
2223        1005        1        1
2249         979        1        1
2302         979        1        1
2355         979        1        1
2381         953        1        1
2434         953        1        1
2487         979        1        1
2514         979        1        1
2566         979        1        1
2593        1005        1        1
2646        1032        1        1
2672        1058        1        1
2699        1085        1        1
2725        1111        1        1
2778        1164        1        1
2778        1217        1        1
2805        1244        1        1
2831        1296        1        1
2831        1349        1        1
2858        1376        1        1
2858        1429        1        1
2884        1455        1        1
2884        1482        1        1
2910        1508        1        1
2910        1535        1        1
2937        1561        1        1
2963        1561        1        1
2990        1561        1        1
2990        1535        1        1
3016        1508        1        1
3043        1508        1        1
3069        1482        1        1
3069        1455        1        1
3096        1429        1        1
3122        1376        1        1
3122        1349        1        1
3149        1323        1        1
3149        1296        1        1
3175        1270        1        1
3175        1244        1        1
3175        1270        1        1
3175        1296        1        1
3149        1323        1        1
3149        1349        1        1
3122        1376        1        1
3122        1429        1        1
3096        1455        1        1
3096        1508        1        1
3069        1561        1        1
3069        1614        1        1
3043        1667        1        1
3043        1720        1        1
3043        1773        1        1
3016        1852        1        1
2990        1905        1        1
2990        1958        1        1
2963        2037        1        1
2963        2117        1        1
2963        2196        1        1
2937        2275        1        1
2937        2355        1        1
2937        2408        1        1
2910        2487        1        1
2910        2540        1        1
2910        2619        1        1
2910        2672        1        1
2884        2725        1        1
2884        2752        1        1
2884        2805        1        1
2884        2831        1        1
2884        2858        1        1
2884        2884        1        1
2884        2910        1        1
2884        2937        1        1
2884        2963        1        1
2858        2937        1        1
2858        2910        1        1
2831        2884        1        1
2831        2831        1        1
2805        2805        1        1
2805        2752        1        1
2778        2725        1        1
2752        2672        1        1
2725        2646        1        1
2699        2593        1        1
2672        2566        1        1
2646        2540        1        1
2619        2514        1        1
2593        2487        1        1
2566        2487        1        1
2514        2461        1        1
2487        2461        1        1
2434        2487        1        1
2355        2487        1        1
2302        2487        1        1
2249        2514        1        1
2196        2540        1        1
2170        2540        1        1
2117        2566        1        1
2090        2593        1        1
2064        2619        1        1
2037        2646        1        1
2011        2672        1        1
1984        2699        1        1
1984        2725        1        1
1984        2752        1        1
1984        2778        1        1
2011        2805        1        1
2037        2805        1        1
2064        2778        1        1
2090        2778        1        1
2117        2752        1        1
2143        2725        1        1
2170        2699        1        1
2170        2672        1        1
2196        2646        1        1
2196        2619        1        1
2170        2619        1        1
2170        2593        1        1
2143        2593        1        1
2117        2566        1        1
PEN_UP                  0
PEN_DOWN
3016        1508        1        2
3043        1535        1        2
3069        1535        1        2
3096        1535        1        2
3149        1561        1        2
3201        1561        1        2
3254        1561        1        2
3307        1588        1        2
3387        1588        1        2
3466        1614        1        2
3519        1614        1        2
3572        1614        1        2
3625        1614        1        2
3651        1640        1        2
3704        1640        1        2
3731        1640        1        2
3757        1640        1        2
3757        1614        1        2
PEN_UP                  0
END_CHARACTER: GN
