CHARACTER_NAME: TN
STROKE_COUNT: 3
  X           Y   STYLUS_STATE STROKE
PEN_DOWN
1826        1296        1        1
1799        1323        1        1
1826        1296        1        1
1852        1296        1        1
1905        1296        1        1
1958        1323        1        1
2011        1323        1        1
2064        1323        1        1
2143        1323        1        1
2249        1323        1        1
2328        1323        1        1
2434        1349        1        1
2540        1349        1        1
2646        1349        1        1
2725        1376        1        1
2831        1376        1        1
2910        1376        1        1
2990        1376        1        1
3096        1402        1        1
3175        1402        1        1
3281        1402        1        1
3360        1429        1        1
3440        1429        1        1
3493        1429        1        1
3545        1429        1        1
3598        1455        1        1
3651        1455        1        1
3678        1455        1        1
3704        1455        1        1
3731        1455        1        1
3704        1455        1        1
3678        1455        1        1
3651        1455        1        1
3625        1455        1        1
3572        1455        1        1
PEN_UP                  0
PEN_DOWN
3096        1455        1        2
3122        1455        1        2
3122        1429        1        2
3149        1429        1        2
3175        1429        1        2
3175        1455        1        2
3175        1482        1        2
3201        1482        1        2
3201        1508        1        2
3201        1535        1        2
3201        1561        1        2
3201        1588        1        2
3175        1614        1        2
3175        1640        1        2
3149        1667        1        2
3122        1693        1        2
3096        1693        1        2
3069        1720        1        2
3043        1720        1        2
3016        1746        1        2
2990        1746        1        2
2963        1746        1        2
2937        1720        1        2
2937        1693        1        2
2910        1693        1        2
2910        1667        1        2
2937        1640        1        2
2937        1614        1        2
2937        1588        1        2
2963        1588        1        2
2990        1561        1        2
3016        1561        1        2
3043        1561        1        2
3069        1535        1        2
3096        1535        1        2
3122        1535        1        2
3175        1535        1        2
3201        1535        1        2
3254        1535        1        2
3281        1535        1        2
3307        1561        1        2
3360        1561        1        2
3387        1588        1        2
3413        1614        1        2
3440        1640        1        2
3466        1667        1        2
3466        1693        1        2
3493        1720        1        2
3493        1746        1        2
3519        1799        1        2
3519        1826        1        2
3519        1879        1        2
3519        1905        1        2
3493        1958        1        2
3493        2011        1        2
3466        2064        1        2
3466        2090        1        2
3440        2143        1        2
3413        2196        1        2
3387        2223        1        2
3334        2275        1        2
3307        2302        1        2
3281        2355        1        2
3228        2381        1        2
3175        2408        1        2
3149        2408        1        2
3096        2434        1        2
3043        2461        1        2
2990        2461        1        2
2937        2487        1        2
2884        2487        1        2
2831        2487        1        2
2778        2487        1        2
2725        2487        1        2
2672        2487        1        2
2646        2461        1        2
2593        2461        1        2
2566        2461        1        2
2540        2434        1        2
2514        2434        1        2
2461        2408        1        2
2461        2381        1        2
2434        2355        1        2
2408        2302        1        2
2381        2275        1        2
2355        2223        1        2
2355        2170        1        2
2328        2143        1        2
2328        2090        1        2
2302        2037        1        2
2302        1984        1        2
2302        1931        1        2
2302        1879        1        2
2302        1852        1        2
2302        1799        1        2
2302        1746        1        2
2302        1720        1        2
2302        1693        1        2
2302        1667        1        2
2302        1640        1        2
2302        1614        1        2
2328        1640        1        2
PEN_UP                  0
PEN_DOWN
3466        2223        1        3
3440        2249        1        3
3440        2275        1        3
3440        2302        1        3
3413        2328        1        3
3413        2355        1        3
3413        2381        1        3
3387        2434        1        3
3387        2461        1        3
3360        2514        1        3
3360        2566        1        3
3360        2619        1        3
3360        2672        1        3
3334        2752        1        3
3334        2805        1        3
3334        2858        1        3
3334        2937        1        3
3334        2990        1        3
3334        3069        1        3
3334        3122        1        3
3307        3175        1        3
3307        3228        1        3
3307        3254        1        3
3307        3307        1        3
3307        3334        1        3
3307        3360        1        3
3307        3387        1        3
3281        3387        1        3
3281        3360        1        3
3281        3334        1        3
3254        3307        1        3
3254        3254        1        3
3228        3228        1        3
3228        3175        1        3
3201        3149        1        3
3175        3096        1        3
3149        3069        1        3
3122        3043        1        3
3069        3016        1        3
3043        2963        1        3
2990        2963        1        3
2963        2937        1        3
2910        2910        1        3
2884        2910        1        3
2831        2910        1        3
2805        2937        1        3
2778        2937        1        3
2725        2963        1        3
2699        2990        1        3
2672        3016        1        3
2646        3043        1        3
2619        3069        1        3
2619        3096        1        3
2593        3122        1        3
2593        3149        1        3
2593        3175        1        3
2566        3201        1        3
2593        3201        1        3
2593        3228        1        3
2619        3228        1        3
2646        3228        1        3
2672        3228        1        3
2699        3201        1        3
2725        3201        1        3
2725        3175        1        3
2725        3149        1        3
2699        3122        1        3
2672        3096        1        3
2646        3069        1        3
2619        3069        1        3
PEN_UP                  0
END_CHARACTER: TN
