CHARACTER_NAME: JJB
STROKE_COUNT: 4
  X           Y   STYLUS_STATE STROKE
PEN_DOWN
 979        1005        1        1
1005        1032        1        1
1032        1032        1        1
1058        1032        1        1
1085        1032        1        1
1138        1032        1        1
1191        1032        1        1
1244        1032        1        1
1296        1032        1        1
1376        1032        1        1
1455        1032        1        1
1561        1032        1        1
1667        1032        1        1
1773        1032        1        1
1905        1058        1        1
2011        1058        1        1
2117        1058        1        1
2196        1058        1        1
2275        1085        1        1
2355        1085        1        1
2408        1085        1        1
2461        1085        1        1
2514        1085        1        1
2540        1085        1        1
2593        1085        1        1
2619        1085        1        1
2646        1085        1        1
2672        1085        1        1
2699        1085        1        1
2672        1085        1        1
2646        1085        1        1
2619        1111        1        1
PEN_UP                  0
PEN_DOWN
2381        1164        1        2
2408        1164        1        2
2381        1164        1        2
2355        1164        1        2
2328        1191        1        2
2275        1217        1        2
2223        1270        1        2
2170        1296        1        2
2117        1349        1        2
2037        1402        1        2
1984        1455        1        2
1931        1508        1        2
1879        1561        1        2
1826        1614        1        2
1799        1640        1        2
1773        1693        1        2
1746        1746        1        2
1746        1773        1        2
1746        1799        1        2
1773        1826        1        2
1799        1852        1        2
1826        1879        1        2
1879        1879        1        2
1931        1879        1        2
1984        1879        1        2
2037        1879        1        2
2090        1852        1        2
2143        1852        1        2
2170        1852        1        2
2196        1826        1        2
2223        1826        1        2
2249        1826        1        2
2275        1826        1        2
2249        1826        1        2
2249        1852        1        2
2223        1879        1        2
2223        1905        1        2
2196        1958        1        2
2143        2011        1        2
2117        2064        1        2
2064        2117        1        2
2037        2170        1        2
1984        2223        1        2
1931        2275        1        2
1905        2328        1        2
1852        2355        1        2
1799        2381        1        2
1746        2408        1        2
1693        2408        1        2
1640        2408        1        2
1588        2408        1        2
1535        2381        1        2
1508        2355        1        2
1455        2302        1        2
1429        2249        1        2
1376        2196        1        2
1349        2143        1        2
1349        2090        1        2
1323        2011        1        2
1296        1958        1        2
1296        1905        1        2
1296        1826        1        2
1296        1773        1        2
1296        1720        1        2
1296        1667        1        2
1296        1614        1        2
1296        1561        1        2
1296        1482        1        2
1296        1455        1        2
1296        1402        1        2
1296        1349        1        2
1296        1323        1        2
1296        1296        1        2
1296        1270        1        2
1270        1296        1        2
1296        1296        1        2
1296        1323        1        2
PEN_UP                  0
PEN_DOWN
2275        1349        1        3
2275        1323        1        3
2275        1349        1        3
2302        1376        1        3
2302        1429        1        3
2328        1455        1        3
2355        1508        1        3
2381        1561        1        3
2408        1614        1        3
2434        1667        1        3
2461        1693        1        3
2487        1746        1        3
2514        1799        1        3
2540        1826        1        3
2566        1879        1        3
2593        1905        1        3
2619        1958        1        3
2646        1984        1        3
2672        1984        1        3
2699        2011        1        3
2699        2037        1        3
2725        2037        1        3
2725        2064        1        3
2752        2064        1        3
2725        2064        1        3
2725        2090        1        3
2699        2090        1        3
2672        2090        1        3
2646        2117        1        3
2593        2143        1        3
2566        2170        1        3
2514        2196        1        3
2461        2249        1        3
2408        2302        1        3
2355        2355        1        3
2328        2381        1        3
2275        2434        1        3
2275        2461        1        3
2249        2514        1        3
2249        2540        1        3
2249        2566        1        3
2275        2593        1        3
2302        2593        1        3
2328        2619        1        3
2355        2619        1        3
2408        2619        1        3
2434        2646        1        3
2487        2646        1        3
2514        2646        1        3
2540        2646        1        3
2566        2646        1        3
2593        2646        1        3
2619        2646        1        3
2593        2672        1        3
2593        2699        1        3
2566        2725        1        3
2566        2752        1        3
2514        2805        1        3
2487        2831        1        3
2434        2884        1        3
2355        2910        1        3
2275        2937        1        3
2223        2963        1        3
2143        2990        1        3
2064        3016        1        3
1984        3016        1        3
1905        3043        1        3
1826        3016        1        3
1746        3016        1        3
1667        3016        1        3
1614        2990        1        3
1561        2963        1        3
1482        2937        1        3
1429        2910        1        3
1402        2884        1        3
1349        2858        1        3
1296        2831        1        3
1270        2805        1        3
1244        2778        1        3
1217        2752        1        3
1191        2725        1        3
1191        2699        1        3
1164        2699        1        3
1164        2672        1        3
1164        2646        1        3
1138        2646        1        3
1138        2619        1        3
1111        2593        1        3
1111        2566        1        3
1138        2566        1        3
1164        2566        1        3
PEN_UP                  0
PEN_DOWN
2593        2223        1        4
2593        2196        1        4
2593        2170        1        4
2593        2196        1        4
2619        2196        1        4
2619        2223        1        4
2646        2249        1        4
2646        2275        1        4
2672        2302        1        4
2725        2328        1        4
2752        2355        1        4
2805        2381        1        4
2831        2408        1        4
2884        2434        1        4
2910        2434        1        4
2963        2461        1        4
2990        2461        1        4
3016        2461        1        4
3043        2461        1        4
3043        2487        1        4
3016        2514        1        4
2990        2540        1        4
2963        2593        1        4
2937        2619        1        4
2884        2672        1        4
2831        2725        1        4
2752        2778        1        4
2699        2831        1        4
2646        2858        1        4
2593        2910        1        4
2566        2963        1        4
2514        3016        1        4
2487        3043        1        4
2461        3069        1        4
2434        3096        1        4
2434        3122        1        4
2408        3149        1        4
2381        3175        1        4
2408        3175        1        4
2434        3175        1        4
2461        3175        1        4
2487        3175        1        4
2540        3175        1        4
2566        3201        1        4
2619        3201        1        4
2672        3201        1        4
2699        3228        1        4
2752        3254        1        4
2805        3281        1        4
2858        3307        1        4
2884        3360        1        4
2937        3387        1        4
2963        3440        1        4
3016        3493        1        4
3043        3519        1        4
3069        3572        1        4
3069        3598        1        4
3096        3625        1        4
3096        3651        1        4
3096        3678        1        4
3122        3704        1        4
3122        3731        1        4
3122        3704        1        4
3122        3678        1        4
3122        3651        1        4
3122        3625        1        4
3122        3572        1        4
3096        3545        1        4
3096        3493        1        4
3096        3440        1        4
3122        3360        1        4
3122        3307        1        4
3122        3228        1        4
3122        3175        1        4
3122        3096        1        4
3149        3043        1        4
3149        2990        1        4
3149        2937        1        4
3175        2884        1        4
3175        2831        1        4
3175        2778        1        4
3175        2752        1        4
3201        2699        1        4
3201        2672        1        4
3201        2646        1        4
3201        2619        1        4
3201        2593        1        4
3201        2566        1        4
3201        2540        1        4
3175        2540        1        4
3175        2514        1        4
3175        2487        1        4
3149        2487        1        4
3122        2487        1        4
3096        2487        1        4
3069        2514        1        4
3043        2514        1        4
2990        2487        1        4
2963        2487        1        4
2937        2461        1        4
PEN_UP                  0
END_CHARACTER: JJB
