CHARACTER_NAME: DV
STROKE_COUNT: 2
  X           Y   STYLUS_STATE STROKE
PEN_DOWN
1138        1164        1        1
1164        1164        1        1
1191        1164        1        1
1217        1164        1        1
1244        1164        1        1
1296        1164        1        1
1349        1164        1        1
1429        1164        1        1
1535        1164        1        1
1667        1164        1        1
1826        1164        1        1
1984        1164        1        1
2143        1164        1        1
2302        1191        1        1
2434        1191        1        1
2566        1191        1        1
2646        1191        1        1
2725        1191        1        1
2778        1191        1        1
2831        1191        1        1
2858        1191        1        1
2884        1191        1        1
2910        1191        1        1
2884        1217        1        1
2858        1244        1        1
PEN_UP                  0
PEN_DOWN
2090        1270        1        2
2090        1244        1        2
2090        1217        1        2
2090        1244        1        2
2090        1270        1        2
2064        1323        1        2
2064        1376        1        2
2064        1429        1        2
2037        1482        1        2
2037        1535        1        2
2011        1588        1        2
2011        1667        1        2
1984        1720        1        2
1984        1773        1        2
1958        1852        1        2
1958        1905        1        2
1958        1958        1        2
1958        2037        1        2
1958        2090        1        2
1958        2117        1        2
1984        2170        1        2
1984        2196        1        2
1984        2223        1        2
1984        2249        1        2
2011        2275        1        2
2037        2275        1        2
2064        2275        1        2
2090        2275        1        2
2117        2249        1        2
2170        2249        1        2
2223        2223        1        2
2302        2196        1        2
2355        2170        1        2
2434        2143        1        2
2487        2117        1        2
2540        2090        1        2
2593        2064        1        2
2619        2037        1        2
2672        2011        1        2
2699        1984        1        2
2725        1958        1        2
2752        1958        1        2
2778        1931        1        2
2805        1905        1        2
2778        1931        1        2
2778        1905        1        2
2752        1931        1        2
2725        1958        1        2
2725        1984        1        2
2699        2011        1        2
2699        2064        1        2
2672        2117        1        2
2672        2170        1        2
2646        2223        1        2
2646        2275        1        2
2619        2328        1        2
2619        2408        1        2
2619        2461        1        2
2619        2514        1        2
2619        2566        1        2
2619        2619        1        2
2619        2672        1        2
2619        2699        1        2
2646        2725        1        2
2646        2752        1        2
2646        2778        1        2
2672        2805        1        2
2699        2831        1        2
2725        2831        1        2
2752        2858        1        2
2778        2858        1        2
2805        2858        1        2
2831        2858        1        2
2858        2858        1        2
2884        2831        1        2
2910        2831        1        2
2937        2831        1        2
2963        2805        1        2
2990        2805        1        2
3016        2778        1        2
3016        2752        1        2
3043        2752        1        2
3043        2725        1        2
3043        2699        1        2
3016        2699        1        2
3016        2672        1        2
2990        2672        1        2
2963        2672        1        2
2963        2699        1        2
2937        2699        1        2
2910        2699        1        2
2884        2725        1        2
2858        2752        1        2
2831        2778        1        2
2831        2805        1        2
2805        2805        1        2
2805        2831        1        2
2778        2858        1        2
2778        2884        1        2
2805        2910        1        2
2831        2937        1        2
2858        2937        1        2
2884        2937        1        2
2910        2963        1        2
2937        2963        1        2
2963        2963        1        2
3016        2963        1        2
3043        2937        1        2
3069        2937        1        2
3096        2910        1        2
3122        2884        1        2
3122        2858        1        2
3122        2831        1        2
3096        2805        1        2
3096        2778        1        2
3069        2752        1        2
3043        2725        1        2
2990        2725        1        2
2963        2725        1        2
2910        2725        1        2
2884        2725        1        2
2831        2725        1        2
2805        2752        1        2
2778        2778        1        2
2752        2805        1        2
2725        2831        1        2
2725        2858        1        2
2725        2910        1        2
2725        2937        1        2
2725        2963        1        2
2752        3016        1        2
2752        3069        1        2
2805        3096        1        2
2831        3122        1        2
2858        3149        1        2
2910        3175        1        2
2937        3201        1        2
2990        3201        1        2
3016        3201        1        2
3069        3201        1        2
3122        3175        1        2
3175        3149        1        2
3201        3122        1        2
3254        3096        1        2
3281        3069        1        2
3334        3043        1        2
3360        3016        1        2
3387        2990        1        2
3413        2963        1        2
3440        2963        1        2
3440        2937        1        2
3466        2910        1        2
3493        2910        1        2
3493        2884        1        2
3493        2910        1        2
3493        2937        1        2
3466        2937        1        2
3466        2963        1        2
3440        3016        1        2
3440        3043        1        2
3413        3096        1        2
3387        3149        1        2
3360        3201        1        2
3334        3254        1        2
3307        3307        1        2
3281        3360        1        2
3228        3413        1        2
3201        3466        1        2
3175        3519        1        2
3122        3572        1        2
3096        3625        1        2
3043        3651        1        2
2990        3678        1        2
2937        3704        1        2
2884        3731        1        2
2805        3757        1        2
2752        3757        1        2
2699        3757        1        2
2646        3757        1        2
2593        3757        1        2
2540        3731        1        2
2487        3731        1        2
2434        3704        1        2
2355        3678        1        2
2328        3625        1        2
2275        3598        1        2
2249        3545        1        2
2196        3519        1        2
2170        3466        1        2
2143        3413        1        2
2117        3360        1        2
2090        3307        1        2
2090        3228        1        2
2064        3175        1        2
2037        3122        1        2
2037        3043        1        2
2011        2990        1        2
1984        2937        1        2
1958        2884        1        2
1958        2858        1        2
1931        2805        1        2
1905        2752        1        2
1905        2699        1        2
1879        2672        1        2
1852        2619        1        2
1852        2593        1        2
1826        2540        1        2
1826        2514        1        2
1799        2461        1        2
1799        2434        1        2
1773        2381        1        2
1773        2355        1        2
1773        2302        1        2
1746        2275        1        2
1746        2249        1        2
1746        2223        1        2
1746        2170        1        2
1746        2143        1        2
1746        2117        1        2
1746        2090        1        2
1746        2064        1        2
1746        2037        1        2
1746        2011        1        2
1746        1984        1        2
1720        1958        1        2
1720        1931        1        2
1720        1905        1        2
1720        1879        1        2
1720        1852        1        2
1720        1826        1        2
1720        1799        1        2
1720        1773        1        2
1720        1746        1        2
1720        1720        1        2
1693        1693        1        2
1693        1667        1        2
1693        1640        1        2
1693        1614        1        2
1693        1588        1        2
1720        1588        1        2
1746        1588        1        2
1799        1588        1        2
PEN_UP                  0
END_CHARACTER: DV
