CHARACTER_NAME: MNTH
STROKE_COUNT: 1
  X           Y   STYLUS_STATE STROKE
PEN_DOWN
1535        1535        1        1
1561        1535        1        1
1561        1561        1        1
1588        1561        1        1
1614        1561        1        1
1614        1588        1        1
1640        1588        1        1
1667        1614        1        1
1693        1640        1        1
1720        1640        1        1
1720        1667        1        1
1746        1667        1        1
1746        1693        1        1
1773        1720        1        1
1773        1746        1        1
1773        1773        1        1
1773        1799        1        1
1773        1826        1        1
1746        1826        1        1
1746        1852        1        1
1720        1852        1        1
1720        1879        1        1
1693        1879        1        1
1693        1905        1        1
1667        1905        1        1
1640        1905        1        1
1614        1931        1        1
1588        1931        1        1
1561        1931        1        1
1535        1931        1        1
1508        1931        1        1
1482        1931        1        1
1455        1905        1        1
1429        1905        1        1
1402        1905        1        1
1376        1905        1        1
1349        1879        1        1
1323        1852        1        1
1296        1826        1        1
1296        1799        1        1
1270        1799        1        1
1270        1773        1        1
1270        1746        1        1
1270        1720        1        1
1296        1720        1        1
1296        1693        1        1
1323        1693        1        1
1323        1667        1        1
1349        1640        1        1
1376        1640        1        1
1402        1640        1        1
1429        1614        1        1
1455        1614        1        1
1482        1614        1        1
1508        1614        1        1
1535        1588        1        1
1561        1588        1        1
1588        1588        1        1
1614        1588        1        1
1640        1588        1        1
1667        1588        1        1
1693        1614        1        1
1720        1614        1        1
1746        1614        1        1
1773        1614        1        1
1799        1640        1        1
1826        1640        1        1
1852        1640        1        1
1879        1640        1        1
1905        1667        1        1
1931        1667        1        1
1958        1693        1        1
1984        1693        1        1
2011        1693        1        1
2011        1720        1        1
2037        1720        1        1
2064        1720        1        1
2064        1746        1        1
2090        1746        1        1
2117        1773        1        1
2143        1799        1        1
2143        1826        1        1
2170        1826        1        1
2170        1852        1        1
2170        1879        1        1
2196        1879        1        1
2196        1905        1        1
2196        1931        1        1
2196        1958        1        1
2196        1984        1        1
2196        2011        1        1
2196        2037        1        1
2196        2064        1        1
2196        2090        1        1
2196        2117        1        1
2196        2143        1        1
2196        2170        1        1
2170        2196        1        1
2170        2223        1        1
2170        2249        1        1
2143        2249        1        1
2143        2275        1        1
2143        2302        1        1
2117        2302        1        1
2117        2328        1        1
2090        2355        1        1
2090        2381        1        1
2064        2381        1        1
2037        2408        1        1
2037        2434        1        1
2011        2434        1        1
1984        2461        1        1
1958        2487        1        1
1931        2514        1        1
1905        2540        1        1
1879        2540        1        1
1852        2566        1        1
1826        2593        1        1
1799        2593        1        1
1773        2619        1        1
1746        2646        1        1
1693        2646        1        1
1667        2672        1        1
1640        2672        1        1
1614        2699        1        1
1561        2699        1        1
1535        2725        1        1
1508        2752        1        1
1482        2752        1        1
1429        2778        1        1
1402        2778        1        1
1376        2805        1        1
1349        2805        1        1
1323        2831        1        1
1296        2831        1        1
1244        2858        1        1
1217        2858        1        1
1191        2884        1        1
1164        2910        1        1
1111        2910        1        1
1085        2937        1        1
1058        2963        1        1
1032        2990        1        1
1005        2990        1        1
 979        3016        1        1
 979        3043        1        1
 953        3069        1        1
 953        3096        1        1
 926        3122        1        1
 926        3149        1        1
 900        3175        1        1
 900        3201        1        1
 900        3228        1        1
 926        3254        1        1
 926        3281        1        1
 926        3307        1        1
 926        3334        1        1
 953        3360        1        1
 953        3387        1        1
 953        3413        1        1
 979        3440        1        1
 979        3466        1        1
1005        3493        1        1
1032        3519        1        1
1058        3545        1        1
1085        3545        1        1
1111        3572        1        1
1138        3572        1        1
1164        3572        1        1
1191        3598        1        1
1217        3598        1        1
1270        3598        1        1
1296        3598        1        1
1323        3572        1        1
1376        3572        1        1
1402        3572        1        1
1429        3572        1        1
1455        3545        1        1
1508        3545        1        1
1535        3519        1        1
1561        3519        1        1
1588        3493        1        1
1640        3466        1        1
1667        3440        1        1
1720        3413        1        1
1746        3360        1        1
1773        3334        1        1
1799        3307        1        1
1852        3281        1        1
1879        3228        1        1
1905        3201        1        1
1905        3175        1        1
1931        3122        1        1
1958        3096        1        1
1984        3043        1        1
1984        3016        1        1
2011        2990        1        1
2011        2963        1        1
2037        2937        1        1
2037        2884        1        1
2064        2858        1        1
2064        2831        1        1
2064        2805        1        1
2090        2778        1        1
2090        2752        1        1
2090        2725        1        1
2117        2699        1        1
2117        2672        1        1
2117        2646        1        1
2117        2619        1        1
2143        2593        1        1
2143        2566        1        1
2143        2540        1        1
2170        2514        1        1
2170        2487        1        1
2170        2461        1        1
2196        2434        1        1
2196        2408        1        1
2196        2381        1        1
2196        2355        1        1
2223        2328        1        1
2223        2302        1        1
2223        2275        1        1
2223        2249        1        1
2249        2223        1        1
2249        2196        1        1
2249        2170        1        1
2249        2143        1        1
2249        2117        1        1
2249        2090        1        1
2275        2090        1        1
2275        2064        1        1
2275        2037        1        1
2275        2011        1        1
2275        1984        1        1
2275        1958        1        1
2275        1931        1        1
2275        1905        1        1
2275        1879        1        1
2249        1852        1        1
2249        1826        1        1
2249        1799        1        1
2249        1773        1        1
2223        1746        1        1
2223        1720        1        1
2223        1693        1        1
2196        1640        1        1
2170        1614        1        1
2143        1588        1        1
2143        1561        1        1
2117        1535        1        1
2117        1508        1        1
2090        1508        1        1
2064        1482        1        1
2037        1455        1        1
2037        1429        1        1
2011        1402        1        1
1958        1349        1        1
1931        1323        1        1
1905        1296        1        1
1879        1270        1        1
1852        1270        1        1
1826        1244        1        1
1799        1217        1        1
1773        1191        1        1
1773        1164        1        1
1746        1138        1        1
1720        1111        1        1
1693        1058        1        1
1667        1032        1        1
1640        1005        1        1
1614         979        1        1
1588         953        1        1
1588         926        1        1
1561         900        1        1
1561         873        1        1
1588         847        1        1
1614         820        1        1
1640         794        1        1
1667         767        1        1
1720         741        1        1
1746         714        1        1
1773         688        1        1
1799         661        1        1
1826         661        1        1
1826         635        1        1
1852         635        1        1
1852         609        1        1
1879         609        1        1
PEN_UP                  0
END_CHARACTER: MNTH
