CHARACTER_NAME: NGH
STROKE_COUNT: 3
  X           Y   STYLUS_STATE STROKE
PEN_DOWN
 926        1005        1        1
 926        1032        1        1
 953        1058        1        1
 953        1085        1        1
 979        1111        1        1
 979        1138        1        1
 979        1164        1        1
1005        1191        1        1
1032        1217        1        1
1058        1244        1        1
1058        1270        1        1
1085        1270        1        1
1111        1296        1        1
1138        1296        1        1
1191        1296        1        1
1217        1323        1        1
1244        1323        1        1
1270        1323        1        1
1296        1296        1        1
1349        1296        1        1
1376        1296        1        1
1429        1296        1        1
1455        1270        1        1
1508        1270        1        1
1535        1244        1        1
1561        1244        1        1
1588        1217        1        1
1614        1191        1        1
1640        1191        1        1
1667        1164        1        1
1667        1138        1        1
1693        1111        1        1
1693        1085        1        1
1720        1058        1        1
1720        1032        1        1
1720        1005        1        1
1720         979        1        1
1693         979        1        1
1693         953        1        1
1667         926        1        1
1640         926        1        1
1640         900        1        1
1614         900        1        1
1588         900        1        1
1561         900        1        1
1535         900        1        1
1508         900        1        1
1482         926        1        1
1429         926        1        1
1402         926        1        1
1376         953        1        1
1349         953        1        1
1323         979        1        1
1296         979        1        1
1270        1005        1        1
1270        1032        1        1
1244        1058        1        1
1217        1085        1        1
1217        1111        1        1
1191        1138        1        1
1191        1164        1        1
1191        1191        1        1
1164        1217        1        1
1164        1244        1        1
1164        1296        1        1
1164        1323        1        1
1164        1349        1        1
1164        1376        1        1
1164        1402        1        1
1164        1429        1        1
1164        1455        1        1
1164        1482        1        1
1164        1508        1        1
1191        1508        1        1
1191        1535        1        1
1191        1561        1        1
1217        1588        1        1
1244        1614        1        1
1270        1640        1        1
1296        1640        1        1
1323        1667        1        1
1349        1667        1        1
1376        1693        1        1
1402        1693        1        1
1429        1693        1        1
1455        1693        1        1
1482        1693        1        1
1508        1693        1        1
1535        1693        1        1
1561        1693        1        1
1588        1693        1        1
1614        1667        1        1
1640        1667        1        1
1667        1667        1        1
1693        1640        1        1
1720        1640        1        1
1746        1614        1        1
1773        1614        1        1
1799        1588        1        1
1826        1561        1        1
1852        1535        1        1
1852        1508        1        1
1879        1508        1        1
1879        1482        1        1
1879        1508        1        1
1879        1535        1        1
1879        1561        1        1
1879        1588        1        1
1879        1614        1        1
1879        1640        1        1
1879        1667        1        1
1879        1693        1        1
1879        1720        1        1
1852        1720        1        1
1852        1746        1        1
1852        1773        1        1
1852        1799        1        1
1852        1826        1        1
1826        1826        1        1
1826        1852        1        1
1826        1879        1        1
1799        1905        1        1
1799        1931        1        1
1773        1958        1        1
1773        1984        1        1
1746        1984        1        1
1720        2011        1        1
1720        2037        1        1
1693        2037        1        1
1667        2064        1        1
1640        2090        1        1
1614        2090        1        1
1588        2117        1        1
1561        2117        1        1
1535        2117        1        1
1535        2143        1        1
1508        2143        1        1
1482        2143        1        1
1455        2170        1        1
1429        2170        1        1
1402        2170        1        1
1376        2170        1        1
1349        2170        1        1
1323        2170        1        1
1296        2170        1        1
1270        2170        1        1
1244        2170        1        1
1217        2170        1        1
1191        2143        1        1
1164        2143        1        1
1138        2143        1        1
1111        2117        1        1
1085        2117        1        1
1058        2090        1        1
1032        2090        1        1
1005        2064        1        1
 979        2064        1        1
 979        2037        1        1
 953        2037        1        1
 953        2011        1        1
 926        2011        1        1
 900        1984        1        1
 873        1958        1        1
 847        1931        1        1
 820        1905        1        1
 794        1905        1        1
 794        1879        1        1
 767        1852        1        1
 741        1852        1        1
 741        1826        1        1
 714        1799        1        1
 688        1773        1        1
 688        1746        1        1
 661        1746        1        1
 661        1720        1        1
 661        1693        1        1
 661        1667        1        1
 635        1640        1        1
 635        1614        1        1
 635        1588        1        1
 635        1561        1        1
 635        1535        1        1
 635        1508        1        1
 635        1482        1        1
 635        1455        1        1
 635        1429        1        1
 635        1402        1        1
 609        1402        1        1
 609        1376        1        1
 609        1349        1        1
 609        1323        1        1
 609        1296        1        1
 609        1270        1        1
 582        1244        1        1
 582        1217        1        1
 582        1191        1        1
 582        1164        1        1
 582        1138        1        1
 582        1111        1        1
 609        1138        1        1
 609        1164        1        1
PEN_UP                  0
PEN_DOWN
2487         794        1        2
2461         794        1        2
2434         794        1        2
2408         794        1        2
2381         794        1        2
2381         820        1        2
2355         820        1        2
2328         847        1        2
2302         847        1        2
2275         873        1        2
2249         900        1        2
2249         926        1        2
2223         926        1        2
2223         953        1        2
2196         979        1        2
2196        1005        1        2
2170        1005        1        2
2170        1032        1        2
2143        1032        1        2
2143        1058        1        2
2143        1085        1        2
2117        1085        1        2
2117        1111        1        2
2090        1111        1        2
2090        1138        1        2
2064        1164        1        2
2064        1191        1        2
2064        1217        1        2
2037        1217        1        2
2037        1244        1        2
2037        1270        1        2
2011        1296        1        2
2011        1323        1        2
2011        1349        1        2
1984        1349        1        2
1984        1376        1        2
1984        1402        1        2
1984        1429        1        2
1984        1455        1        2
1958        1455        1        2
1958        1482        1        2
1958        1508        1        2
1958        1535        1        2
1958        1561        1        2
1958        1588        1        2
1984        1588        1        2
1984        1614        1        2
2011        1640        1        2
2037        1640        1        2
2064        1640        1        2
2090        1640        1        2
2143        1640        1        2
2170        1640        1        2
2196        1640        1        2
2223        1614        1        2
2275        1614        1        2
2302        1614        1        2
2328        1588        1        2
2355        1588        1        2
2408        1588        1        2
2434        1561        1        2
2461        1561        1        2
2487        1561        1        2
2514        1535        1        2
2540        1535        1        2
2566        1508        1        2
2593        1508        1        2
2619        1508        1        2
2646        1508        1        2
2646        1482        1        2
2672        1482        1        2
2699        1482        1        2
2672        1482        1        2
2646        1482        1        2
2619        1508        1        2
2593        1508        1        2
2566        1535        1        2
2540        1535        1        2
2540        1561        1        2
2514        1561        1        2
2487        1561        1        2
2487        1588        1        2
2461        1588        1        2
2434        1588        1        2
2408        1614        1        2
2381        1640        1        2
2355        1640        1        2
2355        1667        1        2
2328        1667        1        2
2328        1693        1        2
2302        1720        1        2
2275        1746        1        2
2275        1773        1        2
2249        1773        1        2
2223        1799        1        2
2223        1826        1        2
2196        1826        1        2
2170        1852        1        2
2143        1879        1        2
2117        1905        1        2
2117        1958        1        2
2090        1984        1        2
2064        2011        1        2
2037        2037        1        2
2011        2090        1        2
1984        2117        1        2
1984        2143        1        2
1958        2170        1        2
1931        2196        1        2
1931        2223        1        2
1905        2249        1        2
1905        2275        1        2
1879        2328        1        2
1879        2355        1        2
1852        2381        1        2
1852        2408        1        2
1826        2434        1        2
1826        2461        1        2
1799        2461        1        2
1799        2487        1        2
1826        2461        1        2
1852        2461        1        2
1852        2434        1        2
1879        2434        1        2
1905        2434        1        2
1905        2408        1        2
1931        2408        1        2
1958        2381        1        2
1984        2381        1        2
2011        2355        1        2
2064        2355        1        2
2090        2328        1        2
2143        2328        1        2
2196        2302        1        2
2249        2302        1        2
2302        2302        1        2
2381        2302        1        2
2434        2302        1        2
2514        2302        1        2
2566        2302        1        2
2619        2302        1        2
2672        2328        1        2
2725        2328        1        2
2752        2355        1        2
2778        2355        1        2
2805        2381        1        2
2831        2408        1        2
2858        2434        1        2
2884        2461        1        2
2884        2487        1        2
2910        2514        1        2
2937        2540        1        2
2963        2566        1        2
2963        2593        1        2
2990        2619        1        2
3016        2646        1        2
3016        2672        1        2
3043        2699        1        2
3043        2725        1        2
3069        2752        1        2
3069        2778        1        2
3096        2778        1        2
3096        2805        1        2
3096        2831        1        2
3122        2805        1        2
3122        2778        1        2
3149        2752        1        2
3149        2725        1        2
3175        2699        1        2
3175        2646        1        2
3201        2593        1        2
3228        2540        1        2
3228        2487        1        2
3254        2434        1        2
3254        2381        1        2
3281        2302        1        2
3281        2249        1        2
3281        2170        1        2
3307        2090        1        2
3307        2037        1        2
3307        1984        1        2
3334        1905        1        2
3334        1852        1        2
3334        1826        1        2
3334        1773        1        2
3360        1720        1        2
3360        1693        1        2
3360        1640        1        2
3360        1614        1        2
3360        1588        1        2
3360        1535        1        2
3387        1508        1        2
3387        1482        1        2
3387        1429        1        2
3413        1402        1        2
3413        1349        1        2
3413        1323        1        2
3413        1270        1        2
3440        1244        1        2
3440        1191        1        2
3440        1138        1        2
3466        1111        1        2
3466        1058        1        2
3466        1005        1        2
3493         979        1        2
3493         926        1        2
3493         900        1        2
3519         873        1        2
3519         847        1        2
3519         820        1        2
3545         820        1        2
3545         794        1        2
3545         767        1        2
3545         741        1        2
3545         767        1        2
PEN_UP                  0
PEN_DOWN
2143         767        1        3
2170         794        1        3
2196         794        1        3
2223         820        1        3
2249         820        1        3
2275         820        1        3
2302         820        1        3
2328         820        1        3
2355         820        1        3
2408         820        1        3
2434         820        1        3
2461         820        1        3
2487         820        1        3
2540         820        1        3
2566         820        1        3
2619         820        1        3
2646         820        1        3
2672         820        1        3
2725         820        1        3
2752         820        1        3
2778         820        1        3
2805         820        1        3
2858         820        1        3
2884         820        1        3
2910         820        1        3
2937         820        1        3
2963         820        1        3
2990         820        1        3
3016         820        1        3
3043         820        1        3
3069         820        1        3
3122         820        1        3
3149         820        1        3
3175         820        1        3
3201         820        1        3
3228         820        1        3
3254         820        1        3
3281         820        1        3
3307         820        1        3
3334         820        1        3
3360         820        1        3
3387         820        1        3
3413         820        1        3
3440         820        1        3
3466         820        1        3
3493         820        1        3
3519         820        1        3
3545         794        1        3
3572         794        1        3
3598         794        1        3
3625         794        1        3
3651         794        1        3
3678         794        1        3
3704         794        1        3
3731         794        1        3
3757         794        1        3
3784         794        1        3
3810         794        1        3
3836         767        1        3
3863         767        1        3
3889         767        1        3
3916         767        1        3
3942         767        1        3
3969         767        1        3
3995         767        1        3
4022         767        1        3
3995         767        1        3
PEN_UP                  0
END_CHARACTER: NGH
