CHARACTER_NAME: DRR
STROKE_COUNT: 2
  X           Y   STYLUS_STATE STROKE
PEN_DOWN
1085         953        1        1
1058         953        1        1
1032         953        1        1
1005         953        1        1
 979         926        1        1
 953         926        1        1
 953         953        1        1
1005         953        1        1
1032         953        1        1
1111         953        1        1
1217         953        1        1
1323         953        1        1
1429         953        1        1
1561         953        1        1
1693         953        1        1
1826         953        1        1
1958         953        1        1
2064         953        1        1
2196         926        1        1
2328         926        1        1
2461         926        1        1
2566         926        1        1
2672         900        1        1
2778         900        1        1
2858         900        1        1
2937         900        1        1
2990         900        1        1
3043         900        1        1
3096         900        1        1
3122         873        1        1
3149         873        1        1
3175         873        1        1
3149         900        1        1
PEN_UP                  0
PEN_DOWN
1826         953        1        2
1826         979        1        2
1826        1005        1        2
1826        1032        1        2
1826        1085        1        2
1799        1138        1        2
1799        1164        1        2
1799        1244        1        2
1773        1296        1        2
1773        1376        1        2
1746        1429        1        2
1720        1508        1        2
1720        1588        1        2
1693        1667        1        2
1667        1746        1        2
1667        1826        1        2
1640        1905        1        2
1640        1984        1        2
1614        2064        1        2
1614        2143        1        2
1614        2196        1        2
1588        2249        1        2
1588        2275        1        2
1588        2328        1        2
1588        2355        1        2
1588        2381        1        2
1614        2355        1        2
1640        2328        1        2
1667        2302        1        2
1693        2249        1        2
1746        2223        1        2
1799        2170        1        2
1852        2090        1        2
1905        2037        1        2
1984        1984        1        2
2064        1931        1        2
2143        1852        1        2
2223        1799        1        2
2275        1773        1        2
2355        1720        1        2
2408        1693        1        2
2461        1667        1        2
2487        1640        1        2
2514        1614        1        2
2540        1614        1        2
2566        1588        1        2
2593        1588        1        2
2593        1561        1        2
2593        1588        1        2
2593        1614        1        2
2566        1614        1        2
2566        1640        1        2
2540        1667        1        2
2540        1693        1        2
2540        1720        1        2
2514        1746        1        2
2514        1773        1        2
2487        1799        1        2
2487        1852        1        2
2461        1905        1        2
2461        1984        1        2
2434        2037        1        2
2434        2117        1        2
2408        2223        1        2
2408        2302        1        2
2408        2381        1        2
2381        2487        1        2
2381        2566        1        2
2381        2672        1        2
2381        2752        1        2
2355        2831        1        2
2355        2884        1        2
2381        2937        1        2
2381        2990        1        2
2381        3043        1        2
2381        3069        1        2
2381        3096        1        2
2381        3122        1        2
2381        3149        1        2
2381        3175        1        2
2381        3201        1        2
2381        3228        1        2
2381        3254        1        2
2381        3281        1        2
2381        3307        1        2
2381        3281        1        2
2381        3254        1        2
2381        3228        1        2
2381        3201        1        2
2381        3175        1        2
2381        3149        1        2
2381        3096        1        2
2355        3069        1        2
2355        3016        1        2
2328        2990        1        2
2302        2937        1        2
2302        2910        1        2
2275        2884        1        2
2223        2858        1        2
2196        2831        1        2
2170        2831        1        2
2143        2805        1        2
2090        2805        1        2
2037        2805        1        2
2011        2805        1        2
1958        2805        1        2
1905        2831        1        2
1879        2858        1        2
1826        2884        1        2
1773        2910        1        2
1720        2937        1        2
1667        2990        1        2
1640        3043        1        2
1588        3096        1        2
1561        3149        1        2
1508        3201        1        2
1482        3228        1        2
1429        3281        1        2
1376        3334        1        2
1349        3387        1        2
1323        3440        1        2
1296        3466        1        2
1244        3493        1        2
1217        3519        1        2
1217        3545        1        2
1191        3572        1        2
1164        3572        1        2
1138        3572        1        2
1111        3572        1        2
1085        3572        1        2
1058        3545        1        2
1032        3519        1        2
1005        3493        1        2
 979        3466        1        2
 953        3413        1        2
 926        3334        1        2
 900        3281        1        2
 847        3201        1        2
 820        3149        1        2
 794        3069        1        2
 767        2990        1        2
 741        2937        1        2
 714        2858        1        2
 714        2778        1        2
 688        2725        1        2
 688        2646        1        2
 661        2593        1        2
 661        2540        1        2
 688        2487        1        2
 688        2408        1        2
 688        2381        1        2
 688        2328        1        2
 714        2302        1        2
 714        2275        1        2
 741        2275        1        2
 767        2275        1        2
 767        2302        1        2
 767        2328        1        2
PEN_UP                  0
END_CHARACTER: DRR
