CHARACTER_NAME: CA
STROKE_COUNT: 2
  X           Y   STYLUS_STATE STROKE
PEN_DOWN
 953        1296        1        1
 979        1296        1        1
 979        1323        1        1
1005        1323        1        1
1032        1323        1        1
1058        1323        1        1
1085        1323        1        1
1111        1323        1        1
1138        1296        1        1
1191        1296        1        1
1217        1296        1        1
1244        1296        1        1
1270        1296        1        1
1323        1296        1        1
1349        1296        1        1
1402        1296        1        1
1429        1296        1        1
1455        1296        1        1
1508        1296        1        1
1535        1296        1        1
1561        1296        1        1
1588        1296        1        1
1614        1296        1        1
1667        1296        1        1
1693        1296        1        1
1720        1296        1        1
1773        1296        1        1
1799        1296        1        1
1826        1296        1        1
1852        1296        1        1
1905        1296        1        1
1931        1296        1        1
1958        1323        1        1
1984        1323        1        1
2011        1323        1        1
2037        1323        1        1
2064        1323        1        1
2090        1323        1        1
2117        1323        1        1
2143        1323        1        1
2170        1323        1        1
2196        1323        1        1
2223        1323        1        1
2275        1323        1        1
2302        1323        1        1
2328        1323        1        1
2355        1323        1        1
2381        1323        1        1
2408        1323        1        1
2434        1323        1        1
2461        1323        1        1
2487        1323        1        1
2540        1323        1        1
2566        1323        1        1
2593        1323        1        1
2619        1323        1        1
2646        1323        1        1
2672        1349        1        1
2699        1349        1        1
2725        1349        1        1
2752        1349        1        1
2778        1349        1        1
2805        1349        1        1
2831        1349        1        1
2884        1349        1        1
2910        1323        1        1
2937        1323        1        1
2963        1323        1        1
3016        1323        1        1
3043        1323        1        1
3069        1323        1        1
3096        1323        1        1
3122        1323        1        1
3149        1323        1        1
3175        1323        1        1
3201        1323        1        1
3228        1323        1        1
3254        1323        1        1
3281        1323        1        1
3307        1323        1        1
3334        1323        1        1
3360        1323        1        1
3387        1323        1        1
3413        1323        1        1
3387        1323        1        1
PEN_UP                  0
PEN_DOWN
1429        1402        1        2
1429        1376        1        2
1429        1402        1        2
1402        1402        1        2
1402        1429        1        2
1376        1455        1        2
1376        1482        1        2
1376        1508        1        2
1349        1508        1        2
1349        1535        1        2
1349        1561        1        2
1349        1588        1        2
1323        1614        1        2
1323        1640        1        2
1323        1667        1        2
1296        1693        1        2
1296        1720        1        2
1270        1746        1        2
1270        1773        1        2
1270        1799        1        2
1244        1826        1        2
1244        1852        1        2
1244        1905        1        2
1217        1931        1        2
1217        1958        1        2
1217        1984        1        2
1217        2037        1        2
1217        2064        1        2
1217        2117        1        2
1191        2143        1        2
1217        2196        1        2
1191        2223        1        2
1191        2249        1        2
1191        2302        1        2
1191        2328        1        2
1191        2355        1        2
1191        2381        1        2
1164        2434        1        2
1164        2461        1        2
1164        2487        1        2
1164        2514        1        2
1164        2540        1        2
1164        2566        1        2
1164        2593        1        2
1164        2619        1        2
1164        2646        1        2
1164        2672        1        2
1138        2699        1        2
1138        2725        1        2
1138        2778        1        2
1138        2805        1        2
1138        2831        1        2
1138        2858        1        2
1138        2884        1        2
1138        2937        1        2
1138        2963        1        2
1164        2990        1        2
1164        3043        1        2
1164        3069        1        2
1164        3096        1        2
1164        3122        1        2
1164        3149        1        2
1191        3201        1        2
1191        3228        1        2
1191        3254        1        2
1191        3281        1        2
1217        3307        1        2
1217        3334        1        2
1217        3360        1        2
1244        3387        1        2
1244        3413        1        2
1270        3440        1        2
1270        3466        1        2
1296        3493        1        2
1296        3519        1        2
1323        3545        1        2
1323        3572        1        2
1349        3598        1        2
1349        3625        1        2
1349        3651        1        2
1376        3651        1        2
1376        3678        1        2
1376        3704        1        2
1402        3704        1        2
1402        3731        1        2
1429        3731        1        2
1455        3704        1        2
1482        3704        1        2
1508        3704        1        2
1535        3678        1        2
1561        3678        1        2
1588        3651        1        2
1614        3625        1        2
1640        3625        1        2
1693        3598        1        2
1720        3572        1        2
1746        3545        1        2
1773        3519        1        2
1799        3493        1        2
1852        3466        1        2
1879        3440        1        2
1905        3413        1        2
1905        3360        1        2
1931        3334        1        2
1958        3281        1        2
1984        3254        1        2
1984        3228        1        2
2011        3175        1        2
2011        3149        1        2
2037        3122        1        2
2037        3069        1        2
2064        3043        1        2
2064        3016        1        2
2090        2963        1        2
2090        2937        1        2
2117        2910        1        2
2117        2884        1        2
2143        2831        1        2
2143        2805        1        2
2143        2778        1        2
2170        2752        1        2
2170        2725        1        2
2170        2699        1        2
2196        2672        1        2
2196        2646        1        2
2196        2619        1        2
2196        2593        1        2
2223        2566        1        2
2223        2540        1        2
2223        2514        1        2
2223        2487        1        2
2223        2461        1        2
2223        2434        1        2
2223        2408        1        2
2223        2381        1        2
2223        2355        1        2
2223        2328        1        2
2196        2328        1        2
2196        2302        1        2
2170        2302        1        2
2170        2275        1        2
2143        2275        1        2
2117        2275        1        2
2090        2275        1        2
2064        2302        1        2
2037        2302        1        2
2011        2302        1        2
1984        2302        1        2
1958        2302        1        2
1931        2302        1        2
1905        2328        1        2
1879        2328        1        2
1852        2328        1        2
1826        2328        1        2
1799        2328        1        2
1773        2328        1        2
1746        2328        1        2
1720        2328        1        2
1693        2355        1        2
1667        2355        1        2
1640        2355        1        2
1614        2355        1        2
1588        2355        1        2
1561        2355        1        2
1535        2355        1        2
1508        2355        1        2
1482        2355        1        2
1482        2381        1        2
1455        2381        1        2
1429        2381        1        2
1402        2381        1        2
1376        2381        1        2
1349        2381        1        2
1323        2408        1        2
1296        2408        1        2
1270        2408        1        2
1244        2408        1        2
1217        2408        1        2
PEN_UP                  0
END_CHARACTER: CA
