CHARACTER_NAME: SUNYA
STROKE_COUNT: 1
  X           Y   STYLUS_STATE STROKE
PEN_DOWN
2805        1164        1        1
2831        1164        1        1
2831        1138        1        1
2831        1111        1        1
2805        1085        1        1
2805        1058        1        1
2778        1058        1        1
2778        1032        1        1
2752        1032        1        1
2752        1005        1        1
2725        1005        1        1
2699         979        1        1
2672         979        1        1
2646         953        1        1
2619         953        1        1
2593         953        1        1
2540         953        1        1
2514         953        1        1
2487         953        1        1
2434         979        1        1
2408         979        1        1
2355         979        1        1
2328         979        1        1
2275         979        1        1
2223        1005        1        1
2196        1005        1        1
2170        1005        1        1
2117        1005        1        1
2090        1032        1        1
2064        1032        1        1
2037        1058        1        1
2011        1058        1        1
1958        1085        1        1
1931        1085        1        1
1905        1111        1        1
1879        1138        1        1
1826        1164        1        1
1799        1191        1        1
1773        1217        1        1
1746        1244        1        1
1693        1270        1        1
1667        1296        1        1
1640        1349        1        1
1614        1376        1        1
1588        1402        1        1
1561        1429        1        1
1535        1482        1        1
1508        1508        1        1
1482        1535        1        1
1455        1588        1        1
1429        1614        1        1
1402        1667        1        1
1376        1693        1        1
1376        1746        1        1
1349        1799        1        1
1349        1852        1        1
1349        1905        1        1
1323        1958        1        1
1323        2011        1        1
1323        2064        1        1
1323        2143        1        1
1323        2196        1        1
1323        2249        1        1
1349        2302        1        1
1349        2355        1        1
1349        2408        1        1
1376        2461        1        1
1376        2514        1        1
1402        2566        1        1
1429        2619        1        1
1455        2672        1        1
1482        2699        1        1
1508        2752        1        1
1535        2805        1        1
1561        2831        1        1
1614        2884        1        1
1667        2910        1        1
1693        2963        1        1
1746        2990        1        1
1799        3016        1        1
1852        3043        1        1
1905        3069        1        1
1958        3096        1        1
2011        3122        1        1
2064        3122        1        1
2143        3122        1        1
2196        3122        1        1
2249        3122        1        1
2328        3096        1        1
2381        3096        1        1
2461        3069        1        1
2514        3069        1        1
2593        3043        1        1
2646        3016        1        1
2699        2990        1        1
2752        2963        1        1
2805        2937        1        1
2831        2910        1        1
2884        2858        1        1
2910        2831        1        1
2937        2805        1        1
2990        2752        1        1
3016        2725        1        1
3043        2672        1        1
3069        2646        1        1
3096        2593        1        1
3122        2566        1        1
3122        2514        1        1
3149        2487        1        1
3149        2434        1        1
3149        2408        1        1
3149        2355        1        1
3175        2302        1        1
3175        2275        1        1
3175        2223        1        1
3175        2196        1        1
3175        2143        1        1
3175        2090        1        1
3175        2064        1        1
3175        2037        1        1
3175        1984        1        1
3175        1958        1        1
3175        1931        1        1
3175        1905        1        1
3175        1879        1        1
3175        1852        1        1
3149        1826        1        1
3149        1799        1        1
3149        1773        1        1
3149        1746        1        1
3122        1720        1        1
3122        1693        1        1
3122        1667        1        1
3096        1640        1        1
3096        1614        1        1
3069        1588        1        1
3069        1561        1        1
3043        1535        1        1
3043        1508        1        1
3016        1508        1        1
3016        1482        1        1
2990        1482        1        1
2990        1455        1        1
2963        1429        1        1
2963        1402        1        1
2937        1402        1        1
2937        1376        1        1
2910        1349        1        1
2884        1349        1        1
2884        1323        1        1
2858        1296        1        1
2831        1270        1        1
2831        1244        1        1
2805        1244        1        1
2805        1217        1        1
2805        1191        1        1
2778        1191        1        1
2778        1164        1        1
2778        1138        1        1
2752        1138        1        1
2752        1164        1        1
PEN_UP                  0
END_CHARACTER: SUNYA
