CHARACTER_NAME: CAY
STROKE_COUNT: 1
  X           Y   STYLUS_STATE STROKE
PEN_DOWN
2434         714        1        1
2434         688        1        1
2434         714        1        1
2461         741        1        1
2461         767        1        1
2461         794        1        1
2461         820        1        1
2461         847        1        1
2461         900        1        1
2461         926        1        1
2461         953        1        1
2461        1005        1        1
2434        1058        1        1
2434        1111        1        1
2434        1164        1        1
2408        1244        1        1
2408        1296        1        1
2381        1376        1        1
2355        1429        1        1
2355        1508        1        1
2328        1561        1        1
2302        1614        1        1
2302        1667        1        1
2302        1720        1        1
2275        1773        1        1
2275        1799        1        1
2275        1826        1        1
2275        1852        1        1
2275        1879        1        1
2275        1905        1        1
2275        1931        1        1
2302        1905        1        1
2328        1879        1        1
2328        1852        1        1
2381        1826        1        1
2408        1799        1        1
2461        1773        1        1
2514        1746        1        1
2566        1746        1        1
2646        1720        1        1
2725        1693        1        1
2805        1667        1        1
2884        1667        1        1
2963        1667        1        1
3043        1640        1        1
3096        1640        1        1
3175        1640        1        1
3228        1667        1        1
3281        1667        1        1
3334        1693        1        1
3387        1720        1        1
3413        1746        1        1
3466        1773        1        1
3493        1799        1        1
3519        1826        1        1
3519        1879        1        1
3545        1931        1        1
3545        1984        1        1
3519        2037        1        1
3519        2090        1        1
3519        2143        1        1
3493        2196        1        1
3493        2249        1        1
3466        2302        1        1
3440        2328        1        1
3413        2381        1        1
3413        2434        1        1
3360        2487        1        1
3334        2514        1        1
3307        2566        1        1
3281        2593        1        1
3228        2646        1        1
3201        2672        1        1
3149        2699        1        1
3096        2725        1        1
3069        2752        1        1
3016        2778        1        1
2963        2778        1        1
2910        2805        1        1
2858        2805        1        1
2778        2805        1        1
2725        2831        1        1
2646        2831        1        1
2593        2805        1        1
2540        2805        1        1
2461        2805        1        1
2408        2778        1        1
2355        2778        1        1
2275        2752        1        1
2223        2752        1        1
2170        2725        1        1
2117        2699        1        1
2064        2672        1        1
2011        2619        1        1
1958        2593        1        1
1905        2566        1        1
1852        2514        1        1
1826        2487        1        1
1773        2434        1        1
1720        2381        1        1
1667        2328        1        1
1614        2275        1        1
1561        2223        1        1
1508        2170        1        1
1455        2090        1        1
1402        2037        1        1
1349        1984        1        1
1296        1931        1        1
1244        1852        1        1
1191        1799        1        1
1164        1746        1        1
1111        1667        1        1
1085        1614        1        1
1058        1561        1        1
1032        1508        1        1
1005        1455        1        1
1005        1402        1        1
 979        1376        1        1
 979        1323        1        1
 979        1296        1        1
 953        1270        1        1
 953        1244        1        1
 953        1217        1        1
 979        1217        1        1
 979        1244        1        1
PEN_UP                  0
END_CHARACTER: CAY
