CHARACTER_NAME: ATH
STROKE_COUNT: 1
  X           Y   STYLUS_STATE STROKE
PEN_DOWN
1111         741        1        1
1111         714        1        1
1111         741        1        1
1138         741        1        1
1138         767        1        1
1138         794        1        1
1164         820        1        1
1164         847        1        1
1164         873        1        1
1191         926        1        1
1191         953        1        1
1191        1005        1        1
1191        1058        1        1
1217        1111        1        1
1217        1191        1        1
1217        1244        1        1
1217        1296        1        1
1217        1349        1        1
1217        1429        1        1
1217        1482        1        1
1217        1535        1        1
1217        1588        1        1
1217        1667        1        1
1191        1720        1        1
1191        1773        1        1
1191        1852        1        1
1164        1931        1        1
1164        1984        1        1
1164        2064        1        1
1138        2117        1        1
1138        2196        1        1
1138        2275        1        1
1138        2328        1        1
1111        2381        1        1
1111        2461        1        1
1111        2514        1        1
1138        2566        1        1
1138        2619        1        1
1138        2646        1        1
1138        2699        1        1
1164        2725        1        1
1191        2778        1        1
1191        2805        1        1
1244        2831        1        1
1270        2858        1        1
1296        2884        1        1
1349        2910        1        1
1402        2937        1        1
1455        2963        1        1
1535        2963        1        1
1614        2990        1        1
1667        2963        1        1
1746        2963        1        1
1826        2937        1        1
1905        2937        1        1
1984        2910        1        1
2064        2858        1        1
2143        2831        1        1
2196        2778        1        1
2249        2752        1        1
2302        2699        1        1
2355        2619        1        1
2381        2566        1        1
2408        2487        1        1
2434        2434        1        1
2461        2355        1        1
2487        2302        1        1
2487        2223        1        1
2487        2170        1        1
2487        2117        1        1
2487        2064        1        1
2487        2011        1        1
2461        1958        1        1
2461        1931        1        1
2434        1879        1        1
2434        1852        1        1
2408        1826        1        1
2381        1799        1        1
2355        1773        1        1
2355        1746        1        1
2328        1720        1        1
2302        1693        1        1
2275        1693        1        1
2249        1667        1        1
2249        1640        1        1
2223        1640        1        1
2196        1640        1        1
2196        1614        1        1
2170        1614        1        1
2170        1588        1        1
2143        1588        1        1
2143        1561        1        1
2117        1561        1        1
2090        1561        1        1
2064        1561        1        1
2090        1588        1        1
2117        1588        1        1
2143        1588        1        1
2196        1588        1        1
2249        1588        1        1
2302        1588        1        1
2381        1588        1        1
2461        1588        1        1
2540        1614        1        1
2646        1614        1        1
2752        1614        1        1
2858        1614        1        1
2937        1614        1        1
3043        1588        1        1
3122        1588        1        1
3201        1588        1        1
3281        1588        1        1
3334        1588        1        1
3387        1588        1        1
3413        1588        1        1
3440        1588        1        1
3466        1588        1        1
3493        1588        1        1
3466        1588        1        1
3413        1588        1        1
PEN_UP                  0
END_CHARACTER: ATH
