CHARACTER_NAME: BA
STROKE_COUNT: 2
  X           Y   STYLUS_STATE STROKE
PEN_DOWN
 873        1217        1        1
 900        1217        1        1
 926        1244        1        1
 953        1244        1        1
 979        1244        1        1
1005        1244        1        1
1058        1244        1        1
1111        1244        1        1
1191        1244        1        1
1270        1244        1        1
1376        1244        1        1
1455        1244        1        1
1561        1244        1        1
1667        1244        1        1
1773        1244        1        1
1852        1244        1        1
1931        1244        1        1
2011        1244        1        1
2090        1244        1        1
2170        1244        1        1
2223        1244        1        1
2275        1244        1        1
2328        1244        1        1
2381        1244        1        1
2434        1244        1        1
2487        1244        1        1
2540        1244        1        1
2593        1244        1        1
2646        1244        1        1
2672        1270        1        1
2725        1270        1        1
2778        1270        1        1
2831        1270        1        1
2858        1270        1        1
2910        1270        1        1
2937        1270        1        1
2990        1270        1        1
3016        1270        1        1
3043        1270        1        1
3096        1270        1        1
3122        1270        1        1
3149        1270        1        1
3201        1270        1        1
3228        1296        1        1
3254        1296        1        1
3307        1296        1        1
3334        1296        1        1
3360        1296        1        1
3387        1296        1        1
3413        1296        1        1
3440        1296        1        1
3466        1296        1        1
3493        1296        1        1
3519        1296        1        1
3545        1296        1        1
3572        1296        1        1
3598        1296        1        1
3625        1296        1        1
3651        1296        1        1
PEN_UP                  0
PEN_DOWN
2910        1323        1        2
2884        1323        1        2
2858        1323        1        2
2831        1323        1        2
2805        1349        1        2
2778        1349        1        2
2725        1349        1        2
2699        1349        1        2
2672        1376        1        2
2646        1376        1        2
2619        1376        1        2
2593        1402        1        2
2540        1402        1        2
2514        1402        1        2
2487        1429        1        2
2434        1429        1        2
2408        1455        1        2
2355        1455        1        2
2302        1482        1        2
2275        1482        1        2
2223        1508        1        2
2196        1508        1        2
2143        1535        1        2
2117        1535        1        2
2064        1561        1        2
2011        1561        1        2
1958        1588        1        2
1931        1588        1        2
1879        1588        1        2
1826        1614        1        2
1799        1614        1        2
1746        1640        1        2
1720        1640        1        2
1667        1640        1        2
1640        1667        1        2
1588        1693        1        2
1561        1693        1        2
1508        1720        1        2
1455        1720        1        2
1429        1746        1        2
1376        1746        1        2
1349        1773        1        2
1296        1773        1        2
1270        1799        1        2
1244        1799        1        2
1217        1826        1        2
1191        1826        1        2
1138        1852        1        2
1111        1852        1        2
1085        1879        1        2
1058        1905        1        2
1032        1905        1        2
1005        1931        1        2
 979        1931        1        2
 979        1958        1        2
 953        1958        1        2
 953        1984        1        2
 926        1984        1        2
 953        1984        1        2
 979        1984        1        2
1005        2011        1        2
1032        2011        1        2
1058        2011        1        2
1085        2037        1        2
1138        2037        1        2
1164        2037        1        2
1191        2064        1        2
1244        2064        1        2
1270        2090        1        2
1323        2090        1        2
1349        2117        1        2
1402        2117        1        2
1455        2143        1        2
1482        2170        1        2
1535        2170        1        2
1588        2196        1        2
1614        2223        1        2
1667        2249        1        2
1693        2249        1        2
1746        2275        1        2
1773        2302        1        2
1826        2328        1        2
1852        2355        1        2
1905        2381        1        2
1931        2381        1        2
1958        2408        1        2
2011        2434        1        2
2037        2461        1        2
2064        2487        1        2
2117        2514        1        2
2143        2514        1        2
2170        2540        1        2
2196        2566        1        2
2223        2593        1        2
2249        2619        1        2
2275        2646        1        2
2302        2646        1        2
2328        2672        1        2
2355        2699        1        2
2381        2725        1        2
2408        2752        1        2
2434        2778        1        2
2434        2805        1        2
2461        2831        1        2
2487        2858        1        2
2487        2884        1        2
2514        2910        1        2
2540        2937        1        2
2566        2963        1        2
2566        2990        1        2
2593        3043        1        2
2619        3069        1        2
2646        3096        1        2
2672        3149        1        2
2672        3175        1        2
2699        3201        1        2
2699        3228        1        2
2725        3254        1        2
2752        3281        1        2
2752        3307        1        2
2778        3334        1        2
2778        3360        1        2
2805        3387        1        2
2805        3413        1        2
2805        3440        1        2
2831        3440        1        2
2831        3466        1        2
2831        3493        1        2
2858        3493        1        2
2858        3466        1        2
2858        3440        1        2
2858        3413        1        2
2884        3360        1        2
2884        3334        1        2
2884        3281        1        2
2884        3254        1        2
2884        3201        1        2
2884        3149        1        2
2910        3122        1        2
2910        3069        1        2
2910        3016        1        2
2910        2963        1        2
2910        2937        1        2
2910        2884        1        2
2910        2858        1        2
2910        2805        1        2
2910        2778        1        2
2910        2752        1        2
2910        2725        1        2
2910        2672        1        2
2884        2646        1        2
2910        2619        1        2
2910        2593        1        2
2910        2566        1        2
2910        2540        1        2
2910        2514        1        2
2910        2487        1        2
2910        2461        1        2
2910        2434        1        2
2910        2408        1        2
2937        2381        1        2
2937        2355        1        2
2937        2328        1        2
2937        2302        1        2
2937        2275        1        2
2937        2249        1        2
2937        2223        1        2
2937        2196        1        2
2937        2170        1        2
2937        2143        1        2
2937        2117        1        2
2937        2064        1        2
2937        2037        1        2
2937        2011        1        2
2963        1984        1        2
2963        1958        1        2
2963        1931        1        2
2963        1905        1        2
2963        1879        1        2
2963        1852        1        2
2963        1826        1        2
2963        1799        1        2
2963        1773        1        2
2990        1773        1        2
2990        1746        1        2
2990        1720        1        2
2990        1693        1        2
2990        1667        1        2
2990        1640        1        2
2990        1614        1        2
2990        1588        1        2
2990        1561        1        2
2990        1535        1        2
2990        1508        1        2
2990        1482        1        2
2990        1455        1        2
2990        1429        1        2
2990        1402        1        2
2990        1376        1        2
2990        1349        1        2
2990        1323        1        2
2990        1296        1        2
2963        1296        1        2
2963        1323        1        2
2937        1323        1        2
2910        1323        1        2
PEN_UP                  0
END_CHARACTER: BA
