CHARACTER_NAME: LA
STROKE_COUNT: 2
  X           Y   STYLUS_STATE STROKE
PEN_DOWN
1005        1005        1        1
1005        1032        1        1
1032        1058        1        1
1058        1058        1        1
1111        1058        1        1
1138        1058        1        1
1191        1058        1        1
1244        1058        1        1
1323        1058        1        1
1402        1032        1        1
1482        1032        1        1
1561        1032        1        1
1614        1032        1        1
1693        1032        1        1
1773        1032        1        1
1852        1032        1        1
1905        1032        1        1
1984        1032        1        1
2037        1032        1        1
2090        1032        1        1
2143        1032        1        1
2196        1032        1        1
2249        1032        1        1
2302        1032        1        1
2381        1032        1        1
2434        1032        1        1
2487        1032        1        1
2540        1032        1        1
2619        1032        1        1
2672        1005        1        1
2752        1005        1        1
2805        1005        1        1
2884        1005        1        1
2937        1005        1        1
2990        1005        1        1
3043        1005        1        1
3096        1005        1        1
3149        1005        1        1
3175        1005        1        1
3228        1005        1        1
3281        1005        1        1
3307        1005        1        1
3334        1005        1        1
3387        1005        1        1
3413        1005        1        1
3440        1005        1        1
3466        1005        1        1
3493         979        1        1
3545         979        1        1
3572         979        1        1
3625        1005        1        1
3678        1005        1        1
3704        1005        1        1
3757        1005        1        1
3784        1005        1        1
3810        1032        1        1
3784        1032        1        1
3757        1032        1        1
3731        1032        1        1
PEN_UP                  0
PEN_DOWN
3440         979        1        2
3440        1005        1        2
3413        1005        1        2
3413        1032        1        2
3413        1058        1        2
3413        1085        1        2
3413        1111        1        2
3413        1138        1        2
3413        1164        1        2
3413        1191        1        2
3387        1244        1        2
3387        1270        1        2
3387        1296        1        2
3360        1349        1        2
3360        1376        1        2
3360        1429        1        2
3360        1455        1        2
3334        1508        1        2
3334        1535        1        2
3334        1588        1        2
3334        1614        1        2
3334        1667        1        2
3307        1693        1        2
3307        1720        1        2
3307        1773        1        2
3307        1799        1        2
3307        1852        1        2
3281        1879        1        2
3281        1931        1        2
3281        1984        1        2
3281        2037        1        2
3254        2064        1        2
3254        2117        1        2
3254        2170        1        2
3254        2223        1        2
3228        2249        1        2
3228        2302        1        2
3228        2355        1        2
3228        2408        1        2
3201        2434        1        2
3201        2487        1        2
3201        2514        1        2
3201        2566        1        2
3201        2619        1        2
3175        2646        1        2
3175        2699        1        2
3149        2725        1        2
3149        2778        1        2
3149        2831        1        2
3122        2858        1        2
3122        2910        1        2
3122        2937        1        2
3122        2963        1        2
3122        3016        1        2
3096        3043        1        2
3096        3069        1        2
3096        3096        1        2
3096        3149        1        2
3096        3175        1        2
3096        3201        1        2
3096        3254        1        2
3096        3281        1        2
3096        3307        1        2
3096        3334        1        2
3096        3360        1        2
3096        3387        1        2
3122        3413        1        2
3096        3413        1        2
3122        3440        1        2
3122        3413        1        2
3122        3387        1        2
3149        3360        1        2
3149        3334        1        2
3149        3281        1        2
3149        3254        1        2
3175        3201        1        2
3175        3149        1        2
3175        3122        1        2
3201        3069        1        2
3201        3016        1        2
3201        2990        1        2
3228        2937        1        2
3228        2884        1        2
3254        2858        1        2
3254        2805        1        2
3281        2778        1        2
3281        2725        1        2
3281        2699        1        2
3307        2672        1        2
3307        2619        1        2
3307        2593        1        2
3307        2566        1        2
3307        2514        1        2
3307        2487        1        2
3307        2434        1        2
3307        2408        1        2
3307        2381        1        2
3307        2328        1        2
3281        2302        1        2
3281        2275        1        2
3254        2249        1        2
3254        2196        1        2
3228        2170        1        2
3228        2143        1        2
3201        2117        1        2
3175        2090        1        2
3149        2037        1        2
3122        2011        1        2
3096        1984        1        2
3069        1958        1        2
3043        1931        1        2
3016        1905        1        2
2990        1905        1        2
2963        1879        1        2
2937        1852        1        2
2910        1852        1        2
2858        1852        1        2
2831        1852        1        2
2805        1826        1        2
2778        1826        1        2
2725        1826        1        2
2699        1826        1        2
2672        1799        1        2
2619        1799        1        2
2593        1799        1        2
2566        1799        1        2
2514        1799        1        2
2487        1799        1        2
2434        1799        1        2
2408        1799        1        2
2381        1826        1        2
2355        1826        1        2
2328        1826        1        2
2302        1852        1        2
2275        1852        1        2
2249        1879        1        2
2249        1905        1        2
2223        1905        1        2
2223        1931        1        2
2223        1958        1        2
2196        1958        1        2
2196        1984        1        2
2196        2011        1        2
2170        2037        1        2
2170        2064        1        2
2170        2090        1        2
2170        2117        1        2
2170        2143        1        2
2170        2170        1        2
2170        2196        1        2
2170        2223        1        2
2196        2249        1        2
2196        2275        1        2
2196        2302        1        2
2223        2328        1        2
2249        2328        1        2
2249        2302        1        2
2249        2275        1        2
2249        2249        1        2
2275        2223        1        2
2275        2196        1        2
2275        2170        1        2
2275        2143        1        2
2275        2090        1        2
2275        2064        1        2
2275        2037        1        2
2275        2011        1        2
2275        1958        1        2
2249        1931        1        2
2249        1905        1        2
2249        1879        1        2
2249        1852        1        2
2223        1826        1        2
2223        1799        1        2
2223        1773        1        2
2196        1746        1        2
2170        1746        1        2
2170        1720        1        2
2143        1693        1        2
2117        1667        1        2
2090        1667        1        2
2064        1640        1        2
2037        1640        1        2
2011        1640        1        2
1984        1640        1        2
1931        1614        1        2
1905        1614        1        2
1879        1614        1        2
1826        1614        1        2
1799        1614        1        2
1746        1614        1        2
1720        1614        1        2
1667        1614        1        2
1614        1614        1        2
1588        1614        1        2
1535        1614        1        2
1508        1614        1        2
1455        1614        1        2
1402        1640        1        2
1376        1640        1        2
1349        1640        1        2
1296        1640        1        2
1270        1640        1        2
1244        1667        1        2
1217        1667        1        2
1191        1667        1        2
1164        1693        1        2
1164        1720        1        2
1138        1720        1        2
1111        1746        1        2
1085        1773        1        2
1058        1799        1        2
1032        1799        1        2
1032        1852        1        2
1005        1879        1        2
1005        1905        1        2
 979        1958        1        2
 979        1984        1        2
 979        2037        1        2
 979        2090        1        2
 979        2143        1        2
 979        2170        1        2
 979        2223        1        2
 979        2275        1        2
 979        2302        1        2
1005        2355        1        2
1005        2381        1        2
1032        2434        1        2
1032        2461        1        2
1032        2487        1        2
1058        2514        1        2
1058        2540        1        2
1085        2566        1        2
1111        2593        1        2
1138        2619        1        2
1164        2619        1        2
1191        2646        1        2
1217        2646        1        2
1244        2646        1        2
1270        2646        1        2
1296        2646        1        2
1323        2646        1        2
1376        2646        1        2
1402        2619        1        2
1429        2619        1        2
1455        2593        1        2
1482        2566        1        2
1482        2540        1        2
1508        2540        1        2
1508        2487        1        2
1535        2461        1        2
1535        2434        1        2
1535        2381        1        2
1535        2355        1        2
1535        2328        1        2
1535        2275        1        2
1535        2249        1        2
1535        2196        1        2
1508        2170        1        2
1508        2143        1        2
1508        2117        1        2
1482        2090        1        2
1482        2064        1        2
1455        2037        1        2
1455        2011        1        2
1429        2011        1        2
1429        1984        1        2
1402        1984        1        2
1402        1958        1        2
1376        1958        1        2
1349        1958        1        2
1323        1931        1        2
1296        1931        1        2
1270        1931        1        2
1244        1905        1        2
1217        1905        1        2
1191        1905        1        2
1164        1905        1        2
1138        1931        1        2
1111        1931        1        2
1085        1931        1        2
1085        1958        1        2
1058        1984        1        2
1032        2011        1        2
1032        2037        1        2
PEN_UP                  0
END_CHARACTER: LA
