CHARACTER_NAME: AYA
STROKE_COUNT: 3
  X           Y   STYLUS_STATE STROKE
PEN_DOWN
 820        1058        1        1
 847        1058        1        1
 873        1058        1        1
 900        1058        1        1
 926        1032        1        1
 979        1032        1        1
1005        1032        1        1
1058        1032        1        1
1111        1032        1        1
1191        1032        1        1
1244        1032        1        1
1323        1032        1        1
1429        1005        1        1
1508        1005        1        1
1614        1005        1        1
1693        1005        1        1
1773         979        1        1
1852         979        1        1
1931         979        1        1
2011         953        1        1
2090         953        1        1
2143         953        1        1
2223         953        1        1
2275         953        1        1
2328         953        1        1
2381         953        1        1
2434         953        1        1
2487         953        1        1
2540         953        1        1
2593         926        1        1
2646         926        1        1
2699         926        1        1
2752         926        1        1
2831         926        1        1
2884         926        1        1
2937         926        1        1
2990         926        1        1
3043         926        1        1
3096         926        1        1
3122         926        1        1
3175         926        1        1
3201         926        1        1
3254         900        1        1
3281         900        1        1
3334         900        1        1
3360         900        1        1
3387         900        1        1
3413         900        1        1
3440         900        1        1
3466         900        1        1
3493         900        1        1
3519         900        1        1
3545         900        1        1
3572         900        1        1
3598         900        1        1
3625         900        1        1
3651         900        1        1
3678         900        1        1
3704         900        1        1
3731         900        1        1
3757         900        1        1
3784         900        1        1
3810         900        1        1
3810         926        1        1
3784         953        1        1
PEN_UP                  0
PEN_DOWN
1455        1032        1        2
1429        1032        1        2
1402        1032        1        2
1402        1058        1        2
1376        1058        1        2
1376        1085        1        2
1402        1111        1        2
1402        1138        1        2
1429        1138        1        2
1455        1164        1        2
1508        1191        1        2
1561        1191        1        2
1614        1217        1        2
1693        1217        1        2
1746        1217        1        2
1826        1244        1        2
1905        1244        1        2
1984        1244        1        2
2064        1270        1        2
2143        1270        1        2
2196        1270        1        2
2249        1296        1        2
2275        1296        1        2
2328        1296        1        2
2355        1323        1        2
2381        1349        1        2
2408        1349        1        2
2408        1376        1        2
2434        1402        1        2
2434        1429        1        2
2434        1455        1        2
2434        1482        1        2
2434        1508        1        2
2408        1535        1        2
2408        1561        1        2
2381        1588        1        2
2355        1614        1        2
2328        1640        1        2
2302        1640        1        2
2275        1667        1        2
2249        1693        1        2
2223        1720        1        2
2196        1746        1        2
2170        1746        1        2
2117        1773        1        2
2090        1799        1        2
2037        1799        1        2
1984        1826        1        2
1931        1852        1        2
1879        1879        1        2
1799        1905        1        2
1746        1931        1        2
1667        1958        1        2
1614        1984        1        2
1535        2011        1        2
1482        2037        1        2
1402        2064        1        2
1349        2117        1        2
1270        2143        1        2
1217        2170        1        2
1191        2196        1        2
1138        2223        1        2
1111        2275        1        2
1058        2302        1        2
1032        2328        1        2
1005        2381        1        2
 979        2408        1        2
 953        2434        1        2
 926        2461        1        2
 926        2487        1        2
 900        2514        1        2
 873        2540        1        2
 873        2566        1        2
 847        2593        1        2
 873        2566        1        2
 900        2540        1        2
 926        2540        1        2
 953        2514        1        2
 979        2514        1        2
1005        2487        1        2
1058        2487        1        2
1111        2461        1        2
1164        2434        1        2
1244        2434        1        2
1296        2408        1        2
1376        2381        1        2
1482        2381        1        2
1561        2355        1        2
1640        2355        1        2
1746        2355        1        2
1826        2328        1        2
1905        2328        1        2
2011        2328        1        2
2090        2328        1        2
2170        2328        1        2
2249        2355        1        2
2328        2355        1        2
2408        2381        1        2
2487        2381        1        2
2540        2408        1        2
2619        2434        1        2
2699        2461        1        2
2778        2487        1        2
2831        2514        1        2
2884        2540        1        2
2937        2566        1        2
2990        2593        1        2
3043        2619        1        2
3069        2672        1        2
3122        2699        1        2
3149        2725        1        2
3175        2778        1        2
3201        2805        1        2
3228        2831        1        2
3228        2884        1        2
3254        2910        1        2
3281        2963        1        2
3307        3016        1        2
3334        3043        1        2
3360        3096        1        2
3360        3149        1        2
3387        3201        1        2
3413        3228        1        2
3413        3254        1        2
3413        3281        1        2
3440        3281        1        2
3440        3254        1        2
3440        3228        1        2
3440        3201        1        2
3440        3175        1        2
3413        3122        1        2
3413        3043        1        2
3413        2990        1        2
3387        2937        1        2
3387        2884        1        2
3360        2805        1        2
3360        2752        1        2
3360        2699        1        2
3334        2619        1        2
3334        2540        1        2
3334        2487        1        2
3334        2381        1        2
3334        2302        1        2
3360        2223        1        2
3360        2143        1        2
3360        2090        1        2
3360        2011        1        2
3360        1958        1        2
3387        1905        1        2
3387        1879        1        2
3387        1826        1        2
3387        1773        1        2
3387        1746        1        2
3387        1693        1        2
3387        1640        1        2
3387        1614        1        2
3413        1561        1        2
3413        1535        1        2
3413        1508        1        2
3413        1455        1        2
3413        1429        1        2
3413        1402        1        2
3413        1349        1        2
3413        1323        1        2
3413        1296        1        2
3413        1270        1        2
3440        1244        1        2
3440        1217        1        2
3440        1191        1        2
3440        1164        1        2
3440        1138        1        2
3440        1111        1        2
3440        1085        1        2
3440        1058        1        2
3440        1032        1        2
3440        1005        1        2
3440         979        1        2
3440         953        1        2
3440         979        1        2
3413        1005        1        2
PEN_UP                  0
PEN_DOWN
2487        2699        1        3
2461        2699        1        3
2461        2725        1        3
2434        2725        1        3
2408        2752        1        3
2381        2778        1        3
2381        2805        1        3
2408        2805        1        3
2434        2805        1        3
2461        2805        1        3
2487        2805        1        3
2514        2805        1        3
2540        2805        1        3
2540        2778        1        3
2540        2752        1        3
2540        2725        1        3
2514        2725        1        3
2461        2752        1        3
PEN_UP                  0
END_CHARACTER: AYA
