CHARACTER_NAME: DHRA
STROKE_COUNT: 3
  X           Y   STYLUS_STATE STROKE
PEN_DOWN
 900         979        1        1
 873         979        1        1
 873         953        1        1
 873         979        1        1
 900         979        1        1
 926         979        1        1
 953         979        1        1
1005         979        1        1
1058         979        1        1
1111         979        1        1
1191         979        1        1
1270         953        1        1
1349         953        1        1
1429         953        1        1
1508         953        1        1
1588         953        1        1
1667         953        1        1
1746         953        1        1
1799         953        1        1
1879         953        1        1
1931         953        1        1
2011         953        1        1
2064         953        1        1
2117         953        1        1
2170         926        1        1
2223         926        1        1
2275         926        1        1
2302         926        1        1
2355         926        1        1
2408         926        1        1
2461         900        1        1
2514         900        1        1
2566         900        1        1
2593         900        1        1
2646         900        1        1
2672         900        1        1
2699         900        1        1
2725         900        1        1
2752         900        1        1
2778         900        1        1
2805         873        1        1
2831         873        1        1
2858         873        1        1
2910         873        1        1
2937         873        1        1
2990         873        1        1
3016         873        1        1
3069         873        1        1
3096         873        1        1
3122         873        1        1
3149         873        1        1
3175         873        1        1
3201         873        1        1
3228         873        1        1
3254         873        1        1
3281         873        1        1
3307         873        1        1
3334         873        1        1
3360         873        1        1
3387         873        1        1
3413         873        1        1
3440         873        1        1
3466         873        1        1
3493         873        1        1
3519         873        1        1
3545         873        1        1
3572         873        1        1
3598         873        1        1
3572         900        1        1
PEN_UP                  0
PEN_DOWN
1773         953        1        2
1773         979        1        2
1773        1005        1        2
1773        1032        1        2
1773        1058        1        2
1773        1085        1        2
1746        1111        1        2
1746        1164        1        2
1746        1191        1        2
1746        1244        1        2
1746        1270        1        2
1746        1323        1        2
1746        1349        1        2
1746        1402        1        2
1746        1455        1        2
1720        1482        1        2
1720        1535        1        2
1720        1588        1        2
1720        1640        1        2
1720        1693        1        2
1720        1746        1        2
1720        1799        1        2
1720        1852        1        2
1720        1931        1        2
1720        1984        1        2
1720        2037        1        2
1720        2090        1        2
1720        2143        1        2
1720        2196        1        2
1720        2249        1        2
1720        2302        1        2
1693        2355        1        2
1720        2408        1        2
1720        2461        1        2
1720        2514        1        2
1720        2566        1        2
1720        2593        1        2
1720        2646        1        2
1720        2699        1        2
1720        2725        1        2
1720        2778        1        2
1746        2805        1        2
1746        2858        1        2
1746        2884        1        2
1773        2910        1        2
1773        2963        1        2
1799        2990        1        2
1826        3016        1        2
1826        3043        1        2
1852        3096        1        2
1879        3122        1        2
1905        3149        1        2
1931        3149        1        2
1958        3175        1        2
1984        3201        1        2
2011        3201        1        2
2037        3201        1        2
2064        3201        1        2
2090        3201        1        2
2143        3201        1        2
2170        3201        1        2
2223        3175        1        2
2249        3175        1        2
2302        3149        1        2
2355        3122        1        2
2408        3096        1        2
2461        3043        1        2
2514        3016        1        2
2540        2937        1        2
2593        2884        1        2
2646        2831        1        2
2672        2778        1        2
2699        2725        1        2
2725        2646        1        2
2778        2593        1        2
2778        2540        1        2
2805        2461        1        2
2805        2381        1        2
2831        2302        1        2
2831        2223        1        2
2831        2170        1        2
2858        2090        1        2
2858        2011        1        2
2858        1958        1        2
2858        1905        1        2
2884        1852        1        2
2884        1799        1        2
2884        1746        1        2
2884        1720        1        2
2884        1667        1        2
2884        1640        1        2
2884        1614        1        2
2858        1588        1        2
2858        1561        1        2
2831        1535        1        2
2805        1535        1        2
2778        1535        1        2
2752        1561        1        2
2725        1561        1        2
2699        1561        1        2
2672        1561        1        2
2646        1588        1        2
2619        1588        1        2
2593        1588        1        2
2566        1614        1        2
2540        1640        1        2
2514        1667        1        2
2514        1693        1        2
2514        1720        1        2
2514        1746        1        2
2540        1746        1        2
2566        1773        1        2
2593        1773        1        2
2619        1773        1        2
2646        1773        1        2
2672        1773        1        2
2699        1773        1        2
2725        1773        1        2
2752        1773        1        2
2778        1773        1        2
2805        1799        1        2
PEN_UP                  0
PEN_DOWN
2223        3572        1        3
2196        3545        1        3
2170        3545        1        3
2143        3545        1        3
2143        3572        1        3
2117        3572        1        3
2090        3572        1        3
2090        3598        1        3
2064        3598        1        3
2037        3625        1        3
2011        3625        1        3
2011        3651        1        3
2011        3678        1        3
2037        3678        1        3
2037        3704        1        3
2064        3704        1        3
2064        3731        1        3
2090        3731        1        3
2117        3731        1        3
2143        3731        1        3
2170        3731        1        3
2196        3731        1        3
2196        3704        1        3
2223        3704        1        3
2249        3704        1        3
2249        3678        1        3
2275        3678        1        3
2275        3651        1        3
2302        3651        1        3
2302        3625        1        3
2328        3625        1        3
2302        3598        1        3
2302        3572        1        3
2275        3545        1        3
PEN_UP                  0
END_CHARACTER: DHRA
