CHARACTER_NAME: GL
STROKE_COUNT: 3
  X           Y   STYLUS_STATE STROKE
PEN_DOWN
1773        2434        1        1
1799        2461        1        1
1799        2434        1        1
1826        2434        1        1
1852        2434        1        1
1879        2408        1        1
1905        2381        1        1
1931        2355        1        1
1984        2328        1        1
2011        2302        1        1
2037        2275        1        1
2064        2223        1        1
2090        2170        1        1
2117        2143        1        1
2143        2090        1        1
2143        2064        1        1
2143        2011        1        1
2170        1984        1        1
2170        1958        1        1
2170        1905        1        1
2170        1879        1        1
2170        1852        1        1
2170        1799        1        1
2170        1773        1        1
2143        1746        1        1
2143        1720        1        1
2143        1693        1        1
2117        1693        1        1
2117        1667        1        1
2090        1667        1        1
2064        1640        1        1
2037        1640        1        1
2011        1640        1        1
1958        1614        1        1
1931        1614        1        1
1905        1640        1        1
1879        1640        1        1
1826        1640        1        1
1799        1640        1        1
1746        1667        1        1
1720        1667        1        1
1667        1693        1        1
1640        1720        1        1
1588        1746        1        1
1561        1773        1        1
1508        1799        1        1
1482        1826        1        1
1455        1852        1        1
1429        1879        1        1
1402        1905        1        1
1376        1931        1        1
1349        1931        1        1
1349        1958        1        1
1323        1958        1        1
1296        1931        1        1
1270        1931        1        1
1270        1905        1        1
1244        1879        1        1
1270        1879        1        1
1270        1852        1        1
1270        1826        1        1
1296        1799        1        1
1296        1746        1        1
1323        1720        1        1
1376        1693        1        1
1402        1640        1        1
1455        1614        1        1
1508        1588        1        1
1561        1535        1        1
1614        1508        1        1
1667        1482        1        1
1720        1455        1        1
1773        1429        1        1
1826        1402        1        1
1879        1402        1        1
1905        1376        1        1
1958        1376        1        1
1984        1376        1        1
2011        1376        1        1
2064        1402        1        1
2090        1402        1        1
2143        1402        1        1
2170        1429        1        1
2196        1455        1        1
2249        1455        1        1
2302        1482        1        1
2328        1508        1        1
2381        1535        1        1
2434        1535        1        1
2461        1561        1        1
2514        1588        1        1
2540        1588        1        1
2566        1614        1        1
2593        1640        1        1
2619        1667        1        1
2646        1693        1        1
2672        1720        1        1
2672        1746        1        1
2699        1773        1        1
2725        1799        1        1
2752        1852        1        1
2778        1879        1        1
2805        1905        1        1
2831        1958        1        1
2858        1984        1        1
2884        2011        1        1
2910        2037        1        1
2937        2064        1        1
2963        2090        1        1
2990        2090        1        1
2990        2117        1        1
3016        2143        1        1
3043        2143        1        1
3043        2170        1        1
3069        2170        1        1
PEN_UP                  0
PEN_DOWN
3016        1085        1        2
2990        1085        1        2
2990        1111        1        2
2990        1138        1        2
2990        1164        1        2
2990        1191        1        2
2990        1217        1        2
3016        1244        1        2
3016        1270        1        2
3016        1323        1        2
3016        1349        1        2
2990        1376        1        2
2990        1402        1        2
2990        1429        1        2
2990        1455        1        2
2990        1482        1        2
2990        1508        1        2
2990        1535        1        2
2990        1561        1        2
2990        1588        1        2
2990        1614        1        2
2990        1640        1        2
2990        1667        1        2
2990        1693        1        2
2990        1720        1        2
2990        1746        1        2
2990        1773        1        2
2990        1799        1        2
2990        1826        1        2
2990        1852        1        2
2990        1879        1        2
2990        1905        1        2
2990        1931        1        2
2990        1958        1        2
2990        1984        1        2
2990        2011        1        2
2990        2037        1        2
2990        2064        1        2
2990        2090        1        2
2990        2117        1        2
2990        2143        1        2
2990        2196        1        2
2990        2223        1        2
2990        2249        1        2
2990        2275        1        2
2990        2302        1        2
3016        2328        1        2
3016        2355        1        2
3016        2381        1        2
3016        2434        1        2
3016        2461        1        2
3016        2487        1        2
3016        2514        1        2
3016        2566        1        2
3016        2593        1        2
3016        2646        1        2
3016        2672        1        2
3016        2725        1        2
2990        2752        1        2
2990        2778        1        2
2990        2831        1        2
2990        2858        1        2
2990        2910        1        2
2990        2937        1        2
2990        2990        1        2
2990        3016        1        2
2990        3069        1        2
2963        3122        1        2
2963        3175        1        2
2963        3228        1        2
2963        3254        1        2
2963        3307        1        2
2963        3334        1        2
2937        3387        1        2
2937        3413        1        2
2937        3440        1        2
2937        3466        1        2
2910        3440        1        2
2910        3387        1        2
2910        3360        1        2
2884        3307        1        2
2884        3254        1        2
2858        3201        1        2
2858        3175        1        2
2831        3122        1        2
2805        3069        1        2
2805        3043        1        2
2778        3016        1        2
2752        2963        1        2
2752        2937        1        2
2725        2910        1        2
2699        2884        1        2
2672        2858        1        2
2646        2831        1        2
2619        2805        1        2
2593        2778        1        2
2566        2778        1        2
2540        2752        1        2
2514        2752        1        2
2487        2725        1        2
2461        2725        1        2
2434        2699        1        2
2408        2699        1        2
2381        2699        1        2
2355        2699        1        2
2328        2699        1        2
2302        2699        1        2
2275        2725        1        2
2249        2752        1        2
2223        2752        1        2
2223        2778        1        2
2196        2778        1        2
2170        2805        1        2
2170        2831        1        2
2143        2831        1        2
2143        2858        1        2
2117        2884        1        2
2117        2910        1        2
2117        2937        1        2
2117        2963        1        2
2117        2990        1        2
2117        3016        1        2
2117        3043        1        2
2117        3096        1        2
2117        3122        1        2
2143        3149        1        2
2143        3175        1        2
2143        3201        1        2
2170        3201        1        2
2170        3228        1        2
2170        3201        1        2
2170        3175        1        2
2170        3149        1        2
2170        3096        1        2
2170        3069        1        2
2170        3043        1        2
2143        2990        1        2
2143        2963        1        2
2143        2937        1        2
2117        2910        1        2
2090        2884        1        2
2090        2858        1        2
2064        2858        1        2
2037        2831        1        2
2011        2805        1        2
1984        2805        1        2
1958        2805        1        2
1931        2805        1        2
1905        2805        1        2
1879        2805        1        2
1852        2805        1        2
1826        2805        1        2
1799        2805        1        2
1746        2805        1        2
1720        2831        1        2
1693        2831        1        2
1640        2831        1        2
1614        2831        1        2
1561        2858        1        2
1535        2858        1        2
1508        2858        1        2
1482        2858        1        2
1429        2884        1        2
1402        2884        1        2
1376        2910        1        2
1349        2937        1        2
1323        2963        1        2
1296        2990        1        2
1296        3016        1        2
1296        3069        1        2
1270        3096        1        2
1270        3122        1        2
1270        3149        1        2
1270        3175        1        2
1296        3201        1        2
1296        3254        1        2
1296        3281        1        2
1296        3307        1        2
1323        3334        1        2
1323        3360        1        2
1349        3387        1        2
1376        3413        1        2
1402        3440        1        2
1429        3466        1        2
1455        3466        1        2
1482        3466        1        2
1508        3466        1        2
1535        3466        1        2
1561        3466        1        2
1588        3440        1        2
1614        3440        1        2
1640        3413        1        2
1667        3387        1        2
1693        3387        1        2
1693        3360        1        2
1720        3334        1        2
1720        3307        1        2
1720        3281        1        2
1720        3254        1        2
1720        3228        1        2
1720        3175        1        2
1693        3149        1        2
1693        3122        1        2
1693        3096        1        2
1667        3069        1        2
1640        3043        1        2
1614        3016        1        2
1588        2990        1        2
1561        2990        1        2
1535        2963        1        2
1482        2963        1        2
1429        2963        1        2
1376        2963        1        2
PEN_UP                  0
PEN_DOWN
2963        1217        1        3
2990        1217        1        3
3016        1217        1        3
3043        1217        1        3
3096        1217        1        3
3122        1217        1        3
3149        1217        1        3
3201        1191        1        3
3228        1191        1        3
3281        1191        1        3
3307        1191        1        3
3360        1191        1        3
3387        1191        1        3
3413        1191        1        3
3440        1191        1        3
3466        1191        1        3
3493        1191        1        3
3519        1191        1        3
3545        1191        1        3
PEN_UP                  0
END_CHARACTER: GL
