CHARACTER_NAME: NS
STROKE_COUNT: 4
  X           Y   STYLUS_STATE STROKE
PEN_DOWN
 767        1005        1        1
 794        1005        1        1
 820        1005        1        1
 847        1005        1        1
 873        1005        1        1
 900        1005        1        1
 926        1005        1        1
 979        1005        1        1
1005        1005        1        1
1058         979        1        1
1111         979        1        1
1164         979        1        1
1217         979        1        1
1270         979        1        1
1323         979        1        1
1376         979        1        1
1429         979        1        1
1482         979        1        1
1535         979        1        1
1588         979        1        1
1640         979        1        1
1693         979        1        1
1746         979        1        1
1799         979        1        1
1852         979        1        1
1905         979        1        1
1958         979        1        1
1984         979        1        1
2037         979        1        1
2090         979        1        1
2117         979        1        1
2170         979        1        1
2196         979        1        1
2249         979        1        1
2302         979        1        1
2328         979        1        1
2381         979        1        1
2434         979        1        1
2461         979        1        1
2514         979        1        1
2566         979        1        1
2593         979        1        1
2646         979        1        1
2672         979        1        1
2725         979        1        1
2752         979        1        1
2805         979        1        1
2858        1005        1        1
2884        1005        1        1
2937        1005        1        1
2990        1005        1        1
3043        1005        1        1
3096        1005        1        1
3122        1005        1        1
3175        1005        1        1
3201        1005        1        1
3254        1005        1        1
3281        1032        1        1
3307        1032        1        1
3360        1032        1        1
3387        1032        1        1
3413        1032        1        1
3440        1032        1        1
3466        1032        1        1
PEN_UP                  0
PEN_DOWN
2011        1032        1        2
1984        1032        1        2
1958        1032        1        2
1931        1032        1        2
1905        1058        1        2
1852        1058        1        2
1826        1085        1        2
1799        1111        1        2
1773        1138        1        2
1720        1164        1        2
1693        1191        1        2
1667        1244        1        2
1640        1270        1        2
1588        1323        1        2
1561        1349        1        2
1535        1402        1        2
1535        1455        1        2
1508        1482        1        2
1482        1535        1        2
1482        1588        1        2
1482        1614        1        2
1482        1667        1        2
1482        1693        1        2
1508        1746        1        2
1508        1773        1        2
1535        1799        1        2
1588        1799        1        2
1614        1826        1        2
1667        1826        1        2
1746        1852        1        2
1799        1852        1        2
1852        1826        1        2
1931        1826        1        2
1984        1826        1        2
2064        1826        1        2
2117        1799        1        2
2196        1799        1        2
2249        1799        1        2
2302        1799        1        2
2355        1799        1        2
2408        1826        1        2
2434        1826        1        2
2461        1826        1        2
2487        1852        1        2
2514        1879        1        2
2540        1905        1        2
2540        1931        1        2
2566        1958        1        2
2566        2011        1        2
2566        2037        1        2
2566        2090        1        2
2540        2143        1        2
2540        2223        1        2
2514        2275        1        2
2487        2328        1        2
2461        2381        1        2
2434        2434        1        2
2408        2461        1        2
2355        2514        1        2
2302        2566        1        2
2249        2593        1        2
2196        2619        1        2
2143        2646        1        2
2090        2699        1        2
2037        2725        1        2
1984        2752        1        2
1905        2778        1        2
1852        2805        1        2
1773        2831        1        2
1720        2858        1        2
1640        2910        1        2
1588        2937        1        2
1535        2963        1        2
1482        2990        1        2
1429        3016        1        2
1402        3043        1        2
1349        3069        1        2
1323        3096        1        2
1296        3122        1        2
1270        3122        1        2
1270        3149        1        2
1270        3122        1        2
PEN_UP                  0
PEN_DOWN
2593        2090        1        3
2566        2090        1        3
2566        2117        1        3
2593        2117        1        3
2593        2143        1        3
2619        2170        1        3
2646        2196        1        3
2646        2223        1        3
2672        2249        1        3
2699        2275        1        3
2725        2328        1        3
2752        2355        1        3
2778        2381        1        3
2805        2434        1        3
2831        2461        1        3
2858        2514        1        3
2884        2540        1        3
2884        2566        1        3
2910        2593        1        3
2910        2646        1        3
2937        2672        1        3
2937        2699        1        3
2963        2725        1        3
2963        2778        1        3
2990        2805        1        3
2990        2831        1        3
2990        2884        1        3
3016        2910        1        3
3016        2963        1        3
3016        3016        1        3
3043        3043        1        3
3043        3096        1        3
3043        3122        1        3
3069        3175        1        3
3069        3201        1        3
3096        3228        1        3
3096        3281        1        3
3122        3307        1        3
3122        3334        1        3
3122        3360        1        3
3149        3387        1        3
3149        3413        1        3
3149        3387        1        3
3175        3387        1        3
3175        3360        1        3
3175        3334        1        3
3175        3307        1        3
3201        3281        1        3
3201        3254        1        3
3201        3201        1        3
3201        3149        1        3
3228        3122        1        3
3228        3069        1        3
3228        3016        1        3
3228        2963        1        3
3254        2910        1        3
3254        2858        1        3
3254        2805        1        3
3254        2752        1        3
3254        2699        1        3
3254        2646        1        3
3254        2593        1        3
3281        2540        1        3
3281        2514        1        3
3281        2461        1        3
3307        2408        1        3
3307        2355        1        3
3307        2302        1        3
3334        2249        1        3
3334        2223        1        3
3334        2170        1        3
3360        2117        1        3
3360        2090        1        3
3360        2037        1        3
3360        1984        1        3
3387        1958        1        3
3387        1931        1        3
3387        1905        1        3
3387        1879        1        3
3387        1852        1        3
3387        1826        1        3
3387        1799        1        3
3387        1773        1        3
3387        1746        1        3
3387        1720        1        3
3387        1693        1        3
3387        1667        1        3
3387        1640        1        3
3387        1614        1        3
3387        1588        1        3
3387        1561        1        3
3360        1535        1        3
3360        1508        1        3
3360        1482        1        3
3360        1455        1        3
3360        1429        1        3
3334        1429        1        3
3334        1402        1        3
3334        1376        1        3
3334        1349        1        3
3334        1323        1        3
3307        1296        1        3
3307        1270        1        3
3307        1244        1        3
3307        1217        1        3
3307        1191        1        3
3307        1164        1        3
3307        1138        1        3
3307        1111        1        3
3307        1085        1        3
3307        1058        1        3
3307        1085        1        3
PEN_UP                  0
PEN_DOWN
1005        2566        1        4
1005        2593        1        4
1005        2619        1        4
1005        2646        1        4
1005        2672        1        4
 979        2699        1        4
 979        2725        1        4
 953        2725        1        4
 953        2752        1        4
 926        2752        1        4
 900        2752        1        4
 900        2778        1        4
 873        2778        1        4
 847        2778        1        4
 820        2778        1        4
 794        2778        1        4
 767        2778        1        4
 741        2778        1        4
 714        2778        1        4
 688        2752        1        4
 661        2752        1        4
 635        2725        1        4
 609        2699        1        4
 582        2699        1        4
 582        2672        1        4
 582        2646        1        4
 556        2646        1        4
 556        2619        1        4
 556        2593        1        4
 556        2566        1        4
 556        2540        1        4
 582        2540        1        4
 582        2514        1        4
 609        2514        1        4
 609        2487        1        4
 635        2487        1        4
 661        2487        1        4
 661        2461        1        4
 688        2461        1        4
 714        2461        1        4
 741        2434        1        4
 767        2434        1        4
 794        2434        1        4
 820        2434        1        4
 847        2434        1        4
 873        2434        1        4
 900        2434        1        4
 926        2434        1        4
 953        2434        1        4
 953        2461        1        4
 979        2461        1        4
1005        2461        1        4
1005        2487        1        4
1032        2487        1        4
1058        2487        1        4
1085        2514        1        4
1111        2514        1        4
1111        2540        1        4
1138        2540        1        4
1164        2540        1        4
1191        2566        1        4
1217        2566        1        4
1244        2593        1        4
1270        2593        1        4
1296        2593        1        4
1323        2619        1        4
1349        2619        1        4
1376        2646        1        4
1402        2646        1        4
1429        2646        1        4
1455        2672        1        4
1482        2672        1        4
1508        2672        1        4
1535        2699        1        4
1561        2699        1        4
1588        2699        1        4
1614        2725        1        4
1640        2725        1        4
1667        2725        1        4
1693        2699        1        4
1720        2699        1        4
1746        2699        1        4
1773        2699        1        4
1799        2699        1        4
1826        2699        1        4
1852        2699        1        4
1879        2699        1        4
1905        2699        1        4
1931        2699        1        4
1958        2699        1        4
PEN_UP                  0
END_CHARACTER: NS
