CHARACTER_NAME: DB
STROKE_COUNT: 3
  X           Y   STYLUS_STATE STROKE
PEN_DOWN
1164         900        1        1
1138         900        1        1
1164         926        1        1
1217         926        1        1
1244         926        1        1
1323         926        1        1
1402         926        1        1
1482         926        1        1
1588         900        1        1
1693         900        1        1
1799         900        1        1
1931         900        1        1
2011         900        1        1
2117         900        1        1
2223         900        1        1
2302         900        1        1
2408         900        1        1
2487         900        1        1
2566         900        1        1
2619         900        1        1
2699         900        1        1
2752         900        1        1
2831         900        1        1
2884         873        1        1
2910         873        1        1
2963         873        1        1
2990         873        1        1
3016         873        1        1
3043         873        1        1
3069         873        1        1
3096         873        1        1
PEN_UP                  0
PEN_DOWN
1799         953        1        2
1826         979        1        2
1826        1005        1        2
1826        1032        1        2
1826        1058        1        2
1826        1085        1        2
1826        1138        1        2
1799        1164        1        2
1799        1217        1        2
1799        1270        1        2
1799        1323        1        2
1799        1376        1        2
1773        1429        1        2
1773        1508        1        2
1773        1561        1        2
1773        1614        1        2
1746        1693        1        2
1746        1746        1        2
1746        1826        1        2
1720        1879        1        2
1720        1958        1        2
1720        2037        1        2
1720        2090        1        2
1693        2170        1        2
1693        2223        1        2
1693        2275        1        2
1693        2328        1        2
1667        2381        1        2
1667        2434        1        2
1667        2487        1        2
1667        2514        1        2
1667        2540        1        2
1667        2566        1        2
1640        2593        1        2
1640        2619        1        2
1640        2646        1        2
1640        2619        1        2
1667        2619        1        2
1693        2593        1        2
1720        2566        1        2
1720        2540        1        2
1746        2540        1        2
1746        2514        1        2
1773        2514        1        2
1773        2487        1        2
1799        2461        1        2
1826        2461        1        2
1826        2434        1        2
1852        2408        1        2
1905        2408        1        2
1931        2381        1        2
1984        2355        1        2
2011        2328        1        2
2064        2302        1        2
2143        2249        1        2
2196        2223        1        2
2249        2196        1        2
2328        2143        1        2
2408        2117        1        2
2487        2090        1        2
2566        2064        1        2
2646        2037        1        2
2725        2011        1        2
2805        2011        1        2
2858        1984        1        2
2937        1958        1        2
2990        1958        1        2
3043        1958        1        2
3096        1931        1        2
3122        1931        1        2
3149        1931        1        2
3175        1931        1        2
3201        1905        1        2
3228        1905        1        2
3254        1905        1        2
3281        1905        1        2
3307        1905        1        2
3334        1905        1        2
3360        1905        1        2
3360        1931        1        2
3360        1958        1        2
3360        1984        1        2
3360        2037        1        2
3360        2064        1        2
3360        2090        1        2
3334        2143        1        2
3334        2170        1        2
3334        2223        1        2
3334        2275        1        2
3307        2328        1        2
3307        2355        1        2
3307        2408        1        2
3307        2461        1        2
3281        2540        1        2
3281        2593        1        2
3281        2646        1        2
3281        2699        1        2
3281        2752        1        2
3281        2805        1        2
3281        2858        1        2
3254        2910        1        2
3254        2963        1        2
3254        3016        1        2
3254        3069        1        2
3254        3122        1        2
3228        3175        1        2
3228        3201        1        2
3228        3254        1        2
3228        3307        1        2
3228        3360        1        2
3228        3413        1        2
3228        3466        1        2
3228        3519        1        2
3201        3572        1        2
3228        3625        1        2
3228        3651        1        2
3201        3704        1        2
3228        3757        1        2
3228        3810        1        2
3228        3836        1        2
3228        3889        1        2
3228        3916        1        2
3228        3969        1        2
3228        3995        1        2
3228        4022        1        2
3228        3995        1        2
3228        3969        1        2
3201        3942        1        2
PEN_UP                  0
PEN_DOWN
3334        2514        1        3
3307        2514        1        3
3307        2540        1        3
3281        2540        1        3
3254        2540        1        3
3228        2540        1        3
3201        2566        1        3
3175        2566        1        3
3122        2593        1        3
3096        2593        1        3
3043        2619        1        3
2990        2619        1        3
2963        2646        1        3
2910        2646        1        3
2858        2672        1        3
2805        2699        1        3
2752        2699        1        3
2725        2725        1        3
2672        2752        1        3
2619        2752        1        3
2566        2778        1        3
2514        2805        1        3
2461        2831        1        3
2434        2831        1        3
2381        2858        1        3
2328        2884        1        3
2275        2884        1        3
2223        2910        1        3
2196        2937        1        3
2143        2963        1        3
2117        2990        1        3
2064        3016        1        3
2037        3043        1        3
2011        3043        1        3
1984        3069        1        3
1958        3096        1        3
1931        3096        1        3
1931        3122        1        3
1905        3122        1        3
1879        3149        1        3
1879        3175        1        3
1852        3175        1        3
1852        3201        1        3
1879        3201        1        3
1905        3201        1        3
1931        3201        1        3
1958        3201        1        3
2011        3201        1        3
2037        3201        1        3
2064        3228        1        3
2090        3228        1        3
2117        3254        1        3
2143        3254        1        3
2170        3281        1        3
2196        3307        1        3
2223        3334        1        3
2249        3334        1        3
2275        3360        1        3
2328        3387        1        3
2355        3413        1        3
2381        3440        1        3
2408        3466        1        3
2434        3493        1        3
2461        3493        1        3
2514        3519        1        3
2540        3545        1        3
2566        3572        1        3
2619        3572        1        3
2646        3598        1        3
2672        3598        1        3
2699        3625        1        3
2725        3625        1        3
2752        3651        1        3
2778        3678        1        3
2805        3704        1        3
2805        3731        1        3
2831        3731        1        3
2831        3757        1        3
2858        3757        1        3
2884        3784        1        3
2910        3784        1        3
2910        3810        1        3
2937        3810        1        3
2963        3810        1        3
2990        3836        1        3
3016        3836        1        3
3043        3836        1        3
3043        3863        1        3
3069        3863        1        3
3096        3863        1        3
3122        3863        1        3
3122        3889        1        3
3149        3889        1        3
3175        3889        1        3
3175        3916        1        3
3201        3916        1        3
3201        3942        1        3
3228        3942        1        3
3254        3969        1        3
3228        3969        1        3
PEN_UP                  0
END_CHARACTER: DB
