CHARACTER_NAME: PL
STROKE_COUNT: 4
  X           Y   STYLUS_STATE STROKE
PEN_DOWN
 582        1376        1        1
 582        1349        1        1
 556        1349        1        1
 582        1349        1        1
 582        1323        1        1
 609        1323        1        1
 635        1323        1        1
 661        1323        1        1
 714        1323        1        1
 741        1323        1        1
 794        1323        1        1
 847        1323        1        1
 900        1323        1        1
 953        1323        1        1
1005        1349        1        1
1058        1349        1        1
1085        1349        1        1
1138        1376        1        1
1191        1376        1        1
1217        1402        1        1
1244        1429        1        1
1296        1455        1        1
1323        1482        1        1
1349        1508        1        1
1376        1535        1        1
1402        1561        1        1
1429        1588        1        1
1455        1640        1        1
1482        1667        1        1
1482        1693        1        1
1508        1746        1        1
1508        1773        1        1
1535        1826        1        1
1508        1879        1        1
1508        1931        1        1
1508        1984        1        1
1508        2064        1        1
1482        2117        1        1
1455        2170        1        1
1455        2223        1        1
1429        2275        1        1
1402        2328        1        1
1376        2381        1        1
1349        2461        1        1
1323        2514        1        1
1296        2540        1        1
1270        2593        1        1
1244        2646        1        1
1217        2699        1        1
1191        2725        1        1
1164        2778        1        1
1138        2805        1        1
1111        2831        1        1
1085        2831        1        1
1085        2858        1        1
1058        2884        1        1
1032        2884        1        1
1032        2910        1        1
1005        2937        1        1
 979        2937        1        1
 979        2963        1        1
 979        2937        1        1
1005        2937        1        1
1005        2910        1        1
1032        2884        1        1
1058        2858        1        1
1085        2831        1        1
1138        2805        1        1
1164        2778        1        1
1217        2725        1        1
1296        2699        1        1
1349        2646        1        1
1429        2593        1        1
1508        2540        1        1
1588        2461        1        1
1667        2408        1        1
1746        2355        1        1
1826        2275        1        1
1879        2223        1        1
1958        2170        1        1
2037        2090        1        1
2090        2037        1        1
2143        1984        1        1
2196        1931        1        1
2249        1879        1        1
2302        1852        1        1
2355        1826        1        1
2381        1799        1        1
2408        1773        1        1
2434        1773        1        1
2434        1746        1        1
2461        1746        1        1
2461        1720        1        1
PEN_UP                  0
PEN_DOWN
 714        1244        1        2
 688        1244        1        2
 714        1244        1        2
 741        1244        1        2
 767        1244        1        2
 794        1244        1        2
 820        1244        1        2
 847        1217        1        2
 873        1217        1        2
 926        1217        1        2
 953        1217        1        2
1005        1217        1        2
1058        1217        1        2
1111        1217        1        2
1164        1217        1        2
1217        1217        1        2
1296        1217        1        2
1349        1244        1        2
1402        1244        1        2
1482        1244        1        2
1535        1244        1        2
1588        1270        1        2
1667        1270        1        2
1720        1296        1        2
1773        1296        1        2
1826        1323        1        2
1879        1349        1        2
1931        1349        1        2
1958        1376        1        2
2011        1402        1        2
2037        1429        1        2
2090        1455        1        2
2117        1482        1        2
2143        1482        1        2
2170        1508        1        2
2196        1535        1        2
2223        1561        1        2
2249        1588        1        2
2302        1614        1        2
2328        1640        1        2
2355        1667        1        2
2381        1693        1        2
2408        1693        1        2
2408        1720        1        2
2434        1746        1        2
2461        1746        1        2
2461        1773        1        2
2487        1799        1        2
2514        1826        1        2
2540        1826        1        2
2540        1852        1        2
2566        1879        1        2
2593        1905        1        2
2619        1905        1        2
2646        1931        1        2
2646        1958        1        2
2672        1958        1        2
2672        1984        1        2
2699        1984        1        2
2699        1958        1        2
PEN_UP                  0
PEN_DOWN
2619        1058        1        3
2619        1085        1        3
2646        1111        1        3
2646        1138        1        3
2646        1164        1        3
2646        1191        1        3
2672        1217        1        3
2672        1244        1        3
2672        1296        1        3
2699        1323        1        3
2699        1349        1        3
2699        1402        1        3
2699        1429        1        3
2699        1482        1        3
2672        1508        1        3
2672        1561        1        3
2672        1614        1        3
2672        1640        1        3
2646        1693        1        3
2646        1746        1        3
2646        1799        1        3
2646        1852        1        3
2619        1905        1        3
2619        1931        1        3
2619        1984        1        3
2619        2037        1        3
2619        2090        1        3
2619        2143        1        3
2619        2196        1        3
2619        2223        1        3
2619        2275        1        3
2619        2328        1        3
2619        2381        1        3
2619        2434        1        3
2619        2461        1        3
2619        2514        1        3
2619        2540        1        3
2619        2593        1        3
2593        2619        1        3
2593        2646        1        3
2593        2699        1        3
2593        2725        1        3
2619        2778        1        3
2593        2831        1        3
2593        2884        1        3
2593        2937        1        3
2593        2990        1        3
2593        3043        1        3
2593        3069        1        3
2593        3122        1        3
2593        3175        1        3
2619        3228        1        3
2619        3254        1        3
2619        3307        1        3
2619        3334        1        3
2619        3387        1        3
2619        3440        1        3
2619        3466        1        3
2646        3493        1        3
2646        3519        1        3
2646        3545        1        3
2646        3572        1        3
2646        3598        1        3
2646        3625        1        3
2672        3625        1        3
2672        3651        1        3
2672        3678        1        3
2672        3651        1        3
2672        3625        1        3
2672        3598        1        3
2672        3572        1        3
2646        3545        1        3
2646        3519        1        3
2646        3493        1        3
2646        3466        1        3
2646        3440        1        3
2619        3413        1        3
2619        3387        1        3
2593        3387        1        3
2593        3360        1        3
2566        3334        1        3
2566        3307        1        3
2540        3281        1        3
2514        3281        1        3
2487        3254        1        3
2461        3254        1        3
2434        3228        1        3
2381        3228        1        3
2355        3201        1        3
2302        3201        1        3
2275        3201        1        3
2249        3175        1        3
2196        3175        1        3
2170        3175        1        3
2143        3175        1        3
2117        3175        1        3
2064        3175        1        3
2037        3175        1        3
2011        3201        1        3
1984        3201        1        3
1931        3201        1        3
1905        3228        1        3
1879        3228        1        3
1852        3228        1        3
1826        3254        1        3
1799        3254        1        3
1799        3281        1        3
1773        3281        1        3
1746        3307        1        3
1746        3334        1        3
1746        3360        1        3
1720        3387        1        3
1720        3413        1        3
1720        3440        1        3
1720        3466        1        3
1720        3493        1        3
1720        3519        1        3
1720        3545        1        3
1746        3572        1        3
1746        3598        1        3
1746        3625        1        3
1746        3651        1        3
1746        3678        1        3
1773        3678        1        3
1773        3651        1        3
1773        3625        1        3
1799        3625        1        3
1799        3598        1        3
1799        3572        1        3
1799        3545        1        3
1799        3519        1        3
1799        3466        1        3
1799        3440        1        3
1773        3413        1        3
1773        3360        1        3
1773        3334        1        3
1746        3307        1        3
1746        3281        1        3
1746        3254        1        3
1720        3254        1        3
1720        3228        1        3
1693        3228        1        3
1693        3201        1        3
1667        3201        1        3
1640        3175        1        3
1614        3175        1        3
1561        3149        1        3
1535        3149        1        3
1508        3122        1        3
1482        3122        1        3
1429        3122        1        3
1402        3122        1        3
1376        3122        1        3
1349        3122        1        3
1296        3122        1        3
1270        3122        1        3
1244        3122        1        3
1217        3122        1        3
1191        3149        1        3
1164        3149        1        3
1111        3149        1        3
1085        3149        1        3
1032        3149        1        3
1005        3149        1        3
 953        3149        1        3
 926        3175        1        3
 900        3175        1        3
 847        3175        1        3
 820        3201        1        3
 794        3201        1        3
 767        3228        1        3
 741        3254        1        3
 714        3254        1        3
 688        3281        1        3
 688        3307        1        3
 661        3334        1        3
 661        3387        1        3
 635        3413        1        3
 635        3440        1        3
 635        3466        1        3
 635        3493        1        3
 635        3545        1        3
 635        3572        1        3
 635        3598        1        3
 635        3625        1        3
 635        3651        1        3
 661        3678        1        3
 661        3704        1        3
 661        3731        1        3
 661        3757        1        3
 688        3784        1        3
 688        3810        1        3
 714        3836        1        3
 741        3836        1        3
 767        3863        1        3
 794        3863        1        3
 820        3863        1        3
 847        3863        1        3
 873        3863        1        3
 900        3863        1        3
 926        3863        1        3
 953        3836        1        3
 979        3836        1        3
1005        3810        1        3
1032        3784        1        3
1032        3757        1        3
1032        3731        1        3
1058        3704        1        3
1058        3678        1        3
1058        3651        1        3
1058        3625        1        3
1058        3598        1        3
1058        3572        1        3
1058        3545        1        3
1032        3519        1        3
1032        3493        1        3
1032        3466        1        3
1005        3466        1        3
1005        3440        1        3
1005        3413        1        3
 979        3413        1        3
 979        3387        1        3
 953        3387        1        3
 926        3360        1        3
 900        3360        1        3
 900        3334        1        3
 873        3334        1        3
 847        3334        1        3
 820        3334        1        3
 794        3307        1        3
 767        3307        1        3
 741        3307        1        3
 714        3281        1        3
 688        3281        1        3
 661        3254        1        3
 635        3228        1        3
PEN_UP                  0
PEN_DOWN
2646        1058        1        4
2672        1058        1        4
2699        1085        1        4
2725        1085        1        4
2778        1085        1        4
2805        1085        1        4
2858        1085        1        4
2910        1085        1        4
2963        1085        1        4
3016        1085        1        4
3069        1085        1        4
3096        1085        1        4
3122        1085        1        4
3149        1085        1        4
3175        1085        1        4
3175        1111        1        4
3201        1111        1        4
3228        1111        1        4
3254        1111        1        4
3281        1111        1        4
PEN_UP                  0
END_CHARACTER: PL
