CHARACTER_NAME: MND
STROKE_COUNT: 1
  X           Y   STYLUS_STATE STROKE
PEN_DOWN
 979        1429        1        1
1005        1482        1        1
1032        1508        1        1
1058        1535        1        1
1085        1561        1        1
1085        1588        1        1
1085        1614        1        1
1058        1640        1        1
1032        1667        1        1
1032        1693        1        1
1005        1720        1        1
 979        1746        1        1
 953        1773        1        1
 926        1773        1        1
 900        1773        1        1
 873        1773        1        1
 820        1720        1        1
 794        1720        1        1
 741        1667        1        1
 741        1640        1        1
 741        1614        1        1
 741        1588        1        1
 741        1561        1        1
 767        1508        1        1
 794        1482        1        1
 820        1455        1        1
 847        1402        1        1
 873        1376        1        1
 926        1349        1        1
 979        1323        1        1
1005        1270        1        1
1032        1244        1        1
1058        1217        1        1
1111        1164        1        1
1138        1164        1        1
1191        1164        1        1
1217        1138        1        1
1270        1164        1        1
1296        1164        1        1
1349        1164        1        1
1376        1164        1        1
1429        1164        1        1
1455        1191        1        1
1508        1191        1        1
1535        1217        1        1
1588        1244        1        1
1614        1270        1        1
1640        1296        1        1
1693        1349        1        1
1720        1376        1        1
1773        1429        1        1
1799        1455        1        1
1826        1482        1        1
1826        1535        1        1
1852        1561        1        1
1852        1588        1        1
1852        1640        1        1
1852        1667        1        1
1852        1693        1        1
1852        1746        1        1
1852        1773        1        1
1852        1799        1        1
1905        1773        1        1
1931        1746        1        1
1984        1720        1        1
2011        1667        1        1
2037        1667        1        1
2064        1640        1        1
2117        1588        1        1
2170        1561        1        1
2196        1535        1        1
2249        1508        1        1
2275        1482        1        1
2328        1429        1        1
2355        1402        1        1
2408        1376        1        1
2434        1349        1        1
2487        1323        1        1
2514        1296        1        1
2566        1270        1        1
2593        1270        1        1
2619        1244        1        1
2672        1217        1        1
2699        1244        1        1
2725        1270        1        1
2778        1296        1        1
2805        1349        1        1
2831        1376        1        1
2884        1402        1        1
2910        1455        1        1
2910        1482        1        1
2910        1508        1        1
2910        1535        1        1
2937        1588        1        1
2937        1614        1        1
2937        1640        1        1
2937        1693        1        1
2937        1720        1        1
2937        1746        1        1
2937        1773        1        1
2910        1799        1        1
2910        1852        1        1
2910        1879        1        1
2884        1905        1        1
2858        1958        1        1
2858        1984        1        1
2831        2011        1        1
2805        2064        1        1
2778        2090        1        1
2778        2117        1        1
2752        2170        1        1
2725        2196        1        1
2699        2223        1        1
2672        2249        1        1
2646        2275        1        1
2619        2328        1        1
2566        2355        1        1
2487        2381        1        1
2461        2408        1        1
2408        2434        1        1
2381        2461        1        1
2328        2461        1        1
2302        2461        1        1
2249        2461        1        1
2223        2461        1        1
2170        2461        1        1
2117        2434        1        1
2090        2434        1        1
2064        2434        1        1
2011        2408        1        1
1984        2381        1        1
1931        2355        1        1
1905        2302        1        1
1852        2249        1        1
1879        2223        1        1
1905        2196        1        1
1958        2170        1        1
2011        2117        1        1
2064        2064        1        1
2090        2064        1        1
2143        2064        1        1
2170        2064        1        1
2223        2037        1        1
2249        2037        1        1
2302        2037        1        1
2328        2037        1        1
2381        2037        1        1
2408        2037        1        1
2461        2064        1        1
2487        2064        1        1
2540        2090        1        1
2566        2117        1        1
2619        2117        1        1
2672        2143        1        1
2699        2196        1        1
2752        2223        1        1
2778        2249        1        1
2831        2302        1        1
2858        2328        1        1
2910        2381        1        1
2963        2434        1        1
2963        2461        1        1
2990        2514        1        1
2990        2566        1        1
2990        2619        1        1
2990        2646        1        1
2990        2672        1        1
2963        2725        1        1
2963        2752        1        1
2937        2805        1        1
2937        2831        1        1
2910        2858        1        1
2884        2884        1        1
2884        2937        1        1
2858        2963        1        1
2805        2990        1        1
2752        3043        1        1
2725        3069        1        1
2672        3096        1        1
2619        3122        1        1
2566        3149        1        1
2540        3201        1        1
2487        3228        1        1
2434        3228        1        1
2408        3228        1        1
2381        3254        1        1
2328        3254        1        1
2275        3254        1        1
2249        3254        1        1
2196        3228        1        1
2170        3228        1        1
2117        3228        1        1
2064        3228        1        1
2011        3201        1        1
1984        3201        1        1
1931        3175        1        1
1879        3149        1        1
1826        3122        1        1
1773        3122        1        1
1720        3096        1        1
1667        3069        1        1
1614        3043        1        1
1561        3016        1        1
1535        3016        1        1
1508        2990        1        1
1455        2963        1        1
1402        2937        1        1
1376        2910        1        1
1323        2884        1        1
1270        2858        1        1
1244        2831        1        1
1191        2805        1        1
1138        2778        1        1
1111        2752        1        1
1058        2725        1        1
1032        2699        1        1
 979        2646        1        1
 953        2619        1        1
 900        2566        1        1
 873        2514        1        1
 794        2461        1        1
 767        2408        1        1
 741        2355        1        1
 714        2302        1        1
 688        2249        1        1
 661        2196        1        1
 635        2143        1        1
 609        2090        1        1
 582        2037        1        1
 556        1984        1        1
 556        1958        1        1
 529        1905        1        1
 529        1879        1        1
 503        1852        1        1
 503        1799        1        1
 476        1773        1        1
 476        1746        1        1
PEN_UP                  0
END_CHARACTER: MND
