CHARACTER_NAME: LL
STROKE_COUNT: 4
  X           Y   STYLUS_STATE STROKE
PEN_DOWN
 953        1270        1        1
 926        1296        1        1
 979        1349        1        1
1032        1349        1        1
1138        1349        1        1
1270        1349        1        1
1429        1349        1        1
1614        1349        1        1
1826        1349        1        1
2037        1323        1        1
2249        1323        1        1
2461        1323        1        1
2619        1323        1        1
2752        1323        1        1
2858        1323        1        1
2937        1323        1        1
2858        1376        1        1
PEN_UP                  0
PEN_DOWN
1270        2090        1        2
1296        2090        1        2
1323        2117        1        2
1349        2143        1        2
1323        2143        1        2
1270        2117        1        2
1270        2064        1        2
1296        2037        1        2
1296        1984        1        2
1323        1931        1        2
1376        1905        1        2
1429        1879        1        2
1455        1826        1        2
1508        1799        1        2
1588        1826        1        2
1667        1852        1        2
1720        1879        1        2
1799        1905        1        2
1852        1958        1        2
1905        2011        1        2
1931        2064        1        2
1984        2117        1        2
2011        2143        1        2
2011        2196        1        2
1984        2223        1        2
2011        2196        1        2
2011        2143        1        2
2037        2117        1        2
2090        2064        1        2
2117        2011        1        2
2170        1984        1        2
2170        1958        1        2
2223        1931        1        2
2249        1905        1        2
2302        1905        1        2
2355        1931        1        2
2408        1958        1        2
2461        1984        1        2
2514        2037        1        2
2566        2064        1        2
2593        2117        1        2
2646        2143        1        2
2646        2196        1        2
2619        2249        1        2
PEN_UP                  0
PEN_DOWN
1402        2937        1        3
1429        2990        1        3
1402        3016        1        3
1376        3043        1        3
1323        2990        1        3
1296        2963        1        3
1296        2910        1        3
1323        2858        1        3
1349        2805        1        3
1376        2752        1        3
1429        2725        1        3
1508        2699        1        3
1561        2672        1        3
1640        2699        1        3
1693        2725        1        3
1746        2778        1        3
1799        2831        1        3
1826        2884        1        3
1905        2937        1        3
1905        2990        1        3
1905        3016        1        3
1879        3043        1        3
1852        3069        1        3
1826        3043        1        3
1852        2990        1        3
1879        2937        1        3
1905        2884        1        3
1958        2858        1        3
2011        2805        1        3
2064        2778        1        3
2117        2752        1        3
2196        2725        1        3
2275        2752        1        3
2355        2778        1        3
2408        2805        1        3
2461        2831        1        3
2540        2858        1        3
2566        2910        1        3
2619        2937        1        3
2646        2963        1        3
PEN_UP                  0
PEN_DOWN
2699        1296        1        4
2672        1349        1        4
2646        1455        1        4
2619        1561        1        4
2619        1693        1        4
2593        1852        1        4
2566        2011        1        4
2566        2196        1        4
2566        2381        1        4
2566        2540        1        4
2540        2699        1        4
2540        2831        1        4
2540        2963        1        4
2540        3069        1        4
2540        3149        1        4
2540        3228        1        4
2540        3254        1        4
2540        3307        1        4
2540        3334        1        4
2540        3360        1        4
2566        3307        1        4
PEN_UP                  0
END_CHARACTER: LL
