CHARACTER_NAME: SM
STROKE_COUNT: 3
  X           Y   STYLUS_STATE STROKE
PEN_DOWN
 953        1667        1        1
 900        1640        1        1
 900        1614        1        1
 926        1588        1        1
 979        1561        1        1
1032        1561        1        1
1111        1561        1        1
1217        1588        1        1
1323        1588        1        1
1455        1614        1        1
1561        1667        1        1
1667        1693        1        1
1746        1720        1        1
1826        1773        1        1
1879        1826        1        1
1931        1852        1        1
1905        1905        1        1
1852        1958        1        1
1826        1984        1        1
1746        2011        1        1
1693        2064        1        1
1614        2090        1        1
1535        2090        1        1
1455        2090        1        1
1402        2064        1        1
1376        2037        1        1
1349        2011        1        1
1402        1984        1        1
1455        1958        1        1
1508        1905        1        1
1588        1879        1        1
1693        1852        1        1
1799        1852        1        1
1931        1852        1        1
2037        1879        1        1
2170        1905        1        1
2275        1931        1        1
2355        1984        1        1
2461        2011        1        1
2514        2064        1        1
2566        2090        1        1
2593        2117        1        1
2593        2143        1        1
2540        2196        1        1
2461        2196        1        1
2408        2170        1        1
2328        2170        1        1
2249        2117        1        1
2170        2090        1        1
2117        2064        1        1
2064        2011        1        1
2011        1958        1        1
1984        1905        1        1
1984        1852        1        1
2011        1799        1        1
2037        1746        1        1
2064        1693        1        1
2117        1667        1        1
2170        1614        1        1
2249        1588        1        1
2355        1588        1        1
2434        1588        1        1
2540        1614        1        1
2619        1640        1        1
2699        1693        1        1
2752        1720        1        1
2805        1773        1        1
2858        1799        1        1
2910        1826        1        1
2937        1852        1        1
PEN_UP                  0
PEN_DOWN
2910        1402        1        2
2937        1376        1        2
2963        1402        1        2
3016        1482        1        2
3016        1561        1        2
3043        1667        1        2
3043        1799        1        2
3043        1931        1        2
3043        2090        1        2
3043        2249        1        2
3043        2408        1        2
3043        2540        1        2
3043        2672        1        2
3043        2752        1        2
3043        2831        1        2
3043        2884        1        2
3043        2910        1        2
3043        2963        1        2
3043        2990        1        2
3043        3016        1        2
3043        3043        1        2
3043        3069        1        2
3043        3122        1        2
3016        3149        1        2
2990        3175        1        2
2963        3201        1        2
2910        3175        1        2
2884        3149        1        2
2831        3122        1        2
2858        3069        1        2
2858        3016        1        2
2884        2963        1        2
2910        2910        1        2
2963        2884        1        2
3016        2831        1        2
3069        2805        1        2
3122        2778        1        2
3175        2778        1        2
3228        2805        1        2
3281        2858        1        2
3334        2884        1        2
3387        2910        1        2
3440        2963        1        2
3493        3016        1        2
3545        3069        1        2
3572        3122        1        2
3598        3149        1        2
3651        3175        1        2
3704        3149        1        2
3704        3096        1        2
3704        3016        1        2
3704        2910        1        2
3704        2805        1        2
3704        2672        1        2
3704        2514        1        2
3704        2355        1        2
3704        2196        1        2
3704        2037        1        2
3704        1905        1        2
3704        1773        1        2
3704        1667        1        2
3678        1588        1        2
3678        1508        1        2
3678        1455        1        2
3678        1429        1        2
3678        1376        1        2
PEN_UP                  0
PEN_DOWN
3360        1402        1        3
3387        1402        1        3
3440        1402        1        3
3519        1402        1        3
3598        1402        1        3
3678        1402        1        3
3784        1402        1        3
3863        1402        1        3
3942        1402        1        3
4022        1402        1        3
4075        1402        1        3
4101        1402        1        3
4154        1402        1        3
4101        1429        1        3
PEN_UP                  0
END_CHARACTER: SM
