CHARACTER_NAME: FT
STROKE_COUNT: 5
  X           Y   STYLUS_STATE STROKE
PEN_DOWN
 794        1535        1        1
 767        1535        1        1
 820        1535        1        1
 900        1535        1        1
1005        1535        1        1
1138        1535        1        1
1296        1508        1        1
1482        1508        1        1
1693        1508        1        1
1931        1508        1        1
2143        1508        1        1
2328        1508        1        1
2461        1508        1        1
2593        1508        1        1
2699        1508        1        1
2778        1508        1        1
2831        1508        1        1
2858        1508        1        1
PEN_UP                  0
PEN_DOWN
1323        1455        1        2
1349        1482        1        2
1323        1535        1        2
1296        1561        1        2
1270        1561        1        2
1244        1588        1        2
1244        1614        1        2
1217        1640        1        2
1217        1667        1        2
1191        1693        1        2
1191        1720        1        2
1191        1746        1        2
1164        1773        1        2
1164        1799        1        2
1164        1826        1        2
1164        1852        1        2
1164        1879        1        2
1164        1905        1        2
1164        1931        1        2
1164        1958        1        2
1191        1984        1        2
1191        2011        1        2
1217        2064        1        2
1244        2090        1        2
1270        2117        1        2
1323        2143        1        2
1349        2196        1        2
1402        2223        1        2
1429        2223        1        2
1482        2223        1        2
1508        2223        1        2
1561        2223        1        2
1588        2196        1        2
1640        2196        1        2
1667        2196        1        2
1720        2170        1        2
1746        2170        1        2
1773        2170        1        2
1826        2117        1        2
1852        2090        1        2
1905        2090        1        2
1931        2064        1        2
1958        2037        1        2
1984        2011        1        2
2037        1984        1        2
2037        1958        1        2
2064        1931        1        2
2064        1905        1        2
2064        1879        1        2
2064        1852        1        2
2064        1826        1        2
2064        1799        1        2
2064        1773        1        2
2090        1746        1        2
2090        1720        1        2
2090        1693        1        2
2064        1693        1        2
2064        1667        1        2
2064        1640        1        2
2064        1614        1        2
2090        1588        1        2
2090        1561        1        2
2090        1535        1        2
PEN_UP                  0
PEN_DOWN
1296        1588        1        3
1323        1614        1        3
1349        1640        1        3
1402        1667        1        3
1429        1693        1        3
1482        1746        1        3
1508        1773        1        3
1561        1799        1        3
1588        1826        1        3
1640        1852        1        3
1667        1852        1        3
1693        1879        1        3
1720        1905        1        3
1746        1931        1        3
1773        1931        1        3
1799        1958        1        3
1826        1958        1        3
1852        1984        1        3
1879        2011        1        3
1905        2037        1        3
1931        2064        1        3
PEN_UP                  0
PEN_DOWN
2090        1588        1        4
2064        1614        1        4
2064        1640        1        4
2064        1667        1        4
2064        1693        1        4
2064        1720        1        4
2037        1746        1        4
2037        1773        1        4
2037        1826        1        4
2037        1852        1        4
2011        1905        1        4
2011        1931        1        4
1984        1984        1        4
1984        2011        1        4
1984        2037        1        4
1958        2064        1        4
1958        2117        1        4
1958        2143        1        4
1905        2170        1        4
1879        2223        1        4
1826        2249        1        4
1773        2275        1        4
1720        2328        1        4
1667        2355        1        4
1640        2381        1        4
1588        2434        1        4
1561        2461        1        4
1508        2514        1        4
1482        2540        1        4
1402        2566        1        4
1402        2619        1        4
1376        2646        1        4
1376        2699        1        4
1349        2752        1        4
1349        2778        1        4
1349        2831        1        4
1349        2884        1        4
1376        2937        1        4
1402        2990        1        4
1402        3016        1        4
1429        3069        1        4
1482        3122        1        4
1535        3175        1        4
1561        3201        1        4
1640        3254        1        4
1667        3281        1        4
1720        3334        1        4
1799        3360        1        4
1879        3360        1        4
1958        3360        1        4
2064        3334        1        4
2143        3307        1        4
2249        3254        1        4
2328        3228        1        4
2408        3175        1        4
2487        3122        1        4
2566        3069        1        4
2619        3016        1        4
2646        2963        1        4
2699        2884        1        4
2699        2831        1        4
2699        2778        1        4
2672        2725        1        4
2646        2672        1        4
2593        2699        1        4
2566        2699        1        4
2514        2752        1        4
2487        2778        1        4
2434        2805        1        4
2434        2831        1        4
2514        2858        1        4
2566        2910        1        4
2619        2884        1        4
2646        2884        1        4
2699        2858        1        4
PEN_UP                  0
PEN_DOWN
2699        1535        1        5
2752        1482        1        5
2805        1429        1        5
2831        1402        1        5
2884        1349        1        5
2910        1296        1        5
2937        1244        1        5
2963        1191        1        5
2937        1138        1        5
2910        1085        1        5
2831        1058        1        5
2752        1005        1        5
2619         979        1        5
2487         953        1        5
2328         926        1        5
2170         900        1        5
2011         873        1        5
1879         873        1        5
1773         873        1        5
1693         873        1        5
1614         873        1        5
1588         873        1        5
PEN_UP                  0
END_CHARACTER: FT
