CHARACTER_NAME: THB
STROKE_COUNT: 3
  X           Y   STYLUS_STATE STROKE
PEN_DOWN
1402        1138        1        1
1402        1111        1        1
1455        1085        1        1
1508        1058        1        1
1535        1085        1        1
1588        1111        1        1
1614        1164        1        1
1640        1191        1        1
1693        1217        1        1
1667        1270        1        1
1614        1296        1        1
1561        1323        1        1
1535        1323        1        1
1482        1323        1        1
1455        1296        1        1
1402        1270        1        1
1349        1244        1        1
1376        1191        1        1
1376        1164        1        1
1455        1138        1        1
1482        1085        1        1
1535        1032        1        1
1614        1032        1        1
1667        1032        1        1
1720        1032        1        1
1773        1032        1        1
1852        1032        1        1
1905        1058        1        1
1958        1111        1        1
2011        1138        1        1
2064        1191        1        1
2117        1244        1        1
2170        1323        1        1
2196        1402        1        1
2170        1508        1        1
2143        1588        1        1
2090        1667        1        1
2064        1746        1        1
1984        1799        1        1
1931        1852        1        1
1852        1905        1        1
1773        1931        1        1
1693        1984        1        1
1614        1984        1        1
1561        1984        1        1
1508        1984        1        1
1482        1931        1        1
1455        1905        1        1
1508        1879        1        1
1561        1852        1        1
1614        1799        1        1
1667        1799        1        1
1746        1826        1        1
1826        1852        1        1
1905        1879        1        1
2011        1931        1        1
2090        1984        1        1
2196        2037        1        1
2275        2090        1        1
2381        2143        1        1
2461        2170        1        1
2540        2196        1        1
2593        2223        1        1
2646        2249        1        1
2672        2223        1        1
2725        2170        1        1
2752        2117        1        1
2752        2064        1        1
2725        1958        1        1
2725        1879        1        1
2699        1773        1        1
2699        1667        1        1
2672        1561        1        1
2672        1455        1        1
2646        1376        1        1
2646        1296        1        1
2646        1244        1        1
2646        1217        1        1
2646        1191        1        1
PEN_UP                  0
PEN_DOWN
2725        2328        1        2
2699        2355        1        2
2646        2434        1        2
2593        2487        1        2
2514        2566        1        2
2461        2619        1        2
2381        2699        1        2
2302        2778        1        2
2223        2831        1        2
2170        2884        1        2
2117        2937        1        2
2090        2963        1        2
2143        2963        1        2
2170        2963        1        2
2196        2963        1        2
2249        2963        1        2
2275        2963        1        2
2328        2963        1        2
2355        2990        1        2
2408        2990        1        2
2434        3016        1        2
2514        3043        1        2
2566        3069        1        2
2619        3069        1        2
2672        3096        1        2
2725        3122        1        2
2778        3149        1        2
2805        3175        1        2
2858        3175        1        2
2910        3149        1        2
2910        3122        1        2
2910        3069        1        2
2884        3043        1        2
2884        2963        1        2
2884        2910        1        2
2884        2831        1        2
2884        2752        1        2
2884        2699        1        2
2858        2619        1        2
2858        2566        1        2
2858        2514        1        2
2858        2487        1        2
2858        2434        1        2
2858        2408        1        2
2858        2381        1        2
2831        2355        1        2
2831        2302        1        2
2831        2275        1        2
2831        2249        1        2
2805        2223        1        2
2778        2196        1        2
PEN_UP                  0
PEN_DOWN
2778        1085        1        3
2725        1111        1        3
2778        1111        1        3
2831        1111        1        3
2910        1138        1        3
3016        1138        1        3
3122        1138        1        3
3228        1138        1        3
3334        1138        1        3
3440        1138        1        3
3493        1138        1        3
3545        1164        1        3
3598        1164        1        3
END_CHARACTER: THB
