CHARACTER_NAME: GGU
STROKE_COUNT: 2
  X           Y   STYLUS_STATE STROKE
PEN_DOWN
1244        1217        1        1
1296        1217        1        1
1349        1217        1        1
1376        1217        1        1
1455        1244        1        1
1508        1296        1        1
1588        1323        1        1
1640        1376        1        1
1720        1455        1        1
1773        1535        1        1
1799        1614        1        1
1826        1720        1        1
1799        1799        1        1
1773        1879        1        1
1693        1958        1        1
1667        2011        1        1
1588        2064        1        1
1508        2090        1        1
1429        2117        1        1
PEN_UP                  0
PEN_DOWN
1296        1191        1        2
1296        1164        1        2
1296        1138        1        2
1349        1111        1        2
1402        1058        1        2
1455        1032        1        2
1535        1005        1        2
1614         953        1        2
1693         953        1        2
1773         953        1        2
1852         979        1        2
1931        1032        1        2
2011        1085        1        2
2090        1111        1        2
2143        1191        1        2
2223        1270        1        2
2249        1349        1        2
2302        1429        1        2
2328        1482        1        2
2328        1535        1        2
2355        1588        1        2
2355        1614        1        2
2355        1640        1        2
2381        1588        1        2
2434        1561        1        2
2461        1535        1        2
2487        1482        1        2
2514        1455        1        2
2540        1402        1        2
2566        1349        1        2
2593        1323        1        2
2646        1270        1        2
2672        1244        1        2
2699        1191        1        2
2699        1164        1        2
2725        1138        1        2
2752        1085        1        2
2778        1058        1        2
2805        1032        1        2
2831        1005        1        2
2884         979        1        2
2858        1005        1        2
2858        1058        1        2
2831        1111        1        2
2805        1191        1        2
2778        1296        1        2
2752        1376        1        2
2725        1482        1        2
2699        1588        1        2
2672        1667        1        2
2646        1720        1        2
2646        1799        1        2
2619        1852        1        2
2619        1905        1        2
2619        1931        1        2
2593        1984        1        2
2593        2011        1        2
2593        2037        1        2
2566        2064        1        2
2566        2090        1        2
2540        2143        1        2
2514        2170        1        2
2514        2196        1        2
2487        2249        1        2
2461        2275        1        2
2434        2302        1        2
2408        2328        1        2
2381        2381        1        2
2328        2408        1        2
2302        2461        1        2
2275        2434        1        2
2196        2408        1        2
2196        2381        1        2
2223        2355        1        2
2249        2302        1        2
2249        2275        1        2
2275        2249        1        2
2302        2223        1        2
2328        2170        1        2
2381        2143        1        2
2408        2117        1        2
2461        2090        1        2
2487        2064        1        2
2540        2064        1        2
2566        2090        1        2
2619        2117        1        2
2672        2143        1        2
2699        2170        1        2
2752        2196        1        2
2778        2249        1        2
2831        2275        1        2
2858        2328        1        2
2910        2381        1        2
2937        2461        1        2
2990        2540        1        2
2990        2619        1        2
3016        2699        1        2
3016        2778        1        2
2990        2858        1        2
2990        2910        1        2
2963        2963        1        2
2937        3016        1        2
2910        3043        1        2
2884        3069        1        2
2831        3149        1        2
2778        3175        1        2
2725        3175        1        2
2672        3201        1        2
2593        3228        1        2
2540        3228        1        2
2487        3254        1        2
2434        3254        1        2
2381        3254        1        2
2328        3254        1        2
2275        3254        1        2
2223        3254        1        2
2170        3228        1        2
2143        3228        1        2
2090        3201        1        2
2037        3175        1        2
2011        3149        1        2
1958        3122        1        2
1931        3096        1        2
1879        3069        1        2
1826        3016        1        2
1799        2990        1        2
1746        2963        1        2
1693        2910        1        2
1667        2884        1        2
1640        2858        1        2
1588        2831        1        2
1535        2778        1        2
1508        2752        1        2
1455        2725        1        2
1429        2672        1        2
1402        2619        1        2
1376        2566        1        2
1349        2514        1        2
1349        2461        1        2
1323        2408        1        2
1296        2355        1        2
1270        2302        1        2
1244        2249        1        2
1244        2170        1        2
1217        2117        1        2
1217        2037        1        2
1191        1984        1        2
1191        1905        1        2
1191        1826        1        2
1191        1773        1        2
1191        1693        1        2
1191        1640        1        2
1164        1588        1        2
1164        1561        1        2
1164        1535        1        2
PEN_UP                  0
END_CHARACTER: GGU
