CHARACTER_NAME: PN
STROKE_COUNT: 4
  X           Y   STYLUS_STATE STROKE
PEN_DOWN
1032        1720        1        1
1058        1693        1        1
1085        1667        1        1
1138        1667        1        1
1164        1693        1        1
1191        1693        1        1
1244        1746        1        1
1296        1773        1        1
1349        1826        1        1
1429        1852        1        1
1482        1905        1        1
1561        1931        1        1
1614        1958        1        1
1667        1984        1        1
1720        2011        1        1
1773        2037        1        1
1799        2037        1        1
1852        2011        1        1
1879        1931        1        1
1931        1879        1        1
1958        1799        1        1
1958        1720        1        1
1984        1667        1        1
2011        1588        1        1
2037        1535        1        1
2037        1482        1        1
2064        1455        1        1
2064        1402        1        1
PEN_UP                  0
PEN_DOWN
1032        1746        1        2
1032        1693        1        2
1085        1667        1        2
1138        1614        1        2
1164        1588        1        2
1217        1535        1        2
1296        1508        1        2
1402        1482        1        2
1508        1482        1        2
1614        1455        1        2
1720        1482        1        2
1852        1508        1        2
1984        1508        1        2
2090        1561        1        2
2196        1614        1        2
2275        1640        1        2
2328        1693        1        2
2408        1720        1        2
2461        1746        1        2
2514        1773        1        2
2540        1773        1        2
PEN_UP                  0
PEN_DOWN
2540        1323        1        3
2593        1402        1        3
2566        1508        1        3
2566        1614        1        3
2540        1720        1        3
2514        1879        1        3
2487        2037        1        3
2461        2196        1        3
2434        2328        1        3
2434        2461        1        3
2408        2593        1        3
2381        2672        1        3
2381        2752        1        3
2381        2805        1        3
2355        2858        1        3
2355        2884        1        3
2355        2910        1        3
2355        2963        1        3
2302        2910        1        3
2275        2884        1        3
2249        2858        1        3
2223        2805        1        3
2143        2778        1        3
2117        2725        1        3
2064        2699        1        3
2011        2672        1        3
1958        2619        1        3
1879        2619        1        3
1826        2619        1        3
1746        2593        1        3
1667        2619        1        3
1588        2619        1        3
1482        2646        1        3
1402        2672        1        3
1323        2699        1        3
1244        2752        1        3
1191        2778        1        3
1138        2831        1        3
1085        2884        1        3
1032        2937        1        3
1058        2963        1        3
1058        3016        1        3
1085        3043        1        3
1138        3096        1        3
1191        3122        1        3
1270        3122        1        3
1323        3122        1        3
1402        3122        1        3
1455        3096        1        3
1508        3069        1        3
1561        3016        1        3
1614        2963        1        3
1614        2937        1        3
1588        2884        1        3
1535        2858        1        3
1508        2805        1        3
1455        2752        1        3
1402        2752        1        3
1349        2752        1        3
1296        2752        1        3
1270        2752        1        3
1244        2752        1        3
1191        2752        1        3
PEN_UP                  0
PEN_DOWN
2593        1296        1        4
2619        1296        1        4
2699        1296        1        4
2778        1296        1        4
2884        1296        1        4
2963        1296        1        4
3069        1296        1        4
3122        1296        1        4
3201        1296        1        4
3228        1296        1        4
3281        1296        1        4
END_CHARACTER: PN
