CHARACTER_NAME: KHR
STROKE_COUNT: 3
  X           Y   STYLUS_STATE STROKE
PEN_DOWN
1111        1138        1        1
1085        1138        1        1
1085        1164        1        1
1058        1164        1        1
1085        1191        1        1
1111        1217        1        1
1111        1244        1        1
1138        1244        1        1
1164        1217        1        1
1191        1217        1        1
1217        1191        1        1
1244        1191        1        1
1244        1164        1        1
1217        1138        1        1
1217        1111        1        1
1191        1111        1        1
1138        1085        1        1
1111        1111        1        1
1085        1111        1        1
1032        1138        1        1
1005        1164        1        1
 953        1217        1        1
 926        1296        1        1
 900        1376        1        1
 900        1455        1        1
 926        1508        1        1
 953        1588        1        1
1005        1640        1        1
1058        1693        1        1
1138        1720        1        1
1217        1746        1        1
1323        1720        1        1
1429        1720        1        1
1535        1693        1        1
1614        1640        1        1
1720        1588        1        1
1773        1508        1        1
1826        1429        1        1
1879        1376        1        1
1905        1296        1        1
1905        1244        1        1
1931        1191        1        1
1905        1138        1        1
1905        1111        1        1
1905        1085        1        1
1879        1058        1        1
1852        1058        1        1
1852        1032        1        1
1879        1032        1        1
1905        1032        1        1
1931        1032        1        1
1958        1032        1        1
1984        1058        1        1
2037        1058        1        1
2064        1085        1        1
2117        1111        1        1
2143        1191        1        1
2196        1270        1        1
2223        1376        1        1
2249        1482        1        1
2275        1614        1        1
2275        1720        1        1
2249        1852        1        1
2223        1984        1        1
2170        2090        1        1
2117        2196        1        1
2064        2275        1        1
1984        2355        1        1
1931        2408        1        1
1852        2461        1        1
1799        2487        1        1
1746        2487        1        1
1720        2487        1        1
1693        2461        1        1
1667        2434        1        1
1667        2381        1        1
1693        2355        1        1
1693        2328        1        1
1720        2302        1        1
1773        2302        1        1
1826        2275        1        1
1905        2302        1        1
1984        2302        1        1
2064        2355        1        1
2170        2381        1        1
2275        2408        1        1
2381        2434        1        1
2487        2461        1        1
2566        2487        1        1
2646        2487        1        1
2725        2487        1        1
2778        2461        1        1
2805        2434        1        1
2858        2408        1        1
2884        2381        1        1
2937        2302        1        1
2937        2223        1        1
2937        2117        1        1
2937        2011        1        1
2937        1879        1        1
2910        1746        1        1
2910        1614        1        1
2910        1508        1        1
2910        1402        1        1
2884        1323        1        1
2884        1244        1        1
2884        1191        1        1
2884        1138        1        1
2858        1111        1        1
2858        1085        1        1
2858        1058        1        1
PEN_UP                  0
PEN_DOWN
2937        2461        1        2
2937        2487        1        2
2937        2514        1        2
2937        2566        1        2
2910        2593        1        2
2910        2646        1        2
2910        2725        1        2
2884        2752        1        2
2884        2805        1        2
2884        2858        1        2
2884        2884        1        2
2884        2910        1        2
2884        2884        1        2
2858        2858        1        2
2831        2831        1        2
2805        2805        1        2
2778        2752        1        2
2752        2725        1        2
2699        2725        1        2
2646        2752        1        2
2593        2752        1        2
2514        2805        1        2
2461        2858        1        2
2381        2910        1        2
2302        2990        1        2
2249        3069        1        2
2170        3149        1        2
2090        3228        1        2
2011        3307        1        2
1931        3360        1        2
1852        3413        1        2
1773        3440        1        2
1667        3466        1        2
1588        3466        1        2
1508        3440        1        2
1402        3413        1        2
1323        3413        1        2
1270        3387        1        2
1191        3360        1        2
1138        3334        1        2
1111        3307        1        2
1085        3281        1        2
1058        3281        1        2
1085        3254        1        2
1111        3201        1        2
PEN_UP                  0
PEN_DOWN
2831        1164        1        3
2831        1191        1        3
2884        1164        1        3
2937        1164        1        3
3043        1164        1        3
3122        1164        1        3
3254        1138        1        3
3360        1138        1        3
3440        1138        1        3
3519        1138        1        3
3572        1138        1        3
3625        1138        1        3
3651        1138        1        3
3651        1164        1        3
3625        1164        1        3
3598        1191        1        3
PEN_UP                  0
END_CHARACTER: KHR
