CHARACTER_NAME: MDHA
STROKE_COUNT: 2
  X           Y   STYLUS_STATE STROKE
PEN_DOWN
 900        1085        1        1
 873        1085        1        1
 900        1085        1        1
 979        1111        1        1
1058        1111        1        1
1164        1111        1        1
1296        1111        1        1
1482        1111        1        1
1667        1138        1        1
1879        1138        1        1
2117        1138        1        1
2328        1138        1        1
2540        1138        1        1
2725        1138        1        1
2884        1138        1        1
3016        1138        1        1
3122        1164        1        1
3201        1138        1        1
3254        1164        1        1
3281        1164        1        1
3254        1164        1        1
3201        1191        1        1
3149        1191        1        1
3043        1191        1        1
PEN_UP                  0
PEN_DOWN
1588        1164        1        2
1561        1164        1        2
1535        1191        1        2
1535        1217        1        2
1508        1270        1        2
1508        1323        1        2
1482        1376        1        2
1455        1455        1        2
1429        1535        1        2
1402        1614        1        2
1376        1720        1        2
1349        1799        1        2
1323        1879        1        2
1296        1984        1        2
1270        2064        1        2
1244        2143        1        2
1244        2249        1        2
1244        2328        1        2
1270        2408        1        2
1270        2487        1        2
1296        2540        1        2
1349        2593        1        2
1402        2646        1        2
1455        2672        1        2
1535        2699        1        2
1614        2699        1        2
1720        2699        1        2
1799        2672        1        2
1905        2619        1        2
2011        2566        1        2
2117        2487        1        2
2223        2408        1        2
2302        2328        1        2
2381        2275        1        2
2434        2196        1        2
2487        2117        1        2
2514        2064        1        2
2514        2011        1        2
2514        1984        1        2
2514        1931        1        2
2461        1905        1        2
2434        1905        1        2
2381        1879        1        2
2355        1879        1        2
2302        1879        1        2
2249        1905        1        2
2196        1905        1        2
2170        1931        1        2
2143        1931        1        2
2143        1958        1        2
2117        1958        1        2
2143        1984        1        2
2170        2011        1        2
2196        2011        1        2
2196        2037        1        2
2223        2037        1        2
2249        2037        1        2
2275        2037        1        2
2302        2037        1        2
2328        2037        1        2
2355        2037        1        2
2381        2037        1        2
2408        2037        1        2
2434        2037        1        2
PEN_UP                  0
END_CHARACTER: MDHA
