CHARACTER_NAME: DXA
STROKE_COUNT: 4
  X           Y   STYLUS_STATE STROKE
PEN_DOWN
 794        1270        1        1
 820        1270        1        1
 873        1296        1        1
 953        1296        1        1
1058        1296        1        1
1191        1296        1        1
1349        1323        1        1
1535        1323        1        1
1720        1323        1        1
1905        1349        1        1
2090        1349        1        1
2249        1349        1        1
2408        1349        1        1
2514        1349        1        1
2619        1349        1        1
2672        1349        1        1
2725        1349        1        1
2778        1349        1        1
2752        1376        1        1
2699        1349        1        1
PEN_UP                  0
PEN_DOWN
1296        1323        1        2
1323        1323        1        2
1296        1323        1        2
1296        1349        1        2
1270        1376        1        2
1270        1402        1        2
1270        1429        1        2
1244        1455        1        2
1244        1482        1        2
1244        1535        1        2
1244        1561        1        2
1244        1614        1        2
1244        1640        1        2
1244        1693        1        2
1270        1720        1        2
1270        1773        1        2
1296        1799        1        2
1323        1826        1        2
1376        1852        1        2
1402        1879        1        2
1455        1879        1        2
1508        1905        1        2
1561        1931        1        2
1614        1931        1        2
1640        1958        1        2
1693        1984        1        2
1746        1984        1        2
1773        2011        1        2
1826        2011        1        2
1852        2037        1        2
1879        2064        1        2
1905        2090        1        2
1931        2117        1        2
1958        2143        1        2
1958        2170        1        2
1984        2196        1        2
1984        2223        1        2
1984        2249        1        2
1958        2275        1        2
1958        2302        1        2
1931        2328        1        2
1931        2355        1        2
1905        2381        1        2
1879        2408        1        2
1852        2434        1        2
1826        2461        1        2
1773        2487        1        2
1720        2487        1        2
1667        2514        1        2
1588        2514        1        2
1535        2540        1        2
1455        2540        1        2
1402        2514        1        2
1323        2514        1        2
1270        2487        1        2
1191        2487        1        2
1138        2461        1        2
1058        2461        1        2
1032        2434        1        2
 979        2434        1        2
 953        2408        1        2
 926        2408        1        2
 900        2408        1        2
 926        2408        1        2
PEN_UP                  0
PEN_DOWN
1905        2328        1        3
1931        2302        1        3
1958        2302        1        3
1958        2328        1        3
1984        2328        1        3
2011        2328        1        3
2064        2355        1        3
2090        2355        1        3
2143        2381        1        3
2170        2408        1        3
2223        2434        1        3
2275        2487        1        3
2302        2514        1        3
2328        2566        1        3
2381        2619        1        3
2408        2646        1        3
2434        2672        1        3
2461        2725        1        3
2487        2725        1        3
2487        2752        1        3
2514        2778        1        3
2514        2805        1        3
2540        2778        1        3
2540        2752        1        3
2540        2725        1        3
2540        2699        1        3
2540        2672        1        3
2540        2619        1        3
2566        2566        1        3
2566        2514        1        3
2566        2461        1        3
2540        2408        1        3
2540        2355        1        3
2540        2275        1        3
2540        2223        1        3
2540        2196        1        3
2540        2143        1        3
2540        2117        1        3
2540        2064        1        3
2514        2037        1        3
2514        1984        1        3
2514        1958        1        3
2514        1931        1        3
2514        1905        1        3
2514        1879        1        3
2487        1826        1        3
2487        1799        1        3
2487        1773        1        3
2487        1746        1        3
2487        1720        1        3
2487        1693        1        3
2487        1667        1        3
2487        1640        1        3
2461        1640        1        3
2461        1614        1        3
2461        1588        1        3
2461        1561        1        3
2434        1561        1        3
2434        1535        1        3
2434        1508        1        3
2434        1482        1        3
2434        1455        1        3
2434        1429        1        3
2434        1402        1        3
2461        1402        1        3
2434        1376        1        3
2461        1376        1        3
PEN_UP                  0
PEN_DOWN
2514        1429        1        4
2540        1429        1        4
2540        1455        1        4
2540        1482        1        4
2566        1535        1        4
2566        1588        1        4
2566        1667        1        4
2566        1746        1        4
2593        1852        1        4
2593        1958        1        4
2593        2064        1        4
2566        2196        1        4
2566        2328        1        4
2566        2461        1        4
2566        2566        1        4
2566        2699        1        4
2540        2831        1        4
2540        2937        1        4
2540        3043        1        4
2540        3149        1        4
2540        3228        1        4
2540        3307        1        4
2566        3387        1        4
2566        3440        1        4
2566        3493        1        4
2566        3545        1        4
2566        3598        1        4
2566        3625        1        4
2566        3651        1        4
2566        3678        1        4
2566        3704        1        4
2566        3731        1        4
2566        3757        1        4
2566        3784        1        4
2566        3810        1        4
2566        3836        1        4
2566        3863        1        4
2566        3889        1        4
2566        3916        1        4
2566        3942        1        4
2566        3916        1        4
2566        3889        1        4
2566        3863        1        4
PEN_UP                  0
END_CHARACTER: DXA
