CHARACTER_NAME: U
STROKE_COUNT: 3
  X           Y   STYLUS_STATE STROKE
PEN_DOWN
1323        1508        1        1
1323        1482        1        1
1296        1482        1        1
1270        1482        1        1
1296        1455        1        1
1323        1482        1        1
1376        1482        1        1
1455        1482        1        1
1535        1482        1        1
1667        1508        1        1
1799        1508        1        1
1958        1508        1        1
2143        1508        1        1
2302        1482        1        1
2461        1482        1        1
2593        1482        1        1
2699        1482        1        1
2805        1482        1        1
2884        1455        1        1
2937        1455        1        1
2963        1455        1        1
2990        1455        1        1
3016        1455        1        1
3043        1455        1        1
3043        1482        1        1
3016        1482        1        1
PEN_UP                  0
PEN_DOWN
2672        1535        1        2
2646        1535        1        2
2646        1561        1        2
2619        1588        1        2
2593        1640        1        2
2566        1693        1        2
2540        1746        1        2
2514        1799        1        2
2487        1879        1        2
2487        1931        1        2
2461        1984        1        2
2461        2037        1        2
2461        2064        1        2
2461        2090        1        2
2487        2117        1        2
2514        2143        1        2
2566        2143        1        2
2593        2170        1        2
2646        2170        1        2
2699        2170        1        2
2778        2170        1        2
2805        2170        1        2
2858        2170        1        2
2910        2196        1        2
2937        2196        1        2
2963        2223        1        2
2990        2249        1        2
3016        2275        1        2
3016        2302        1        2
3016        2355        1        2
3016        2408        1        2
2990        2434        1        2
2963        2487        1        2
2884        2540        1        2
2831        2566        1        2
2725        2593        1        2
2593        2619        1        2
2461        2619        1        2
2328        2619        1        2
2196        2619        1        2
2064        2593        1        2
1931        2566        1        2
1799        2514        1        2
1720        2461        1        2
1614        2434        1        2
1561        2381        1        2
1508        2355        1        2
1482        2328        1        2
1455        2275        1        2
1455        2249        1        2
1482        2223        1        2
PEN_UP                  0
PEN_DOWN
2937        1482        1        3
2963        1455        1        3
2963        1429        1        3
2990        1402        1        3
3016        1376        1        3
3043        1323        1        3
3043        1296        1        3
3069        1244        1        3
3069        1191        1        3
3043        1138        1        3
3016        1085        1        3
2937        1032        1        3
2858         979        1        3
2752         953        1        3
2619         900        1        3
2461         873        1        3
2275         847        1        3
2117         820        1        3
1931         820        1        3
1773         794        1        3
1640         794        1        3
1535         767        1        3
1429         767        1        3
1349         767        1        3
1296         741        1        3
1270         741        1        3
1244         741        1        3
1244         767        1        3
1270         794        1        3
PEN_UP                  0
END_CHARACTER: U
