CHARACTER_NAME: TT
STROKE_COUNT: 4
  X           Y   STYLUS_STATE STROKE
PEN_DOWN
1376        1164        1        1
1349        1164        1        1
1323        1164        1        1
1296        1164        1        1
1349        1164        1        1
1402        1164        1        1
1508        1191        1        1
1614        1191        1        1
1773        1191        1        1
1958        1191        1        1
2143        1191        1        1
2355        1164        1        1
2566        1191        1        1
2778        1164        1        1
2963        1164        1        1
3122        1164        1        1
3254        1164        1        1
3334        1164        1        1
3413        1164        1        1
3440        1164        1        1
3387        1191        1        1
3334        1191        1        1
3254        1217        1        1
PEN_UP                  0
PEN_DOWN
1984        1244        1        2
2011        1244        1        2
2011        1217        1        2
2011        1244        1        2
2011        1270        1        2
2011        1323        1        2
2011        1376        1        2
2011        1455        1        2
1984        1535        1        2
1958        1614        1        2
1958        1720        1        2
1958        1826        1        2
1931        1931        1        2
1931        2011        1        2
1958        2090        1        2
1958        2170        1        2
1984        2249        1        2
2011        2302        1        2
2037        2328        1        2
2090        2381        1        2
2143        2381        1        2
2223        2381        1        2
2275        2381        1        2
2381        2355        1        2
2461        2328        1        2
2540        2275        1        2
2619        2223        1        2
2672        2170        1        2
2725        2117        1        2
2778        2064        1        2
2805        2011        1        2
2831        1984        1        2
2805        1984        1        2
2805        1958        1        2
2752        1958        1        2
2725        1984        1        2
2672        1984        1        2
2646        2011        1        2
2619        2011        1        2
2593        2037        1        2
2593        2064        1        2
2593        2090        1        2
2646        2117        1        2
2672        2117        1        2
2725        2117        1        2
2778        2090        1        2
2831        2090        1        2
2858        2064        1        2
PEN_UP                  0
PEN_DOWN
2381        2381        1        3
2381        2355        1        3
2408        2355        1        3
2408        2328        1        3
2434        2328        1        3
2461        2328        1        3
2461        2355        1        3
2487        2355        1        3
2487        2381        1        3
2514        2381        1        3
2540        2408        1        3
2540        2434        1        3
2566        2461        1        3
2566        2487        1        3
2593        2514        1        3
2593        2540        1        3
2566        2566        1        3
2566        2619        1        3
2540        2646        1        3
2487        2672        1        3
2461        2699        1        3
2381        2725        1        3
2302        2752        1        3
2223        2778        1        3
2117        2778        1        3
2011        2778        1        3
1905        2752        1        3
1799        2752        1        3
1693        2725        1        3
1588        2699        1        3
1535        2646        1        3
1455        2619        1        3
1429        2593        1        3
1376        2566        1        3
1349        2566        1        3
1349        2540        1        3
PEN_UP                  0
PEN_DOWN
3043        1191        1        4
3069        1191        1        4
3069        1164        1        4
3096        1138        1        4
3096        1111        1        4
3122        1085        1        4
3122        1032        1        4
3149        1005        1        4
3122         953        1        4
3122         900        1        4
3069         873        1        4
3016         820        1        4
2937         794        1        4
2831         767        1        4
2672         741        1        4
2514         714        1        4
2328         714        1        4
2170         688        1        4
1984         688        1        4
1826         688        1        4
1693         661        1        4
1588         661        1        4
1482         661        1        4
1402         661        1        4
1349         661        1        4
1323         661        1        4
1296         661        1        4
1323         661        1        4
PEN_UP                  0
END_CHARACTER: TT
