CHARACTER_NAME: NTT
STROKE_COUNT: 3
  X           Y   STYLUS_STATE STROKE
PEN_DOWN
1217        1085        1        1
1191        1111        1        1
1217        1138        1        1
1244        1138        1        1
1349        1138        1        1
1455        1138        1        1
1588        1138        1        1
1799        1164        1        1
2037        1164        1        1
2223        1138        1        1
2434        1138        1        1
2593        1138        1        1
2778        1111        1        1
2910        1111        1        1
3016        1111        1        1
3096        1111        1        1
3149        1111        1        1
3201        1111        1        1
3149        1138        1        1
3069        1138        1        1
2990        1164        1        1
PEN_UP                  0
PEN_DOWN
1614        1746        1        2
1640        1746        1        2
1667        1746        1        2
1693        1720        1        2
1720        1720        1        2
1746        1720        1        2
1773        1720        1        2
1799        1746        1        2
1799        1773        1        2
1826        1773        1        2
1826        1799        1        2
1799        1826        1        2
1799        1852        1        2
1773        1852        1        2
1746        1905        1        2
1693        1905        1        2
1667        1905        1        2
1640        1905        1        2
1588        1879        1        2
1535        1852        1        2
1535        1826        1        2
1561        1773        1        2
1614        1746        1        2
1640        1720        1        2
1667        1693        1        2
1720        1667        1        2
1773        1614        1        2
1852        1614        1        2
1905        1640        1        2
1958        1640        1        2
2037        1667        1        2
2090        1720        1        2
2170        1746        1        2
2223        1799        1        2
2275        1852        1        2
2328        1905        1        2
2381        1958        1        2
2434        1984        1        2
2461        2011        1        2
2487        2037        1        2
2514        2064        1        2
2540        2090        1        2
2566        2090        1        2
2566        2064        1        2
2566        2037        1        2
2566        1984        1        2
2566        1931        1        2
2566        1879        1        2
2593        1799        1        2
2566        1720        1        2
2566        1640        1        2
2566        1561        1        2
2566        1508        1        2
2566        1455        1        2
2566        1402        1        2
2566        1349        1        2
2566        1323        1        2
2540        1296        1        2
2540        1270        1        2
2540        1244        1        2
2540        1217        1        2
2540        1191        1        2
2514        1164        1        2
2514        1138        1        2
PEN_UP                  0
PEN_DOWN
2514        2090        1        3
2540        2064        1        3
2566        2090        1        3
2593        2117        1        3
2619        2117        1        3
2646        2143        1        3
2646        2170        1        3
2646        2196        1        3
2646        2223        1        3
2619        2223        1        3
2566        2249        1        3
2540        2275        1        3
2514        2275        1        3
2461        2275        1        3
2434        2249        1        3
2434        2223        1        3
2381        2196        1        3
2381        2143        1        3
2408        2117        1        3
2434        2090        1        3
2487        2064        1        3
2514        2037        1        3
2540        2037        1        3
2593        2037        1        3
2672        2064        1        3
2725        2090        1        3
2778        2170        1        3
2831        2249        1        3
2884        2328        1        3
2910        2434        1        3
2937        2540        1        3
2937        2646        1        3
2910        2752        1        3
2884        2831        1        3
2831        2884        1        3
2725        2963        1        3
2619        3016        1        3
2514        3043        1        3
2408        3069        1        3
2249        3069        1        3
2090        3016        1        3
1931        2963        1        3
1799        2910        1        3
1720        2858        1        3
1640        2805        1        3
1588        2752        1        3
1535        2725        1        3
1535        2699        1        3
PEN_UP                  0
END_CHARACTER: NTT
