CHARACTER_NAME: RRG
STROKE_COUNT: 7
  X           Y   STYLUS_STATE STROKE
PEN_DOWN
1111        1191        1        1
1085        1191        1        1
1111        1217        1        1
1138        1217        1        1
1191        1191        1        1
1296        1217        1        1
1455        1217        1        1
1614        1244        1        1
1826        1244        1        1
2037        1270        1        1
2223        1270        1        1
2381        1270        1        1
2540        1270        1        1
2646        1270        1        1
2752        1244        1        1
2831        1244        1        1
2884        1244        1        1
2910        1244        1        1
2937        1244        1        1
2884        1270        1        1
PEN_UP                  0
PEN_DOWN
1905        1270        1        2
1905        1296        1        2
1905        1323        1        2
1879        1349        1        2
1879        1376        1        2
1879        1429        1        2
1879        1508        1        2
1852        1588        1        2
1852        1693        1        2
1852        1799        1        2
1852        1905        1        2
1852        1984        1        2
1852        2064        1        2
1852        2117        1        2
1852        2170        1        2
1852        2196        1        2
1852        2223        1        2
1879        2223        1        2
1931        2170        1        2
1958        2143        1        2
2011        2117        1        2
2037        2090        1        2
2090        2090        1        2
2143        2064        1        2
2170        2064        1        2
2223        2090        1        2
2249        2090        1        2
2302        2117        1        2
2328        2170        1        2
2381        2223        1        2
2408        2302        1        2
2434        2381        1        2
2434        2461        1        2
2461        2514        1        2
2434        2593        1        2
2434        2646        1        2
2381        2699        1        2
2355        2725        1        2
2275        2752        1        2
2196        2778        1        2
2064        2752        1        2
1931        2725        1        2
1799        2672        1        2
1667        2646        1        2
1561        2566        1        2
1455        2487        1        2
1349        2381        1        2
1270        2302        1        2
1191        2196        1        2
1138        2117        1        2
1111        2064        1        2
1085        2011        1        2
1058        1958        1        2
1085        1931        1        2
1085        1905        1        2
PEN_UP                  0
PEN_DOWN
1931        3149        1        3
1958        3149        1        3
1984        3096        1        3
2011        3096        1        3
2037        3096        1        3
2064        3122        1        3
2090        3122        1        3
2117        3122        1        3
2143        3122        1        3
2170        3149        1        3
2196        3149        1        3
2196        3175        1        3
2223        3175        1        3
2249        3201        1        3
2275        3228        1        3
2275        3254        1        3
2275        3281        1        3
2275        3307        1        3
2249        3307        1        3
2249        3334        1        3
2223        3334        1        3
2223        3360        1        3
2196        3360        1        3
2170        3387        1        3
2143        3387        1        3
2117        3387        1        3
2090        3387        1        3
2064        3387        1        3
2037        3387        1        3
2011        3360        1        3
1984        3360        1        3
1958        3360        1        3
1931        3334        1        3
1905        3281        1        3
1852        3254        1        3
1826        3228        1        3
1852        3201        1        3
1852        3175        1        3
1879        3149        1        3
1905        3122        1        3
PEN_UP                  0
PEN_DOWN
2302        2117        1        4
2328        2117        1        4
2355        2090        1        4
2381        2064        1        4
2434        2064        1        4
2461        2037        1        4
2487        2037        1        4
2540        2037        1        4
2593        2037        1        4
2672        2037        1        4
2725        2064        1        4
2805        2064        1        4
2884        2090        1        4
2963        2117        1        4
3043        2170        1        4
3096        2223        1        4
3149        2275        1        4
3175        2328        1        4
3201        2381        1        4
3228        2434        1        4
3228        2461        1        4
3228        2514        1        4
3201        2540        1        4
3149        2566        1        4
PEN_UP                  0
PEN_DOWN
2381        2117        1        5
2381        2090        1        5
2408        2064        1        5
2434        2037        1        5
2487        2011        1        5
2514        1958        1        5
2540        1931        1        5
2593        1905        1        5
2672        1879        1        5
2752        1852        1        5
2831        1826        1        5
2910        1799        1        5
2990        1799        1        5
3096        1826        1        5
3175        1826        1        5
3254        1852        1        5
3334        1879        1        5
3387        1931        1        5
3466        1958        1        5
3519        2011        1        5
3545        2037        1        5
3572        2064        1        5
3598        2090        1        5
PEN_UP                  0
PEN_DOWN
3572        1296        1        6
3625        1323        1        6
3625        1376        1        6
3625        1455        1        6
3651        1561        1        6
3651        1667        1        6
3651        1799        1        6
3678        1958        1        6
3678        2117        1        6
3704        2275        1        6
3704        2434        1        6
3731        2593        1        6
3731        2699        1        6
3757        2805        1        6
3757        2884        1        6
3757        2937        1        6
3757        2990        1        6
3784        3016        1        6
3784        3043        1        6
3757        3069        1        6
3731        3016        1        6
PEN_UP                  0
PEN_DOWN
3572        1270        1        7
3572        1244        1        7
3625        1244        1        7
3651        1217        1        7
3731        1217        1        7
3784        1217        1        7
3863        1217        1        7
3942        1217        1        7
4022        1217        1        7
4075        1217        1        7
4101        1217        1        7
4154        1217        1        7
4128        1244        1        7
PEN_UP                  0
END_CHARACTER: RRG
