CHARACTER_NAME: MM
STROKE_COUNT: 4
  X           Y   STYLUS_STATE STROKE
PEN_DOWN
 900        1217        1        1
 873        1217        1        1
 926        1244        1        1
 979        1244        1        1
1085        1217        1        1
1191        1217        1        1
1349        1217        1        1
1508        1191        1        1
1693        1191        1        1
1852        1191        1        1
2011        1191        1        1
2143        1191        1        1
2249        1191        1        1
2328        1191        1        1
2408        1191        1        1
2434        1191        1        1
2487        1217        1        1
2514        1191        1        1
PEN_UP                  0
PEN_DOWN
1244        1217        1        2
1270        1217        1        2
1296        1217        1        2
1349        1244        1        2
1402        1270        1        2
1455        1296        1        2
1535        1323        1        2
1588        1349        1        2
1640        1402        1        2
1693        1482        1        2
1746        1535        1        2
1773        1614        1        2
1773        1667        1        2
1746        1746        1        2
1720        1799        1        2
1667        1852        1        2
1588        1905        1        2
1535        1931        1        2
1508        1958        1        2
1455        2011        1        2
1402        2011        1        2
1376        1984        1        2
1349        1984        1        2
1323        1931        1        2
1323        1905        1        2
1349        1852        1        2
1402        1826        1        2
1455        1799        1        2
1508        1773        1        2
1588        1773        1        2
1640        1799        1        2
1720        1852        1        2
1799        1879        1        2
1852        1931        1        2
1931        1958        1        2
1984        1984        1        2
2037        2011        1        2
2090        2037        1        2
2117        2064        1        2
2143        2090        1        2
2170        2090        1        2
2196        2064        1        2
2196        2037        1        2
2196        1984        1        2
2196        1931        1        2
2170        1879        1        2
2170        1799        1        2
2170        1720        1        2
2170        1667        1        2
2143        1588        1        2
2143        1535        1        2
2143        1482        1        2
2117        1429        1        2
2117        1402        1        2
2117        1376        1        2
2090        1349        1        2
2090        1323        1        2
2090        1296        1        2
2090        1270        1        2
2090        1244        1        2
2064        1217        1        2
2064        1191        1        2
2064        1164        1        2
PEN_UP                  0
PEN_DOWN
2223        2117        1        3
2249        2117        1        3
2302        2143        1        3
2302        2170        1        3
2302        2196        1        3
2328        2249        1        3
2328        2275        1        3
2328        2328        1        3
2328        2355        1        3
2302        2381        1        3
2302        2434        1        3
2275        2461        1        3
2223        2487        1        3
2196        2514        1        3
2143        2540        1        3
2090        2540        1        3
2037        2487        1        3
2011        2461        1        3
1984        2408        1        3
1958        2355        1        3
1931        2302        1        3
1931        2275        1        3
1984        2223        1        3
2011        2170        1        3
2064        2143        1        3
2117        2117        1        3
2170        2090        1        3
2249        2090        1        3
2328        2117        1        3
2381        2170        1        3
2461        2196        1        3
2540        2249        1        3
2619        2302        1        3
2672        2355        1        3
2752        2381        1        3
2805        2434        1        3
2858        2461        1        3
2910        2514        1        3
2937        2540        1        3
2963        2566        1        3
2990        2540        1        3
2990        2514        1        3
3016        2461        1        3
2990        2381        1        3
2990        2302        1        3
2990        2196        1        3
2990        2090        1        3
2963        1984        1        3
2963        1852        1        3
2937        1746        1        3
2937        1614        1        3
2910        1535        1        3
2910        1455        1        3
2910        1376        1        3
2884        1323        1        3
2884        1296        1        3
2884        1270        1        3
2884        1244        1        3
2884        1217        1        3
PEN_UP                  0
PEN_DOWN
2858        1244        1        4
2884        1217        1        4
2963        1217        1        4
3043        1217        1        4
3149        1217        1        4
3228        1217        1        4
3334        1217        1        4
3387        1217        1        4
3466        1217        1        4
3493        1217        1        4
3545        1217        1        4
PEN_UP                  0
END_CHARACTER: MM
