CHARACTER_NAME: MND
STROKE_COUNT: 1
  X           Y   STYLUS_STATE STROKE
PEN_DOWN
1931        1535        1        1
1958        1535        1        1
1984        1535        1        1
2011        1535        1        1
2011        1561        1        1
2011        1588        1        1
2011        1614        1        1
1984        1614        1        1
1984        1640        1        1
1958        1640        1        1
1958        1667        1        1
1931        1693        1        1
1905        1693        1        1
1879        1720        1        1
1852        1720        1        1
1826        1746        1        1
1799        1746        1        1
1773        1746        1        1
1746        1746        1        1
1720        1746        1        1
1693        1746        1        1
1667        1746        1        1
1667        1720        1        1
1640        1720        1        1
1614        1693        1        1
1588        1667        1        1
1588        1640        1        1
1588        1614        1        1
1588        1588        1        1
1588        1561        1        1
1588        1535        1        1
1588        1508        1        1
1588        1482        1        1
1614        1455        1        1
1614        1429        1        1
1640        1402        1        1
1667        1402        1        1
1667        1376        1        1
1693        1349        1        1
1720        1323        1        1
1720        1296        1        1
1746        1296        1        1
1746        1270        1        1
1773        1244        1        1
1799        1244        1        1
1826        1217        1        1
1852        1217        1        1
1879        1191        1        1
1879        1164        1        1
1905        1164        1        1
1931        1164        1        1
1958        1164        1        1
1984        1138        1        1
2011        1138        1        1
2037        1138        1        1
2064        1138        1        1
2064        1164        1        1
2090        1164        1        1
2117        1164        1        1
2143        1191        1        1
2170        1191        1        1
2170        1217        1        1
2196        1217        1        1
2223        1244        1        1
2249        1270        1        1
2275        1296        1        1
2275        1323        1        1
2302        1349        1        1
2328        1376        1        1
2328        1402        1        1
2355        1429        1        1
2355        1455        1        1
2381        1482        1        1
2381        1508        1        1
2408        1535        1        1
2408        1561        1        1
2408        1588        1        1
2434        1614        1        1
2434        1640        1        1
2434        1667        1        1
2434        1693        1        1
2461        1693        1        1
2461        1667        1        1
2487        1667        1        1
2514        1640        1        1
2540        1640        1        1
2540        1614        1        1
2566        1614        1        1
2593        1588        1        1
2619        1588        1        1
2619        1561        1        1
2646        1561        1        1
2646        1535        1        1
2672        1535        1        1
2699        1508        1        1
2725        1482        1        1
2752        1455        1        1
2778        1429        1        1
2805        1429        1        1
2831        1402        1        1
2858        1376        1        1
2884        1376        1        1
2910        1349        1        1
2937        1349        1        1
2963        1349        1        1
2990        1323        1        1
3016        1296        1        1
3043        1296        1        1
3069        1270        1        1
3096        1270        1        1
3122        1244        1        1
3149        1217        1        1
3175        1244        1        1
3175        1270        1        1
3175        1296        1        1
3175        1323        1        1
3175        1349        1        1
3175        1376        1        1
3149        1402        1        1
3149        1429        1        1
3149        1482        1        1
3122        1508        1        1
3122        1561        1        1
3096        1588        1        1
3096        1640        1        1
3069        1667        1        1
3043        1720        1        1
3016        1746        1        1
3016        1773        1        1
2990        1826        1        1
2963        1852        1        1
2937        1879        1        1
2910        1905        1        1
2884        1931        1        1
2858        1958        1        1
2831        1984        1        1
2805        2011        1        1
2778        2037        1        1
2752        2064        1        1
2699        2090        1        1
2672        2117        1        1
2646        2143        1        1
2619        2143        1        1
2593        2170        1        1
2566        2196        1        1
2540        2196        1        1
2514        2223        1        1
2487        2223        1        1
2461        2249        1        1
2434        2249        1        1
2408        2275        1        1
2381        2275        1        1
2355        2275        1        1
2328        2275        1        1
2302        2275        1        1
2275        2249        1        1
2275        2223        1        1
2275        2196        1        1
2302        2196        1        1
2302        2170        1        1
2328        2170        1        1
2328        2143        1        1
2355        2143        1        1
2355        2117        1        1
2381        2117        1        1
2381        2090        1        1
2408        2090        1        1
2408        2064        1        1
2434        2064        1        1
2461        2064        1        1
2461        2037        1        1
2487        2037        1        1
2514        2037        1        1
2540        2037        1        1
2540        2064        1        1
2566        2064        1        1
2593        2064        1        1
2619        2064        1        1
2646        2090        1        1
2672        2090        1        1
2699        2117        1        1
2725        2117        1        1
2752        2143        1        1
2778        2170        1        1
2805        2170        1        1
2805        2196        1        1
2831        2223        1        1
2858        2249        1        1
2858        2275        1        1
2884        2302        1        1
2884        2328        1        1
2910        2381        1        1
2910        2408        1        1
2937        2434        1        1
2937        2461        1        1
2937        2514        1        1
2963        2540        1        1
2963        2566        1        1
2963        2593        1        1
2963        2646        1        1
2963        2672        1        1
2963        2699        1        1
2963        2725        1        1
2963        2752        1        1
2963        2778        1        1
2937        2778        1        1
2937        2805        1        1
2910        2831        1        1
2910        2858        1        1
2884        2884        1        1
2858        2884        1        1
2831        2910        1        1
2805        2937        1        1
2778        2937        1        1
2752        2963        1        1
2725        2963        1        1
2699        2990        1        1
2672        2990        1        1
2646        3016        1        1
2593        3016        1        1
2566        3043        1        1
2514        3043        1        1
2487        3043        1        1
2434        3043        1        1
2408        3043        1        1
2355        3043        1        1
2328        3043        1        1
2275        3043        1        1
2223        3043        1        1
2170        3016        1        1
2143        3016        1        1
2090        3016        1        1
2037        2990        1        1
1984        2990        1        1
1905        2963        1        1
1852        2963        1        1
1799        2937        1        1
1720        2910        1        1
1667        2858        1        1
1588        2831        1        1
1535        2778        1        1
1482        2752        1        1
1429        2699        1        1
1402        2646        1        1
1349        2593        1        1
1323        2540        1        1
1296        2487        1        1
1296        2434        1        1
1270        2381        1        1
1244        2355        1        1
1244        2302        1        1
1244        2275        1        1
1217        2223        1        1
1217        2196        1        1
1217        2170        1        1
1217        2143        1        1
1191        2143        1        1
1191        2117        1        1
1191        2090        1        1
1164        2090        1        1
1138        2064        1        1
1111        2037        1        1
1085        2011        1        1
1111        2011        1        1
PEN_UP                  0
END_CHARACTER: MND
