CHARACTER_NAME: FN
STROKE_COUNT: 4
  X           Y   STYLUS_STATE STROKE
PEN_DOWN
1005        1164        1        1
1005        1138        1        1
 979        1138        1        1
 953        1138        1        1
 953        1164        1        1
 926        1164        1        1
 926        1138        1        1
 953        1138        1        1
 979        1138        1        1
1005        1138        1        1
1032        1138        1        1
1058        1138        1        1
1085        1138        1        1
1138        1138        1        1
1164        1138        1        1
1217        1111        1        1
1244        1111        1        1
1296        1111        1        1
1323        1111        1        1
1376        1111        1        1
1402        1111        1        1
1455        1111        1        1
1482        1085        1        1
1535        1085        1        1
1561        1085        1        1
1588        1085        1        1
1640        1085        1        1
1667        1085        1        1
1693        1085        1        1
1720        1085        1        1
1773        1085        1        1
1799        1085        1        1
1826        1085        1        1
1852        1085        1        1
1905        1085        1        1
1931        1085        1        1
1958        1085        1        1
2011        1085        1        1
2037        1085        1        1
2064        1058        1        1
2090        1058        1        1
2143        1058        1        1
2170        1058        1        1
2196        1058        1        1
2249        1058        1        1
2275        1058        1        1
2302        1058        1        1
2328        1058        1        1
2355        1058        1        1
2381        1058        1        1
2408        1058        1        1
2434        1058        1        1
2461        1058        1        1
2461        1032        1        1
2487        1032        1        1
2514        1032        1        1
2487        1058        1        1
PEN_UP                  0
PEN_DOWN
1138        1217        1        2
1164        1244        1        2
1191        1244        1        2
1217        1244        1        2
1244        1270        1        2
1270        1270        1        2
1296        1296        1        2
1323        1296        1        2
1349        1296        1        2
1376        1296        1        2
1376        1323        1        2
1402        1323        1        2
1429        1323        1        2
1429        1349        1        2
1455        1349        1        2
1482        1376        1        2
1508        1376        1        2
1535        1402        1        2
1561        1402        1        2
1588        1429        1        2
1614        1429        1        2
1614        1455        1        2
1640        1455        1        2
1667        1455        1        2
1667        1482        1        2
1693        1482        1        2
1720        1508        1        2
1746        1508        1        2
1773        1535        1        2
1799        1535        1        2
1826        1561        1        2
1852        1561        1        2
1852        1588        1        2
1879        1588        1        2
1879        1614        1        2
1905        1614        1        2
1905        1640        1        2
1931        1640        1        2
1905        1640        1        2
1879        1640        1        2
1879        1667        1        2
1852        1667        1        2
1826        1667        1        2
1799        1667        1        2
1773        1693        1        2
1746        1693        1        2
1720        1720        1        2
1693        1720        1        2
1667        1720        1        2
1640        1746        1        2
1614        1746        1        2
1588        1746        1        2
1561        1773        1        2
1535        1773        1        2
1508        1799        1        2
1482        1799        1        2
1455        1826        1        2
1429        1852        1        2
1402        1852        1        2
1376        1879        1        2
1349        1879        1        2
1323        1879        1        2
1296        1905        1        2
1270        1905        1        2
1244        1905        1        2
1217        1905        1        2
1191        1905        1        2
1164        1905        1        2
1164        1931        1        2
1138        1905        1        2
1138        1931        1        2
1111        1931        1        2
1138        1931        1        2
1164        1905        1        2
1191        1905        1        2
1217        1905        1        2
1270        1905        1        2
1296        1931        1        2
1323        1931        1        2
1376        1931        1        2
1402        1931        1        2
1455        1958        1        2
1508        1958        1        2
1535        1958        1        2
1561        1984        1        2
1588        1984        1        2
1614        1984        1        2
1640        2011        1        2
1667        2011        1        2
1693        2037        1        2
1720        2037        1        2
1746        2064        1        2
1799        2090        1        2
1826        2090        1        2
1852        2117        1        2
1879        2117        1        2
1905        2143        1        2
1931        2143        1        2
1958        2170        1        2
1984        2170        1        2
1984        2196        1        2
2011        2196        1        2
2037        2223        1        2
2064        2249        1        2
2090        2249        1        2
2090        2275        1        2
2117        2275        1        2
2117        2302        1        2
2143        2302        1        2
2170        2328        1        2
2170        2355        1        2
2196        2355        1        2
2196        2381        1        2
2223        2381        1        2
2223        2408        1        2
2249        2408        1        2
2249        2434        1        2
2275        2461        1        2
2302        2461        1        2
2302        2487        1        2
2302        2514        1        2
2328        2514        1        2
2302        2487        1        2
2302        2461        1        2
2275        2461        1        2
2275        2434        1        2
2275        2408        1        2
2275        2381        1        2
2275        2355        1        2
2249        2328        1        2
2249        2302        1        2
2249        2275        1        2
2249        2249        1        2
2249        2223        1        2
2249        2170        1        2
2249        2143        1        2
2249        2117        1        2
2249        2090        1        2
2223        2064        1        2
2223        2011        1        2
2223        1984        1        2
2223        1958        1        2
2223        1905        1        2
2223        1879        1        2
2223        1852        1        2
2223        1826        1        2
2223        1799        1        2
2196        1773        1        2
2196        1746        1        2
2196        1720        1        2
2196        1693        1        2
2196        1667        1        2
2170        1640        1        2
2170        1614        1        2
2170        1588        1        2
2170        1561        1        2
2170        1535        1        2
2170        1508        1        2
2170        1482        1        2
2170        1455        1        2
2170        1429        1        2
2170        1402        1        2
2170        1376        1        2
2170        1349        1        2
2170        1323        1        2
2170        1296        1        2
2170        1270        1        2
2170        1244        1        2
2170        1217        1        2
2170        1191        1        2
2170        1164        1        2
2170        1138        1        2
2170        1111        1        2
2170        1085        1        2
2143        1085        1        2
2143        1058        1        2
2143        1085        1        2
2143        1111        1        2
2117        1138        1        2
PEN_UP                  0
PEN_DOWN
2170        1482        1        3
2170        1455        1        3
2196        1455        1        3
2196        1429        1        3
2223        1402        1        3
2249        1376        1        3
2275        1376        1        3
2275        1349        1        3
2302        1349        1        3
2328        1323        1        3
2355        1323        1        3
2381        1323        1        3
2408        1296        1        3
2434        1296        1        3
2461        1296        1        3
2487        1296        1        3
2514        1296        1        3
2540        1296        1        3
2566        1296        1        3
2566        1323        1        3
2593        1323        1        3
2619        1349        1        3
2619        1376        1        3
2646        1402        1        3
2619        1429        1        3
2619        1455        1        3
2593        1482        1        3
2593        1508        1        3
2566        1508        1        3
2566        1535        1        3
2540        1561        1        3
2514        1588        1        3
2487        1588        1        3
2461        1614        1        3
2461        1640        1        3
2434        1640        1        3
2408        1667        1        3
2381        1667        1        3
2355        1693        1        3
2328        1693        1        3
2302        1720        1        3
2275        1720        1        3
2302        1693        1        3
2328        1693        1        3
2355        1693        1        3
2381        1693        1        3
2408        1693        1        3
2434        1693        1        3
2461        1693        1        3
2487        1693        1        3
2514        1720        1        3
2540        1720        1        3
2566        1746        1        3
2593        1773        1        3
2619        1799        1        3
2646        1826        1        3
2646        1852        1        3
2672        1852        1        3
2672        1879        1        3
2672        1905        1        3
2699        1931        1        3
2699        1958        1        3
2699        1984        1        3
2699        2011        1        3
2672        2037        1        3
2672        2064        1        3
2646        2090        1        3
2646        2117        1        3
2619        2117        1        3
2593        2143        1        3
2566        2143        1        3
2566        2170        1        3
2540        2170        1        3
2514        2170        1        3
2487        2170        1        3
2461        2170        1        3
2434        2170        1        3
2408        2143        1        3
2381        2143        1        3
2355        2143        1        3
2355        2117        1        3
2328        2117        1        3
2302        2117        1        3
2302        2090        1        3
2275        2064        1        3
2249        2037        1        3
2249        2011        1        3
2223        2011        1        3
2223        1984        1        3
2223        1958        1        3
2196        1958        1        3
PEN_UP                  0
PEN_DOWN
1852        1667        1        4
1852        1693        1        4
1879        1693        1        4
1879        1720        1        4
1905        1720        1        4
1905        1746        1        4
1931        1746        1        4
1958        1773        1        4
1984        1773        1        4
2011        1773        1        4
2011        1799        1        4
2037        1799        1        4
2064        1799        1        4
2090        1799        1        4
2117        1826        1        4
2143        1826        1        4
2170        1826        1        4
2196        1826        1        4
2196        1852        1        4
2223        1852        1        4
2249        1852        1        4
2275        1852        1        4
2302        1852        1        4
2302        1879        1        4
2328        1879        1        4
2355        1879        1        4
2355        1905        1        4
2381        1905        1        4
2408        1905        1        4
2381        1905        1        4
2355        1905        1        4
2328        1905        1        4
PEN_UP                  0
END_CHARACTER: FN
