CHARACTER_NAME: TSR
STROKE_COUNT: 3
  X           Y   STYLUS_STATE STROKE
PEN_DOWN
1164        1244        1        1
1191        1244        1        1
1217        1244        1        1
1244        1217        1        1
1270        1217        1        1
1296        1191        1        1
1349        1191        1        1
1402        1191        1        1
1429        1217        1        1
1482        1217        1        1
1535        1244        1        1
1588        1244        1        1
1640        1270        1        1
1693        1323        1        1
1720        1349        1        1
1773        1376        1        1
1826        1429        1        1
1852        1482        1        1
1879        1508        1        1
1931        1561        1        1
1958        1614        1        1
1984        1640        1        1
2011        1693        1        1
2011        1720        1        1
2011        1773        1        1
2037        1799        1        1
2011        1826        1        1
2011        1852        1        1
1984        1879        1        1
1984        1905        1        1
1958        1931        1        1
1905        1931        1        1
1879        1931        1        1
1852        1958        1        1
1799        1958        1        1
1773        1931        1        1
1746        1931        1        1
1693        1931        1        1
1667        1905        1        1
1640        1879        1        1
1640        1852        1        1
1614        1826        1        1
1614        1799        1        1
1614        1746        1        1
1640        1720        1        1
1640        1667        1        1
1667        1640        1        1
1667        1588        1        1
1720        1561        1        1
1746        1535        1        1
1799        1508        1        1
1852        1508        1        1
1931        1482        1        1
2011        1508        1        1
2064        1508        1        1
2143        1535        1        1
2196        1561        1        1
2249        1588        1        1
2302        1614        1        1
2328        1667        1        1
2381        1693        1        1
2381        1746        1        1
2408        1773        1        1
2408        1799        1        1
2408        1826        1        1
2408        1852        1        1
2381        1879        1        1
2355        1905        1        1
2328        1931        1        1
2302        1931        1        1
2275        1931        1        1
2249        1958        1        1
2196        1931        1        1
2170        1931        1        1
2117        1931        1        1
2090        1905        1        1
2064        1879        1        1
2037        1852        1        1
2011        1826        1        1
1984        1773        1        1
1958        1720        1        1
1958        1667        1        1
1931        1614        1        1
1931        1561        1        1
1958        1508        1        1
1958        1455        1        1
1958        1402        1        1
1984        1376        1        1
1984        1323        1        1
2011        1296        1        1
2011        1270        1        1
2011        1244        1        1
2037        1217        1        1
2037        1191        1        1
2064        1191        1        1
2090        1191        1        1
2117        1191        1        1
2170        1191        1        1
2196        1217        1        1
2249        1217        1        1
2328        1217        1        1
2381        1244        1        1
2461        1244        1        1
2514        1244        1        1
2593        1270        1        1
2646        1270        1        1
2725        1296        1        1
2778        1296        1        1
2831        1296        1        1
2884        1323        1        1
2910        1323        1        1
2937        1323        1        1
2963        1323        1        1
2990        1349        1        1
3016        1349        1        1
3043        1349        1        1
3069        1323        1        1
PEN_UP                  0
PEN_DOWN
3122         953        1        2
3096         979        1        2
3096        1032        1        2
3096        1085        1        2
3096        1138        1        2
3096        1217        1        2
3069        1323        1        2
3069        1429        1        2
3069        1535        1        2
3043        1640        1        2
3043        1773        1        2
3016        1879        1        2
3016        2011        1        2
2990        2117        1        2
2963        2249        1        2
2937        2355        1        2
2910        2461        1        2
2884        2566        1        2
2858        2646        1        2
2831        2725        1        2
2831        2805        1        2
2805        2858        1        2
2805        2910        1        2
2778        2963        1        2
2778        2990        1        2
2778        3016        1        2
2778        3043        1        2
2778        3069        1        2
2778        3096        1        2
2778        3122        1        2
2778        3096        1        2
2778        3069        1        2
2778        3043        1        2
2778        3016        1        2
2778        2990        1        2
2752        2963        1        2
2752        2937        1        2
2752        2884        1        2
2725        2858        1        2
2725        2805        1        2
2699        2778        1        2
2672        2752        1        2
2646        2725        1        2
2619        2699        1        2
2566        2672        1        2
2514        2672        1        2
2461        2672        1        2
2381        2672        1        2
2328        2699        1        2
2249        2725        1        2
2143        2778        1        2
2064        2831        1        2
1984        2884        1        2
1879        2937        1        2
1773        3016        1        2
1693        3069        1        2
1588        3122        1        2
1482        3175        1        2
1402        3228        1        2
1296        3254        1        2
1217        3281        1        2
1138        3281        1        2
1058        3254        1        2
 979        3228        1        2
 900        3201        1        2
 847        3175        1        2
 794        3149        1        2
 741        3096        1        2
 688        3069        1        2
 661        3069        1        2
 635        3043        1        2
 609        3043        1        2
 609        3016        1        2
 635        3016        1        2
PEN_UP                  0
PEN_DOWN
3096         979        1        3
3122         979        1        3
3175         979        1        3
3201         979        1        3
3254         979        1        3
3307         979        1        3
3360         979        1        3
3413         979        1        3
3493         979        1        3
3545         979        1        3
3598         953        1        3
3625         953        1        3
3678         953        1        3
3704         953        1        3
3731         953        1        3
3704         953        1        3
3678         979        1        3
3678        1005        1        3
PEN_UP                  0
END_CHARACTER: TSR
