CHARACTER_NAME: TINI
STROKE_COUNT: 1
  X           Y   STYLUS_STATE STROKE
PEN_DOWN
2778        1323        1        1
2752        1349        1        1
2752        1376        1        1
2725        1376        1        1
2699        1402        1        1
2672        1402        1        1
2646        1402        1        1
2619        1429        1        1
2566        1429        1        1
2540        1429        1        1
2514        1429        1        1
2487        1402        1        1
2461        1402        1        1
2434        1376        1        1
2434        1349        1        1
2434        1323        1        1
2461        1296        1        1
2461        1270        1        1
2461        1244        1        1
2487        1244        1        1
2514        1217        1        1
2540        1217        1        1
2566        1217        1        1
2593        1244        1        1
2646        1270        1        1
2699        1296        1        1
2778        1349        1        1
2831        1402        1        1
2884        1455        1        1
2937        1535        1        1
2990        1588        1        1
3043        1667        1        1
3069        1720        1        1
3096        1799        1        1
3096        1879        1        1
3096        1931        1        1
3069        2011        1        1
3069        2090        1        1
3016        2170        1        1
2990        2223        1        1
2963        2302        1        1
2910        2355        1        1
2858        2408        1        1
2831        2461        1        1
2778        2487        1        1
2725        2514        1        1
2646        2540        1        1
2593        2540        1        1
2514        2540        1        1
2434        2540        1        1
2328        2514        1        1
2249        2461        1        1
2143        2408        1        1
2037        2355        1        1
1931        2275        1        1
1826        2223        1        1
1720        2143        1        1
1614        2090        1        1
1508        2011        1        1
1429        1958        1        1
1349        1879        1        1
1270        1826        1        1
1217        1773        1        1
1138        1720        1        1
1111        1667        1        1
1058        1640        1        1
1032        1588        1        1
 979        1535        1        1
 953        1508        1        1
 926        1482        1        1
 926        1455        1        1
 900        1429        1        1
 873        1429        1        1
 873        1402        1        1
 847        1402        1        1
PEN_UP                  0
END_CHARACTER: TINI
