CHARACTER_NAME: PAC
STROKE_COUNT: 1
  X           Y   STYLUS_STATE STROKE
PEN_DOWN
1535         609        1        1
1508         609        1        1
1508         635        1        1
1508         661        1        1
1535         661        1        1
1535         688        1        1
1561         714        1        1
1588         741        1        1
1640         794        1        1
1693         820        1        1
1773         847        1        1
1879         873        1        1
1958         900        1        1
2090         926        1        1
2196         926        1        1
2302         953        1        1
2434         953        1        1
2540         953        1        1
2646         953        1        1
2725         953        1        1
2778         953        1        1
2831         953        1        1
2884         953        1        1
2910         926        1        1
2937         926        1        1
2963         926        1        1
2963         900        1        1
2937         900        1        1
2910         900        1        1
2884         900        1        1
2858         900        1        1
2831         900        1        1
2805         900        1        1
2778         900        1        1
2752         926        1        1
2725         926        1        1
2699         926        1        1
2672         953        1        1
2619         979        1        1
2566        1032        1        1
2540        1085        1        1
2487        1138        1        1
2434        1217        1        1
2381        1296        1        1
2328        1402        1        1
2249        1508        1        1
2196        1614        1        1
2170        1746        1        1
2117        1852        1        1
2090        1984        1        1
2090        2090        1        1
2090        2223        1        1
2090        2328        1        1
2117        2434        1        1
2143        2540        1        1
2196        2619        1        1
2249        2672        1        1
2275        2752        1        1
2328        2805        1        1
2355        2831        1        1
2408        2858        1        1
2434        2884        1        1
2461        2910        1        1
2487        2937        1        1
2514        2937        1        1
2540        2963        1        1
2566        2990        1        1
2593        2990        1        1
2593        3016        1        1
2619        3016        1        1
2646        3043        1        1
2619        3043        1        1
2619        3069        1        1
2593        3069        1        1
2566        3069        1        1
2540        3096        1        1
2514        3096        1        1
2461        3096        1        1
2434        3122        1        1
2381        3122        1        1
2328        3122        1        1
2275        3122        1        1
2223        3122        1        1
2143        3096        1        1
2064        3096        1        1
1984        3043        1        1
1905        3016        1        1
1826        2963        1        1
1746        2910        1        1
1667        2831        1        1
1588        2752        1        1
1535        2646        1        1
1455        2540        1        1
1402        2434        1        1
1349        2302        1        1
1296        2196        1        1
1270        2090        1        1
1217        1958        1        1
1191        1852        1        1
1191        1746        1        1
1164        1640        1        1
1164        1535        1        1
1164        1429        1        1
1164        1349        1        1
1191        1244        1        1
1217        1191        1        1
1244        1111        1        1
1270        1032        1        1
1296         979        1        1
1349         926        1        1
1376         873        1        1
1402         820        1        1
1429         794        1        1
1455         741        1        1
1482         714        1        1
1508         688        1        1
1535         661        1        1
1561         635        1        1
1561         609        1        1
1588         609        1        1
1588         582        1        1
1614         582        1        1
1614         556        1        1
1640         556        1        1
1667         556        1        1
1640         582        1        1
1640         609        1        1
PEN_UP                  0
END_CHARACTER: PAC
