CHARACTER_NAME: E
STROKE_COUNT: 3
  X           Y   STYLUS_STATE STROKE
PEN_DOWN
1561        1349        1        1
1535        1349        1        1
1561        1349        1        1
1588        1349        1        1
1588        1376        1        1
1614        1376        1        1
1640        1376        1        1
1667        1376        1        1
1693        1376        1        1
1720        1376        1        1
1773        1376        1        1
1799        1349        1        1
1826        1349        1        1
1852        1349        1        1
1905        1349        1        1
1931        1349        1        1
1958        1349        1        1
1984        1349        1        1
2011        1349        1        1
2037        1323        1        1
2064        1323        1        1
2117        1323        1        1
2143        1323        1        1
2170        1323        1        1
2196        1323        1        1
2249        1323        1        1
2275        1296        1        1
2302        1296        1        1
2328        1296        1        1
2355        1296        1        1
2381        1296        1        1
2408        1296        1        1
2434        1296        1        1
2487        1270        1        1
2514        1270        1        1
2540        1270        1        1
2566        1270        1        1
2593        1270        1        1
2619        1270        1        1
2646        1270        1        1
2672        1270        1        1
2699        1270        1        1
2725        1270        1        1
2752        1270        1        1
2778        1270        1        1
2805        1244        1        1
2831        1270        1        1
2858        1244        1        1
2884        1270        1        1
2910        1270        1        1
2937        1270        1        1
2963        1270        1        1
2990        1270        1        1
3016        1270        1        1
3043        1270        1        1
3069        1270        1        1
3096        1270        1        1
3122        1270        1        1
3149        1270        1        1
3175        1270        1        1
3201        1270        1        1
3228        1270        1        1
3254        1270        1        1
3281        1270        1        1
3307        1270        1        1
3334        1270        1        1
3360        1270        1        1
3387        1270        1        1
3413        1270        1        1
3440        1270        1        1
3466        1270        1        1
3493        1270        1        1
3519        1270        1        1
3545        1270        1        1
3572        1270        1        1
3598        1270        1        1
3625        1270        1        1
3651        1270        1        1
3678        1270        1        1
3704        1270        1        1
3731        1270        1        1
3731        1244        1        1
3757        1270        1        1
3731        1270        1        1
PEN_UP                  0
PEN_DOWN
2434        1667        1        2
2434        1693        1        2
2434        1720        1        2
2434        1746        1        2
2408        1746        1        2
2408        1773        1        2
2381        1799        1        2
2381        1826        1        2
2355        1826        1        2
2328        1826        1        2
2302        1826        1        2
2275        1826        1        2
2249        1826        1        2
2223        1826        1        2
2223        1799        1        2
2196        1799        1        2
2196        1773        1        2
2170        1746        1        2
2170        1720        1        2
2196        1693        1        2
2196        1667        1        2
2196        1640        1        2
2196        1614        1        2
2223        1588        1        2
2249        1561        1        2
2249        1535        1        2
2275        1535        1        2
2302        1508        1        2
2328        1482        1        2
2355        1482        1        2
2355        1455        1        2
2381        1455        1        2
2408        1455        1        2
2408        1429        1        2
2434        1429        1        2
2461        1429        1        2
2487        1429        1        2
2514        1429        1        2
2540        1429        1        2
2566        1429        1        2
2593        1429        1        2
2619        1429        1        2
2646        1429        1        2
2672        1429        1        2
2699        1429        1        2
2725        1455        1        2
2752        1455        1        2
2778        1455        1        2
2805        1482        1        2
2831        1482        1        2
2858        1482        1        2
2858        1508        1        2
2884        1508        1        2
2910        1535        1        2
2937        1561        1        2
2937        1588        1        2
2963        1614        1        2
2963        1640        1        2
2963        1667        1        2
2963        1693        1        2
2963        1720        1        2
2963        1746        1        2
2963        1773        1        2
2963        1799        1        2
2963        1826        1        2
2963        1852        1        2
2963        1879        1        2
2937        1905        1        2
2937        1931        1        2
2937        1958        1        2
2937        1984        1        2
2937        2011        1        2
2937        2037        1        2
2937        2064        1        2
2937        2090        1        2
2910        2090        1        2
2910        2117        1        2
2910        2143        1        2
2884        2143        1        2
2884        2170        1        2
2884        2196        1        2
2858        2223        1        2
2831        2249        1        2
2805        2275        1        2
2778        2302        1        2
2752        2328        1        2
2725        2355        1        2
2725        2381        1        2
2699        2408        1        2
2672        2434        1        2
2646        2461        1        2
2619        2487        1        2
2593        2514        1        2
2566        2540        1        2
2540        2566        1        2
2514        2593        1        2
2487        2593        1        2
2461        2619        1        2
2434        2646        1        2
2434        2672        1        2
2408        2672        1        2
2381        2672        1        2
2355        2699        1        2
2328        2699        1        2
2302        2699        1        2
2275        2725        1        2
2249        2725        1        2
2196        2725        1        2
2170        2699        1        2
2143        2699        1        2
2090        2699        1        2
2064        2699        1        2
2037        2699        1        2
1984        2672        1        2
1958        2672        1        2
1931        2672        1        2
1905        2646        1        2
1879        2646        1        2
1852        2619        1        2
1826        2593        1        2
1826        2566        1        2
1799        2540        1        2
1799        2514        1        2
1799        2487        1        2
1799        2461        1        2
1799        2434        1        2
1826        2408        1        2
1826        2381        1        2
1826        2355        1        2
1852        2328        1        2
1852        2302        1        2
1879        2275        1        2
1879        2249        1        2
1905        2223        1        2
1931        2196        1        2
1958        2170        1        2
1984        2170        1        2
2011        2170        1        2
2011        2143        1        2
2037        2143        1        2
2064        2143        1        2
2117        2143        1        2
2143        2143        1        2
2170        2170        1        2
2196        2170        1        2
2223        2170        1        2
2275        2196        1        2
2302        2223        1        2
2328        2249        1        2
2355        2275        1        2
2381        2302        1        2
2434        2328        1        2
2461        2381        1        2
2487        2408        1        2
2514        2461        1        2
2540        2487        1        2
2566        2514        1        2
2593        2566        1        2
2619        2593        1        2
2646        2619        1        2
2672        2672        1        2
2699        2699        1        2
2725        2752        1        2
2752        2778        1        2
2778        2831        1        2
2805        2858        1        2
2831        2884        1        2
2858        2910        1        2
2884        2937        1        2
2910        2963        1        2
2937        2990        1        2
2963        2990        1        2
2963        3016        1        2
2990        3016        1        2
3016        3043        1        2
3043        3043        1        2
3043        3069        1        2
3069        3069        1        2
3096        3069        1        2
3122        3069        1        2
3149        3069        1        2
3175        3069        1        2
3201        3043        1        2
3228        3043        1        2
3254        3016        1        2
3281        3016        1        2
3307        3016        1        2
3334        3016        1        2
3334        2990        1        2
3334        2963        1        2
PEN_UP                  0
PEN_DOWN
3201        1296        1        3
3228        1270        1        3
3228        1244        1        3
3254        1244        1        3
3254        1217        1        3
3254        1191        1        3
3254        1164        1        3
3254        1138        1        3
3228        1138        1        3
3228        1111        1        3
3228        1085        1        3
3228        1058        1        3
3201        1058        1        3
3201        1032        1        3
3175        1032        1        3
3175        1005        1        3
3149        1005        1        3
3149         979        1        3
3122         979        1        3
3096         979        1        3
3069         979        1        3
3043         953        1        3
3016         953        1        3
2990         953        1        3
2963         926        1        3
2937         926        1        3
2910         926        1        3
2910         900        1        3
2884         900        1        3
2858         900        1        3
2831         900        1        3
2805         900        1        3
2778         900        1        3
2752         900        1        3
2725         900        1        3
2725         926        1        3
2699         926        1        3
2672         926        1        3
2646         926        1        3
2619         953        1        3
2593         953        1        3
2566         953        1        3
2540         953        1        3
2514         953        1        3
2487         953        1        3
2461         953        1        3
2434         953        1        3
2408         953        1        3
2381         953        1        3
2355         953        1        3
2328         953        1        3
2275         953        1        3
2249         926        1        3
2223         926        1        3
2196         926        1        3
2170         926        1        3
2143         900        1        3
2117         900        1        3
2090         900        1        3
2064         900        1        3
2037         873        1        3
2011         873        1        3
1984         847        1        3
1958         847        1        3
1931         820        1        3
1905         820        1        3
1879         794        1        3
1852         794        1        3
1826         794        1        3
1799         767        1        3
1773         741        1        3
1746         741        1        3
1746         714        1        3
1720         688        1        3
1693         661        1        3
1693         635        1        3
1693         609        1        3
1693         582        1        3
1667         582        1        3
1667         556        1        3
1667         529        1        3
1640         503        1        3
1640         476        1        3
1614         476        1        3
1614         450        1        3
1614         423        1        3
1588         423        1        3
1588         397        1        3
1588         370        1        3
1588         397        1        3
1614         397        1        3
1640         397        1        3
1667         397        1        3
PEN_UP                  0
END_CHARACTER: E
