CHARACTER_NAME: ANSR
STROKE_COUNT: 2
  X           Y   STYLUS_STATE STROKE
PEN_DOWN
1693        1826        1        1
1693        1799        1        1
1693        1826        1        1
1720        1826        1        1
1746        1852        1        1
1773        1879        1        1
1799        1905        1        1
1826        1931        1        1
1879        1958        1        1
1905        2011        1        1
1958        2037        1        1
1984        2090        1        1
2037        2143        1        1
2090        2196        1        1
2117        2249        1        1
2170        2302        1        1
2223        2355        1        1
2249        2434        1        1
2302        2514        1        1
2355        2566        1        1
2381        2646        1        1
2434        2699        1        1
2461        2752        1        1
2487        2805        1        1
2514        2858        1        1
2540        2910        1        1
2566        2937        1        1
2593        2963        1        1
2593        2990        1        1
2619        3016        1        1
2619        3043        1        1
2646        3043        1        1
2646        3069        1        1
2672        3069        1        1
2672        3043        1        1
2646        3016        1        1
2646        2990        1        1
PEN_UP                  0
PEN_DOWN
2037        1455        1        2
2011        1482        1        2
2011        1508        1        2
1984        1535        1        2
1984        1561        1        2
1984        1588        1        2
1984        1614        1        2
2011        1614        1        2
2011        1640        1        2
2037        1667        1        2
2064        1693        1        2
2090        1720        1        2
2117        1720        1        2
2170        1720        1        2
2196        1746        1        2
2223        1746        1        2
2249        1746        1        2
2275        1746        1        2
2302        1746        1        2
2328        1746        1        2
2328        1720        1        2
2355        1720        1        2
2381        1720        1        2
2381        1693        1        2
2408        1667        1        2
2408        1640        1        2
2434        1614        1        2
2434        1588        1        2
2408        1561        1        2
2381        1535        1        2
2355        1535        1        2
2328        1508        1        2
2302        1482        1        2
2249        1482        1        2
2223        1482        1        2
2196        1455        1        2
2170        1455        1        2
2143        1482        1        2
2117        1482        1        2
2090        1482        1        2
2064        1508        1        2
2064        1535        1        2
2064        1588        1        2
2064        1614        1        2
PEN_UP                  0
END_CHARACTER: ANSR
