CHARACTER_NAME: KTT
STROKE_COUNT: 4
  X           Y   STYLUS_STATE STROKE
PEN_DOWN
1455        1244        1        1
1508        1244        1        1
1588        1244        1        1
1667        1217        1        1
1746        1217        1        1
1852        1217        1        1
1931        1217        1        1
2037        1191        1        1
2117        1191        1        1
2196        1191        1        1
2249        1191        1        1
2328        1191        1        1
2355        1191        1        1
2408        1191        1        1
2434        1191        1        1
2461        1191        1        1
2487        1191        1        1
2514        1191        1        1
2487        1217        1        1
2461        1217        1        1
PEN_UP                  0
PEN_DOWN
2037        1455        1        2
2011        1482        1        2
1984        1508        1        2
1931        1535        1        2
1905        1561        1        2
1879        1588        1        2
1905        1588        1        2
1826        1614        1        2
1799        1640        1        2
1879        1693        1        2
1773        1640        1        2
1746        1667        1        2
1720        1693        1        2
1693        1720        1        2
1667        1720        1        2
1667        1746        1        2
1640        1746        1        2
1614        1773        1        2
1588        1773        1        2
1561        1799        1        2
1535        1799        1        2
1535        1826        1        2
1508        1826        1        2
1535        1799        1        2
1561        1799        1        2
1588        1799        1        2
1614        1799        1        2
1614        1773        1        2
1640        1773        1        2
1667        1773        1        2
1693        1773        1        2
1720        1799        1        2
1746        1799        1        2
1773        1799        1        2
1826        1826        1        2
1852        1826        1        2
1879        1852        1        2
1931        1879        1        2
1958        1905        1        2
1984        1931        1        2
2011        1958        1        2
2037        1984        1        2
2064        2011        1        2
2090        2037        1        2
2117        2064        1        2
2117        2090        1        2
2143        2117        1        2
2170        2143        1        2
2170        2170        1        2
2196        2196        1        2
2196        2223        1        2
2223        2249        1        2
2223        2275        1        2
2196        2249        1        2
2196        2223        1        2
2196        2196        1        2
2170        2170        1        2
2170        2143        1        2
2170        2090        1        2
2170        2064        1        2
2170        2011        1        2
2170        1958        1        2
2170        1905        1        2
2170        1852        1        2
2170        1799        1        2
2196        1746        1        2
2196        1720        1        2
2196        1667        1        2
2223        1640        1        2
2223        1614        1        2
2223        1588        1        2
2223        1561        1        2
2223        1535        1        2
2223        1508        1        2
2196        1508        1        2
2170        1508        1        2
2143        1508        1        2
2143        1482        1        2
2170        1482        1        2
2196        1482        1        2
2223        1455        1        2
2249        1455        1        2
2275        1455        1        2
2328        1482        1        2
2355        1482        1        2
2355        1508        1        2
2381        1508        1        2
2381        1455        1        2
2434        1508        1        2
2461        1535        1        2
2514        1588        1        2
2540        1614        1        2
2566        1667        1        2
2593        1693        1        2
2619        1746        1        2
2619        1799        1        2
2619        1852        1        2
2619        1879        1        2
2619        1931        1        2
2619        1958        1        2
2593        1984        1        2
2566        2011        1        2
2566        2037        1        2
2540        2064        1        2
2514        2064        1        2
2487        2064        1        2
2434        2064        1        2
2408        2064        1        2
2381        2064        1        2
2355        2037        1        2
2328        2011        1        2
2328        1984        1        2
2302        1958        1        2
2328        1931        1        2
2328        1879        1        2
2355        1852        1        2
2408        1826        1        2
2434        1799        1        2
2487        1799        1        2
2514        1773        1        2
2566        1773        1        2
2593        1773        1        2
PEN_UP                  0
PEN_DOWN
2249        2196        1        3
2249        2249        1        3
2249        2275        1        3
2249        2328        1        3
2249        2355        1        3
2249        2408        1        3
2249        2461        1        3
2249        2514        1        3
2275        2593        1        3
2275        2619        1        3
2302        2672        1        3
2328        2725        1        3
2328        2752        1        3
2355        2778        1        3
2381        2805        1        3
2408        2805        1        3
2434        2831        1        3
2461        2831        1        3
2487        2805        1        3
2514        2805        1        3
2540        2778        1        3
2566        2778        1        3
2593        2752        1        3
2619        2725        1        3
2646        2699        1        3
2672        2646        1        3
2672        2619        1        3
2699        2593        1        3
2699        2540        1        3
2699        2514        1        3
2699        2487        1        3
2699        2461        1        3
2699        2434        1        3
2699        2408        1        3
2672        2408        1        3
2646        2434        1        3
2619        2461        1        3
2593        2487        1        3
2593        2514        1        3
2566        2566        1        3
2540        2593        1        3
2540        2646        1        3
2514        2672        1        3
2514        2725        1        3
2487        2752        1        3
2487        2778        1        3
2487        2805        1        3
PEN_UP                  0
PEN_DOWN
2461        1111        1        4
2487        1085        1        4
2487        1058        1        4
2461        1032        1        4
2461        1005        1        4
2434        1005        1        4
2434         979        1        4
2408         979        1        4
2408         953        1        4
2381         953        1        4
2381         926        1        4
2355         926        1        4
2328         926        1        4
2302         900        1        4
2275         900        1        4
2249         900        1        4
2223         900        1        4
2196         900        1        4
2170         900        1        4
2143         900        1        4
2117         926        1        4
2090         926        1        4
2037         926        1        4
2011         926        1        4
1984         953        1        4
1958         953        1        4
1931         953        1        4
1905         953        1        4
1879         979        1        4
1852         979        1        4
1799         979        1        4
1773         979        1        4
1746         979        1        4
1693         953        1        4
1667         953        1        4
1640         953        1        4
1614         926        1        4
1588         926        1        4
1561         926        1        4
1535         900        1        4
1535         873        1        4
1508         873        1        4
1508         847        1        4
1482         820        1        4
1482         794        1        4
1482         767        1        4
1482         741        1        4
1455         714        1        4
1455         688        1        4
1429         661        1        4
1429         635        1        4
1402         635        1        4
1402         609        1        4
1376         609        1        4
1376         582        1        4
PEN_UP                  0
END_CHARACTER: KTT
