CHARACTER_NAME: NDH
STROKE_COUNT: 3
  X           Y   STYLUS_STATE STROKE
PEN_DOWN
1270        1244        1        1
1244        1244        1        1
1270        1244        1        1
1270        1217        1        1
1296        1217        1        1
1323        1217        1        1
1376        1217        1        1
1402        1217        1        1
1455        1191        1        1
1508        1191        1        1
1588        1191        1        1
1640        1191        1        1
1720        1164        1        1
1799        1164        1        1
1879        1164        1        1
1958        1138        1        1
2064        1138        1        1
2143        1138        1        1
2223        1138        1        1
2275        1111        1        1
2355        1111        1        1
2434        1111        1        1
2487        1111        1        1
2566        1111        1        1
2619        1111        1        1
2672        1111        1        1
2725        1111        1        1
2778        1111        1        1
2831        1085        1        1
2884        1085        1        1
2937        1085        1        1
2963        1085        1        1
3016        1085        1        1
3043        1085        1        1
3069        1085        1        1
3096        1085        1        1
3122        1085        1        1
3149        1058        1        1
3175        1058        1        1
3201        1058        1        1
3228        1058        1        1
3254        1058        1        1
3281        1058        1        1
3307        1058        1        1
3307        1032        1        1
3281        1058        1        1
3254        1058        1        1
3228        1058        1        1
PEN_UP                  0
PEN_DOWN
2249        1720        1        2
2249        1746        1        2
2223        1746        1        2
2196        1746        1        2
2170        1773        1        2
2143        1773        1        2
2117        1773        1        2
2090        1773        1        2
2064        1799        1        2
2037        1799        1        2
2011        1799        1        2
2011        1773        1        2
1984        1773        1        2
1958        1773        1        2
1958        1746        1        2
1984        1746        1        2
1984        1720        1        2
2011        1720        1        2
2011        1693        1        2
2037        1693        1        2
2064        1667        1        2
2117        1667        1        2
2143        1640        1        2
2170        1640        1        2
2223        1640        1        2
2249        1640        1        2
2302        1667        1        2
2328        1667        1        2
2381        1693        1        2
2408        1720        1        2
2461        1746        1        2
2487        1773        1        2
2514        1799        1        2
2540        1826        1        2
2566        1852        1        2
2593        1879        1        2
2619        1905        1        2
2646        1931        1        2
2672        1931        1        2
2672        1958        1        2
2699        1958        1        2
2699        1984        1        2
2725        1984        1        2
2725        1958        1        2
2725        1931        1        2
2725        1905        1        2
2725        1879        1        2
2725        1852        1        2
2725        1826        1        2
2725        1799        1        2
2699        1773        1        2
2699        1746        1        2
2699        1693        1        2
2699        1667        1        2
2699        1614        1        2
2699        1561        1        2
2699        1535        1        2
2699        1482        1        2
2699        1429        1        2
2672        1376        1        2
2699        1376        1        2
2699        1323        1        2
2699        1296        1        2
2646        1270        1        2
2699        1244        1        2
2725        1217        1        2
2725        1191        1        2
2725        1164        1        2
2725        1138        1        2
2725        1111        1        2
2725        1085        1        2
2778        1164        1        2
2884        1296        1        2
2725        1058        1        2
2725        1032        1        2
2725        1058        1        2
2699        1058        1        2
PEN_UP                  0
PEN_DOWN
2699        1958        1        3
2672        1958        1        3
2672        1984        1        3
2646        1984        1        3
2646        2011        1        3
2619        2011        1        3
2619        2037        1        3
2593        2037        1        3
2566        2064        1        3
2540        2064        1        3
2514        2090        1        3
2487        2117        1        3
2461        2117        1        3
2434        2143        1        3
2408        2170        1        3
2381        2196        1        3
2355        2196        1        3
2328        2223        1        3
2275        2249        1        3
2249        2275        1        3
2223        2275        1        3
2196        2302        1        3
2170        2328        1        3
2143        2328        1        3
2117        2355        1        3
2090        2355        1        3
2064        2381        1        3
2037        2381        1        3
2037        2408        1        3
2011        2408        1        3
1984        2434        1        3
1958        2434        1        3
1931        2434        1        3
1905        2461        1        3
1879        2461        1        3
1852        2461        1        3
1826        2487        1        3
1773        2434        1        3
1746        2408        1        3
1852        2461        1        3
1879        2461        1        3
1931        2461        1        3
1958        2461        1        3
1984        2461        1        3
2037        2461        1        3
2090        2461        1        3
2117        2461        1        3
2170        2514        1        3
2170        2461        1        3
2223        2461        1        3
2223        2487        1        3
2275        2461        1        3
2328        2487        1        3
2355        2487        1        3
2408        2514        1        3
2461        2540        1        3
2487        2566        1        3
2540        2566        1        3
2566        2593        1        3
2593        2646        1        3
2593        2619        1        3
2619        2646        1        3
2646        2672        1        3
2672        2672        1        3
2699        2699        1        3
2725        2725        1        3
2752        2725        1        3
2752        2752        1        3
2778        2752        1        3
2778        2778        1        3
2805        2778        1        3
2805        2805        1        3
2831        2805        1        3
2805        2805        1        3
2831        2831        1        3
2805        2778        1        3
2805        2805        1        3
2805        2752        1        3
2778        2752        1        3
2778        2725        1        3
2778        2672        1        3
2778        2646        1        3
2778        2619        1        3
2752        2566        1        3
2752        2514        1        3
2752        2461        1        3
2752        2408        1        3
2752        2381        1        3
2752        2328        1        3
2725        2302        1        3
2725        2249        1        3
2725        2223        1        3
2725        2196        1        3
2725        2170        1        3
2699        2117        1        3
2699        2090        1        3
2699        2064        1        3
2699        2037        1        3
2672        2011        1        3
2672        1984        1        3
2672        1958        1        3
2699        1958        1        3
2619        1879        1        3
2619        1852        1        3
2487        1640        1        3
2461        1614        1        3
2461        1588        1        3
2699        1958        1        3
2725        1958        1        3
2752        1958        1        3
2778        1958        1        3
2699        1852        1        3
2831        1958        1        3
2858        1958        1        3
2910        2037        1        3
2884        1958        1        3
2910        1931        1        3
2937        1931        1        3
2963        1931        1        3
2990        1931        1        3
3016        1931        1        3
3043        1931        1        3
3069        1931        1        3
3069        1905        1        3
3096        1905        1        3
3122        1905        1        3
3149        1905        1        3
3175        1905        1        3
3201        1905        1        3
3228        1931        1        3
3360        2011        1        3
3387        2090        1        3
3387        2037        1        3
3360        2011        1        3
3413        2064        1        3
3175        1905        1        3
3175        1931        1        3
3149        1931        1        3
3149        1958        1        3
3149        1984        1        3
3149        2011        1        3
3122        2064        1        3
3122        2090        1        3
3122        2143        1        3
3122        2196        1        3
3122        2275        1        3
3122        2328        1        3
3122        2408        1        3
3122        2487        1        3
3149        2566        1        3
3149        2619        1        3
3149        2672        1        3
3175        2752        1        3
3175        2805        1        3
3175        2831        1        3
3122        2805        1        3
3201        2884        1        3
3175        2831        1        3
3201        2910        1        3
3096        2858        1        3
3228        2937        1        3
3307        2990        1        3
3228        2963        1        3
3254        2990        1        3
3254        3016        1        3
3281        3016        1        3
3175        2937        1        3
3281        3043        1        3
3307        3069        1        3
3334        3069        1        3
3360        3122        1        3
3334        3069        1        3
3440        3175        1        3
3466        3201        1        3
3545        3307        1        3
3360        3069        1        3
3360        3043        1        3
3360        3016        1        3
3387        3016        1        3
3360        3016        1        3
3360        2990        1        3
PEN_UP                  0
END_CHARACTER: NDH
