CHARACTER_NAME: LD
STROKE_COUNT: 3
  X           Y   STYLUS_STATE STROKE
PEN_DOWN
 900        1376        1        1
 926        1376        1        1
 926        1402        1        1
 953        1402        1        1
 979        1402        1        1
1005        1402        1        1
1032        1402        1        1
1058        1402        1        1
1111        1402        1        1
1138        1402        1        1
1191        1402        1        1
1244        1402        1        1
1296        1402        1        1
1349        1402        1        1
1402        1402        1        1
1482        1402        1        1
1535        1402        1        1
1614        1402        1        1
1667        1402        1        1
1746        1402        1        1
1799        1402        1        1
1852        1402        1        1
1931        1402        1        1
1984        1402        1        1
2037        1402        1        1
2090        1402        1        1
2143        1402        1        1
2196        1402        1        1
2249        1402        1        1
2302        1376        1        1
2355        1376        1        1
2408        1376        1        1
2461        1376        1        1
2514        1376        1        1
2566        1376        1        1
2619        1376        1        1
2672        1376        1        1
2752        1376        1        1
2805        1376        1        1
2858        1376        1        1
2910        1376        1        1
2963        1376        1        1
3043        1376        1        1
3096        1376        1        1
3149        1376        1        1
3201        1376        1        1
3254        1376        1        1
3307        1376        1        1
3334        1376        1        1
3360        1376        1        1
3387        1376        1        1
3413        1376        1        1
3440        1376        1        1
3466        1376        1        1
3493        1349        1        1
3519        1349        1        1
3545        1349        1        1
PEN_UP                  0
PEN_DOWN
1826        2275        1        2
1799        2302        1        2
1773        2302        1        2
1773        2328        1        2
1746        2328        1        2
1720        2328        1        2
1693        2328        1        2
1667        2328        1        2
1640        2328        1        2
1614        2328        1        2
1588        2328        1        2
1561        2302        1        2
1535        2302        1        2
1508        2275        1        2
1482        2275        1        2
1482        2249        1        2
1455        2249        1        2
1429        2223        1        2
1402        2196        1        2
1402        2170        1        2
1402        2143        1        2
1376        2143        1        2
1376        2090        1        2
1376        2037        1        2
1376        2011        1        2
1402        1984        1        2
1402        1958        1        2
1402        1931        1        2
1429        1931        1        2
1429        1905        1        2
1455        1879        1        2
1482        1879        1        2
1535        1852        1        2
1561        1826        1        2
1614        1826        1        2
1640        1799        1        2
1693        1799        1        2
1720        1773        1        2
1746        1773        1        2
1799        1773        1        2
1826        1773        1        2
1852        1773        1        2
1905        1773        1        2
1931        1773        1        2
1958        1773        1        2
2011        1799        1        2
2037        1799        1        2
2064        1826        1        2
2090        1826        1        2
2117        1852        1        2
2143        1879        1        2
2170        1905        1        2
2170        1931        1        2
2170        1958        1        2
2196        1984        1        2
2223        2011        1        2
2223        2037        1        2
2223        2064        1        2
2223        2090        1        2
2223        2117        1        2
2223        2090        1        2
2223        2064        1        2
2223        2037        1        2
2223        2011        1        2
2249        1984        1        2
2249        1958        1        2
2249        1931        1        2
2275        1931        1        2
2275        1905        1        2
2302        1905        1        2
2328        1879        1        2
2355        1879        1        2
2381        1879        1        2
2408        1852        1        2
2434        1852        1        2
2461        1879        1        2
2487        1879        1        2
2514        1879        1        2
2540        1905        1        2
2566        1905        1        2
2593        1905        1        2
2593        1931        1        2
2619        1931        1        2
2646        1931        1        2
PEN_UP                  0
PEN_DOWN
2831        1429        1        3
2831        1402        1        3
2805        1402        1        3
2778        1402        1        3
2778        1429        1        3
2752        1455        1        3
2752        1482        1        3
2725        1508        1        3
2725        1561        1        3
2725        1588        1        3
2725        1640        1        3
2699        1667        1        3
2699        1720        1        3
2699        1746        1        3
2699        1799        1        3
2672        1852        1        3
2672        1905        1        3
2672        1958        1        3
2672        2011        1        3
2672        2064        1        3
2672        2117        1        3
2672        2170        1        3
2672        2196        1        3
2672        2249        1        3
2672        2302        1        3
2672        2328        1        3
2672        2355        1        3
2672        2408        1        3
2672        2434        1        3
2672        2461        1        3
2672        2487        1        3
2672        2514        1        3
2672        2540        1        3
2672        2566        1        3
2672        2593        1        3
2699        2593        1        3
2699        2566        1        3
2699        2540        1        3
2725        2540        1        3
2752        2514        1        3
2752        2487        1        3
2778        2487        1        3
2778        2461        1        3
2805        2434        1        3
2831        2408        1        3
2858        2381        1        3
2884        2355        1        3
2910        2355        1        3
2910        2328        1        3
2937        2328        1        3
2963        2328        1        3
2990        2302        1        3
3016        2302        1        3
3043        2302        1        3
3069        2302        1        3
3096        2302        1        3
3122        2302        1        3
3149        2302        1        3
3175        2328        1        3
3201        2328        1        3
3228        2328        1        3
3254        2328        1        3
3254        2355        1        3
3281        2355        1        3
3307        2381        1        3
3334        2408        1        3
3360        2408        1        3
3360        2434        1        3
3387        2461        1        3
3387        2487        1        3
3413        2514        1        3
3440        2540        1        3
3440        2566        1        3
3440        2593        1        3
3440        2619        1        3
3440        2646        1        3
3466        2672        1        3
3466        2699        1        3
3440        2699        1        3
3440        2725        1        3
3440        2752        1        3
3440        2778        1        3
3413        2805        1        3
3413        2831        1        3
3413        2858        1        3
3387        2884        1        3
3387        2910        1        3
3360        2910        1        3
3360        2937        1        3
3360        2963        1        3
3334        2990        1        3
3307        3016        1        3
3281        3043        1        3
3254        3069        1        3
3228        3096        1        3
3201        3122        1        3
3175        3149        1        3
3149        3149        1        3
3122        3175        1        3
3096        3175        1        3
3069        3201        1        3
3043        3201        1        3
3016        3228        1        3
2990        3228        1        3
2963        3254        1        3
2937        3254        1        3
2910        3281        1        3
2884        3281        1        3
2831        3307        1        3
2805        3307        1        3
2778        3307        1        3
2725        3334        1        3
2699        3334        1        3
2672        3334        1        3
2619        3334        1        3
2593        3360        1        3
2566        3360        1        3
2540        3360        1        3
2514        3360        1        3
2487        3360        1        3
2461        3360        1        3
2434        3360        1        3
2381        3360        1        3
2355        3334        1        3
2328        3334        1        3
2302        3334        1        3
2275        3334        1        3
2249        3307        1        3
2223        3307        1        3
2196        3307        1        3
2170        3281        1        3
2117        3281        1        3
2117        3254        1        3
2064        3254        1        3
2037        3228        1        3
2011        3201        1        3
1984        3201        1        3
1958        3175        1        3
1931        3175        1        3
1905        3149        1        3
1879        3149        1        3
1879        3122        1        3
1852        3122        1        3
1826        3096        1        3
1799        3069        1        3
1773        3069        1        3
1746        3043        1        3
1720        3016        1        3
1693        2990        1        3
1667        2963        1        3
1640        2937        1        3
1614        2910        1        3
1588        2884        1        3
1561        2858        1        3
1535        2831        1        3
1508        2805        1        3
1482        2778        1        3
1455        2752        1        3
1429        2725        1        3
1402        2699        1        3
1376        2672        1        3
1349        2646        1        3
1296        2593        1        3
1270        2566        1        3
1244        2540        1        3
1191        2514        1        3
1164        2487        1        3
1111        2434        1        3
1058        2408        1        3
1032        2355        1        3
PEN_UP                  0
END_CHARACTER: LD
