CHARACTER_NAME: GGN
STROKE_COUNT: 3
  X           Y   STYLUS_STATE STROKE
PEN_DOWN
 873        1058        1        1
 900        1058        1        1
 926        1058        1        1
 953        1058        1        1
 979        1058        1        1
1005        1058        1        1
1032        1058        1        1
1058        1058        1        1
1085        1085        1        1
1111        1085        1        1
1164        1085        1        1
1191        1085        1        1
1244        1085        1        1
1270        1085        1        1
1323        1085        1        1
1376        1085        1        1
1429        1085        1        1
1482        1085        1        1
1535        1085        1        1
1588        1085        1        1
1614        1085        1        1
1667        1085        1        1
1720        1085        1        1
1773        1085        1        1
1799        1085        1        1
1852        1085        1        1
1905        1085        1        1
1958        1085        1        1
1984        1085        1        1
2037        1085        1        1
2064        1111        1        1
2117        1111        1        1
2143        1111        1        1
2170        1111        1        1
2196        1111        1        1
2249        1111        1        1
2275        1111        1        1
2302        1111        1        1
2328        1111        1        1
2381        1111        1        1
2408        1111        1        1
2461        1111        1        1
2487        1111        1        1
2540        1111        1        1
2566        1111        1        1
2619        1111        1        1
2646        1111        1        1
2699        1111        1        1
2725        1111        1        1
2752        1111        1        1
2805        1111        1        1
2831        1111        1        1
2858        1111        1        1
2884        1111        1        1
2910        1111        1        1
2937        1111        1        1
2963        1111        1        1
2990        1111        1        1
3016        1111        1        1
3043        1111        1        1
3069        1111        1        1
3096        1111        1        1
3122        1111        1        1
PEN_UP                  0
PEN_DOWN
2223        1191        1        2
2196        1217        1        2
2196        1244        1        2
2170        1244        1        2
2170        1270        1        2
2143        1296        1        2
2117        1323        1        2
2090        1376        1        2
2064        1402        1        2
2037        1429        1        2
2011        1455        1        2
1984        1508        1        2
1958        1535        1        2
1905        1561        1        2
1905        1588        1        2
1879        1614        1        2
1852        1667        1        2
1826        1693        1        2
1799        1720        1        2
1773        1746        1        2
1746        1773        1        2
1746        1799        1        2
1720        1826        1        2
1693        1852        1        2
1667        1879        1        2
1667        1905        1        2
1640        1905        1        2
1667        1905        1        2
1667        1879        1        2
1693        1879        1        2
1720        1852        1        2
1746        1852        1        2
1773        1852        1        2
1799        1852        1        2
1826        1826        1        2
1852        1826        1        2
1879        1826        1        2
1905        1826        1        2
1931        1826        1        2
1958        1826        1        2
1984        1826        1        2
2011        1826        1        2
2037        1826        1        2
2064        1826        1        2
2090        1826        1        2
2117        1826        1        2
2143        1852        1        2
2170        1852        1        2
2196        1852        1        2
2223        1879        1        2
2249        1879        1        2
2275        1879        1        2
2275        1905        1        2
2302        1905        1        2
2328        1905        1        2
2328        1931        1        2
2355        1931        1        2
2381        1958        1        2
2408        1958        1        2
2408        1984        1        2
2434        2011        1        2
2434        2037        1        2
2461        2064        1        2
2461        2117        1        2
2487        2143        1        2
2487        2170        1        2
2487        2196        1        2
2514        2223        1        2
2514        2249        1        2
2514        2275        1        2
2514        2302        1        2
2514        2328        1        2
2514        2355        1        2
2514        2381        1        2
2514        2408        1        2
2514        2434        1        2
2514        2461        1        2
2514        2487        1        2
2514        2514        1        2
2487        2514        1        2
2487        2540        1        2
2487        2566        1        2
2487        2593        1        2
2461        2619        1        2
2461        2646        1        2
2434        2672        1        2
2434        2699        1        2
2408        2699        1        2
2408        2725        1        2
2381        2725        1        2
2381        2752        1        2
2355        2752        1        2
2355        2778        1        2
2328        2778        1        2
2302        2778        1        2
2302        2805        1        2
2275        2805        1        2
2249        2805        1        2
2249        2831        1        2
2223        2831        1        2
2196        2831        1        2
2170        2858        1        2
2143        2858        1        2
2117        2858        1        2
2090        2858        1        2
2064        2858        1        2
2037        2858        1        2
2011        2858        1        2
1984        2858        1        2
1958        2858        1        2
1931        2858        1        2
1905        2858        1        2
1879        2858        1        2
1852        2831        1        2
1826        2831        1        2
1799        2831        1        2
1773        2805        1        2
1746        2805        1        2
1720        2805        1        2
1693        2778        1        2
1667        2778        1        2
1640        2778        1        2
1614        2752        1        2
1588        2725        1        2
1561        2725        1        2
1561        2699        1        2
1535        2699        1        2
1508        2672        1        2
1482        2646        1        2
1455        2619        1        2
1429        2593        1        2
1429        2566        1        2
1402        2566        1        2
1376        2540        1        2
1376        2514        1        2
1349        2487        1        2
1323        2461        1        2
1323        2434        1        2
1296        2408        1        2
1296        2381        1        2
1296        2355        1        2
1270        2328        1        2
1270        2302        1        2
1244        2249        1        2
1244        2223        1        2
1244        2196        1        2
1217        2143        1        2
1217        2090        1        2
1217        2064        1        2
1217        2011        1        2
1217        1984        1        2
1191        1958        1        2
1191        1931        1        2
1191        1905        1        2
1164        1879        1        2
1164        1852        1        2
1138        1826        1        2
1138        1799        1        2
1111        1773        1        2
1111        1746        1        2
PEN_UP                  0
PEN_DOWN
2302        1217        1        3
2302        1244        1        3
2328        1244        1        3
2328        1270        1        3
2328        1296        1        3
2355        1323        1        3
2355        1349        1        3
2355        1376        1        3
2355        1402        1        3
2381        1402        1        3
2381        1429        1        3
2381        1455        1        3
2408        1455        1        3
2408        1482        1        3
2408        1508        1        3
2434        1508        1        3
2434        1535        1        3
2434        1561        1        3
2434        1588        1        3
2434        1614        1        3
2461        1614        1        3
2461        1640        1        3
2461        1667        1        3
2487        1693        1        3
2487        1720        1        3
2487        1746        1        3
2487        1773        1        3
2514        1799        1        3
2514        1826        1        3
2514        1852        1        3
2514        1879        1        3
2514        1905        1        3
2514        1931        1        3
2514        1958        1        3
2540        1958        1        3
2540        1984        1        3
2540        2011        1        3
2540        1984        1        3
2540        1958        1        3
2566        1958        1        3
2566        1931        1        3
2566        1905        1        3
2593        1905        1        3
2593        1879        1        3
2619        1852        1        3
2619        1826        1        3
2646        1826        1        3
2646        1799        1        3
2672        1773        1        3
2699        1746        1        3
2725        1746        1        3
2752        1720        1        3
2778        1720        1        3
2805        1693        1        3
2831        1693        1        3
2884        1667        1        3
2910        1667        1        3
2937        1640        1        3
2963        1640        1        3
3016        1640        1        3
3043        1640        1        3
3069        1614        1        3
3096        1614        1        3
3122        1614        1        3
3149        1614        1        3
3175        1614        1        3
3201        1640        1        3
3228        1640        1        3
3254        1640        1        3
3281        1667        1        3
3307        1667        1        3
3334        1667        1        3
3360        1693        1        3
3387        1693        1        3
3387        1720        1        3
3413        1720        1        3
3413        1746        1        3
3440        1773        1        3
3440        1799        1        3
3440        1826        1        3
3440        1852        1        3
3413        1879        1        3
3413        1905        1        3
3387        1931        1        3
3360        1958        1        3
3334        1984        1        3
3307        2011        1        3
3281        2037        1        3
3228        2037        1        3
3201        2064        1        3
3175        2064        1        3
3149        2090        1        3
3122        2090        1        3
3096        2117        1        3
3069        2117        1        3
3043        2117        1        3
3016        2143        1        3
2990        2143        1        3
3016        2143        1        3
3016        2117        1        3
3043        2117        1        3
3069        2090        1        3
3096        2090        1        3
3122        2090        1        3
3149        2090        1        3
3175        2090        1        3
3201        2090        1        3
3228        2090        1        3
3254        2090        1        3
3281        2090        1        3
3307        2117        1        3
3334        2117        1        3
3360        2143        1        3
3387        2143        1        3
3413        2143        1        3
3413        2170        1        3
3440        2170        1        3
3466        2196        1        3
3466        2223        1        3
3493        2223        1        3
3493        2249        1        3
3493        2275        1        3
3519        2275        1        3
3519        2302        1        3
3519        2328        1        3
3519        2355        1        3
3519        2381        1        3
3545        2381        1        3
3545        2408        1        3
3545        2434        1        3
3545        2461        1        3
3545        2487        1        3
3519        2514        1        3
3519        2540        1        3
3493        2540        1        3
3493        2566        1        3
3493        2593        1        3
3466        2593        1        3
3466        2619        1        3
3440        2619        1        3
3440        2646        1        3
3413        2646        1        3
3387        2646        1        3
3387        2672        1        3
3360        2672        1        3
3334        2672        1        3
3307        2672        1        3
3307        2699        1        3
3281        2699        1        3
3254        2699        1        3
3228        2699        1        3
3201        2699        1        3
3175        2699        1        3
3149        2699        1        3
3122        2699        1        3
3096        2699        1        3
3069        2672        1        3
3043        2672        1        3
3016        2672        1        3
2990        2646        1        3
2963        2646        1        3
2937        2646        1        3
2910        2619        1        3
2884        2619        1        3
2858        2593        1        3
2831        2593        1        3
2805        2566        1        3
2778        2540        1        3
2752        2514        1        3
2725        2514        1        3
2725        2487        1        3
2699        2487        1        3
2699        2461        1        3
2672        2461        1        3
2672        2434        1        3
2646        2408        1        3
2646        2381        1        3
2619        2381        1        3
2619        2355        1        3
2593        2328        1        3
2593        2302        1        3
2593        2275        1        3
2566        2275        1        3
2566        2249        1        3
2566        2223        1        3
2566        2196        1        3
2540        2196        1        3
2540        2170        1        3
2540        2143        1        3
2540        2117        1        3
PEN_UP                  0
END_CHARACTER: GGN
