CHARACTER_NAME: DHRR
STROKE_COUNT: 3
  X           Y   STYLUS_STATE STROKE
PEN_DOWN
1561        1270        1        1
1561        1244        1        1
1535        1244        1        1
1535        1270        1        1
1535        1296        1        1
1561        1323        1        1
1588        1296        1        1
1614        1296        1        1
1640        1296        1        1
1667        1270        1        1
1693        1270        1        1
1720        1244        1        1
1720        1217        1        1
1746        1217        1        1
1746        1191        1        1
1746        1164        1        1
1746        1138        1        1
1746        1111        1        1
1720        1111        1        1
1720        1085        1        1
1720        1058        1        1
1693        1058        1        1
1693        1032        1        1
1667        1032        1        1
1667        1005        1        1
1640        1005        1        1
1640         979        1        1
1614         979        1        1
1588         953        1        1
1561         953        1        1
1535         953        1        1
1535         979        1        1
1508         979        1        1
1482         979        1        1
1455         979        1        1
1429         979        1        1
1429        1005        1        1
1402        1005        1        1
1376        1005        1        1
1349        1032        1        1
1323        1032        1        1
1296        1032        1        1
1296        1058        1        1
1270        1058        1        1
1244        1058        1        1
1217        1085        1        1
1191        1111        1        1
1164        1138        1        1
1138        1164        1        1
1138        1191        1        1
1111        1217        1        1
1111        1244        1        1
1111        1270        1        1
1085        1296        1        1
1085        1323        1        1
1085        1349        1        1
1085        1376        1        1
1085        1402        1        1
1085        1429        1        1
1085        1455        1        1
1085        1482        1        1
1085        1508        1        1
1085        1535        1        1
1085        1561        1        1
1111        1588        1        1
1111        1614        1        1
1111        1640        1        1
1138        1640        1        1
1138        1667        1        1
1164        1667        1        1
1164        1693        1        1
1191        1693        1        1
1217        1720        1        1
1244        1720        1        1
1270        1746        1        1
1296        1746        1        1
1323        1746        1        1
1349        1746        1        1
1402        1746        1        1
1429        1746        1        1
1482        1746        1        1
1535        1746        1        1
1561        1746        1        1
1588        1746        1        1
1640        1746        1        1
1667        1746        1        1
1693        1746        1        1
1720        1746        1        1
1773        1746        1        1
1799        1746        1        1
1852        1720        1        1
1879        1720        1        1
1905        1720        1        1
1958        1720        1        1
1984        1720        1        1
2011        1720        1        1
2037        1720        1        1
2064        1720        1        1
2090        1720        1        1
2090        1693        1        1
2117        1693        1        1
PEN_UP                  0
PEN_DOWN
2566        1244        1        2
2593        1244        1        2
2593        1217        1        2
2566        1217        1        2
2566        1244        1        2
2540        1244        1        2
2514        1270        1        2
2487        1270        1        2
2487        1296        1        2
2461        1296        1        2
2461        1323        1        2
2434        1323        1        2
2408        1349        1        2
2408        1376        1        2
2381        1376        1        2
2355        1402        1        2
2328        1429        1        2
2302        1455        1        2
2275        1482        1        2
2249        1508        1        2
2223        1535        1        2
2196        1535        1        2
2196        1561        1        2
2170        1561        1        2
2143        1588        1        2
2117        1614        1        2
2090        1640        1        2
2064        1667        1        2
2037        1667        1        2
2011        1693        1        2
1984        1720        1        2
1958        1746        1        2
1931        1773        1        2
1905        1773        1        2
1879        1799        1        2
1852        1826        1        2
1826        1826        1        2
1799        1852        1        2
1773        1879        1        2
1746        1879        1        2
1720        1905        1        2
1693        1931        1        2
1667        1958        1        2
1614        1958        1        2
1588        1984        1        2
1561        2011        1        2
1535        2037        1        2
1508        2064        1        2
1482        2090        1        2
1429        2117        1        2
1429        2143        1        2
1402        2143        1        2
1376        2170        1        2
1349        2196        1        2
1323        2223        1        2
1296        2223        1        2
1270        2249        1        2
1244        2275        1        2
1217        2275        1        2
1191        2302        1        2
1164        2328        1        2
1138        2328        1        2
1111        2355        1        2
1085        2355        1        2
1085        2381        1        2
1058        2381        1        2
1058        2408        1        2
1032        2408        1        2
1005        2434        1        2
 979        2434        1        2
 979        2461        1        2
 953        2461        1        2
 953        2487        1        2
 926        2487        1        2
 900        2487        1        2
 900        2514        1        2
 873        2514        1        2
 873        2540        1        2
 900        2540        1        2
 926        2540        1        2
 953        2540        1        2
 979        2540        1        2
1005        2566        1        2
1032        2566        1        2
1058        2566        1        2
1085        2566        1        2
1111        2566        1        2
1164        2593        1        2
1191        2593        1        2
1244        2593        1        2
1296        2593        1        2
1349        2619        1        2
1376        2619        1        2
1429        2646        1        2
1482        2672        1        2
1535        2672        1        2
1561        2699        1        2
1614        2725        1        2
1640        2725        1        2
1693        2752        1        2
1746        2778        1        2
1799        2805        1        2
1852        2831        1        2
1905        2858        1        2
1958        2884        1        2
1984        2910        1        2
2037        2937        1        2
2064        2990        1        2
2090        3016        1        2
2117        3043        1        2
2143        3069        1        2
2170        3096        1        2
2196        3122        1        2
2196        3149        1        2
2223        3175        1        2
2249        3201        1        2
2249        3228        1        2
2275        3254        1        2
2275        3281        1        2
2302        3281        1        2
2302        3307        1        2
2302        3334        1        2
2328        3334        1        2
2328        3360        1        2
2355        3387        1        2
2355        3413        1        2
2381        3413        1        2
2381        3440        1        2
2408        3440        1        2
2408        3466        1        2
2434        3466        1        2
2434        3493        1        2
2461        3519        1        2
2461        3493        1        2
2461        3466        1        2
2461        3440        1        2
2461        3413        1        2
2461        3387        1        2
2461        3334        1        2
2461        3307        1        2
2487        3281        1        2
2487        3228        1        2
2487        3201        1        2
2487        3175        1        2
2487        3122        1        2
2487        3069        1        2
2487        3043        1        2
2487        2990        1        2
2514        2937        1        2
2514        2910        1        2
2514        2858        1        2
2514        2831        1        2
2514        2778        1        2
2540        2752        1        2
2540        2725        1        2
2540        2699        1        2
2540        2646        1        2
2540        2619        1        2
2540        2566        1        2
2540        2540        1        2
2540        2487        1        2
2540        2461        1        2
2540        2434        1        2
2540        2381        1        2
2540        2355        1        2
2540        2328        1        2
2566        2302        1        2
2540        2275        1        2
2566        2249        1        2
2566        2196        1        2
2566        2170        1        2
2540        2117        1        2
2566        2090        1        2
2566        2037        1        2
2566        2011        1        2
2566        1984        1        2
2566        1958        1        2
2566        1931        1        2
2566        1905        1        2
2566        1879        1        2
2566        1852        1        2
2566        1826        1        2
2566        1799        1        2
2566        1773        1        2
2566        1746        1        2
2566        1720        1        2
2566        1693        1        2
2593        1667        1        2
2593        1640        1        2
2593        1614        1        2
2593        1588        1        2
2593        1561        1        2
2593        1535        1        2
2593        1508        1        2
2593        1482        1        2
2619        1482        1        2
2619        1455        1        2
2619        1429        1        2
2619        1402        1        2
2619        1376        1        2
2619        1349        1        2
2619        1323        1        2
2619        1296        1        2
2619        1270        1        2
2619        1244        1        2
2619        1217        1        2
2619        1191        1        2
2646        1191        1        2
2672        1191        1        2
2699        1191        1        2
2778        1191        1        2
2858        1191        1        2
2937        1191        1        2
3016        1191        1        2
3096        1191        1        2
3175        1191        1        2
3254        1191        1        2
3307        1191        1        2
3360        1191        1        2
3387        1191        1        2
3413        1191        1        2
3440        1191        1        2
3466        1191        1        2
3493        1217        1        2
PEN_UP                  0
PEN_DOWN
2434        3519        1        3
2461        3519        1        3
2461        3545        1        3
2434        3572        1        3
2434        3598        1        3
2434        3625        1        3
2434        3651        1        3
2434        3678        1        3
2434        3704        1        3
2434        3731        1        3
2434        3757        1        3
2434        3784        1        3
2434        3810        1        3
2434        3836        1        3
2434        3863        1        3
2434        3889        1        3
2434        3916        1        3
2408        3889        1        3
2408        3863        1        3
2381        3836        1        3
2381        3810        1        3
2355        3784        1        3
2355        3757        1        3
2328        3731        1        3
2302        3704        1        3
2275        3678        1        3
2275        3651        1        3
2249        3651        1        3
2249        3625        1        3
2223        3598        1        3
2196        3598        1        3
2170        3572        1        3
2143        3572        1        3
2117        3572        1        3
2090        3545        1        3
2064        3545        1        3
2037        3545        1        3
2011        3519        1        3
1984        3519        1        3
1958        3519        1        3
1931        3519        1        3
1905        3519        1        3
1879        3519        1        3
1852        3519        1        3
1826        3545        1        3
1799        3545        1        3
1773        3545        1        3
1720        3572        1        3
1693        3572        1        3
1667        3572        1        3
1640        3598        1        3
1614        3598        1        3
1588        3625        1        3
1561        3651        1        3
1535        3651        1        3
1508        3678        1        3
1482        3704        1        3
1455        3731        1        3
1429        3757        1        3
1402        3757        1        3
1376        3784        1        3
1349        3810        1        3
1323        3810        1        3
1296        3836        1        3
1270        3836        1        3
1244        3863        1        3
1217        3863        1        3
1191        3863        1        3
1138        3863        1        3
1111        3889        1        3
1085        3889        1        3
1032        3863        1        3
1005        3863        1        3
 953        3836        1        3
 900        3810        1        3
 847        3784        1        3
 820        3757        1        3
 767        3731        1        3
 741        3678        1        3
 714        3651        1        3
 688        3625        1        3
 661        3598        1        3
 661        3572        1        3
 661        3545        1        3
 661        3519        1        3
 661        3493        1        3
 661        3466        1        3
 661        3440        1        3
PEN_UP                  0
END_CHARACTER: DHRR
