CHARACTER_NAME: BRR
STROKE_COUNT: 3
  X           Y   STYLUS_STATE STROKE
PEN_DOWN
1058        1270        1        1
1085        1270        1        1
1111        1270        1        1
1138        1270        1        1
1164        1270        1        1
1217        1296        1        1
1270        1296        1        1
1349        1296        1        1
1429        1296        1        1
1535        1296        1        1
1640        1296        1        1
1746        1323        1        1
1879        1323        1        1
1984        1323        1        1
2090        1323        1        1
2223        1323        1        1
2328        1323        1        1
2434        1323        1        1
2540        1323        1        1
2619        1323        1        1
2699        1323        1        1
2778        1323        1        1
2831        1323        1        1
2858        1323        1        1
2884        1323        1        1
2910        1323        1        1
2937        1323        1        1
2963        1323        1        1
2990        1323        1        1
PEN_UP                  0
PEN_DOWN
2540        1376        1        2
2540        1402        1        2
2514        1429        1        2
2487        1455        1        2
2461        1482        1        2
2434        1508        1        2
2381        1535        1        2
2355        1561        1        2
2302        1588        1        2
2249        1640        1        2
2196        1667        1        2
2143        1720        1        2
2090        1746        1        2
2037        1799        1        2
1984        1826        1        2
1905        1879        1        2
1852        1931        1        2
1799        1958        1        2
1746        2011        1        2
1693        2064        1        2
1640        2090        1        2
1588        2143        1        2
1535        2196        1        2
1482        2223        1        2
1429        2249        1        2
1376        2275        1        2
1323        2302        1        2
1296        2328        1        2
1270        2355        1        2
1244        2381        1        2
1217        2381        1        2
1191        2408        1        2
1164        2408        1        2
1138        2434        1        2
1111        2434        1        2
1111        2461        1        2
1085        2461        1        2
1058        2487        1        2
1058        2514        1        2
1085        2514        1        2
1111        2514        1        2
1111        2540        1        2
1138        2540        1        2
1164        2566        1        2
1191        2566        1        2
1244        2593        1        2
1270        2619        1        2
1296        2619        1        2
1323        2646        1        2
1376        2672        1        2
1429        2699        1        2
1482        2725        1        2
1535        2752        1        2
1588        2778        1        2
1667        2805        1        2
1720        2831        1        2
1799        2884        1        2
1879        2910        1        2
1931        2963        1        2
2011        3016        1        2
2064        3043        1        2
2117        3096        1        2
2196        3149        1        2
2223        3175        1        2
2275        3228        1        2
2302        3254        1        2
2355        3307        1        2
2381        3334        1        2
2408        3360        1        2
2434        3387        1        2
2461        3413        1        2
2461        3440        1        2
2487        3440        1        2
2487        3466        1        2
2514        3466        1        2
2514        3440        1        2
2514        3413        1        2
2514        3387        1        2
2514        3360        1        2
2514        3334        1        2
2514        3307        1        2
2514        3281        1        2
2514        3254        1        2
2514        3228        1        2
2514        3175        1        2
2514        3149        1        2
2514        3122        1        2
2514        3069        1        2
2514        3043        1        2
2514        2990        1        2
2514        2963        1        2
2514        2937        1        2
2514        2910        1        2
2514        2858        1        2
2514        2831        1        2
2514        2778        1        2
2514        2752        1        2
2514        2699        1        2
2514        2672        1        2
2514        2646        1        2
2514        2593        1        2
2514        2566        1        2
2487        2540        1        2
2487        2487        1        2
2487        2461        1        2
2487        2434        1        2
2487        2381        1        2
2487        2328        1        2
2487        2302        1        2
2487        2249        1        2
2487        2223        1        2
2514        2170        1        2
2514        2117        1        2
2514        2090        1        2
2514        2037        1        2
2514        1984        1        2
2514        1958        1        2
2514        1931        1        2
2514        1905        1        2
2514        1879        1        2
2514        1852        1        2
2514        1826        1        2
2514        1799        1        2
2540        1773        1        2
2540        1746        1        2
2540        1720        1        2
2540        1693        1        2
2540        1667        1        2
2540        1640        1        2
2540        1614        1        2
2540        1588        1        2
2566        1588        1        2
2566        1561        1        2
2566        1535        1        2
2566        1508        1        2
2566        1482        1        2
2593        1482        1        2
2593        1455        1        2
2593        1429        1        2
2619        1402        1        2
2619        1376        1        2
2646        1376        1        2
2646        1349        1        2
2646        1376        1        2
PEN_UP                  0
PEN_DOWN
2566        3545        1        3
2566        3519        1        3
2566        3545        1        3
2566        3572        1        3
2566        3598        1        3
2566        3625        1        3
2566        3651        1        3
2566        3678        1        3
2566        3704        1        3
2566        3731        1        3
2566        3757        1        3
2566        3784        1        3
2566        3810        1        3
2566        3836        1        3
2566        3863        1        3
2566        3889        1        3
2540        3889        1        3
2540        3863        1        3
2514        3836        1        3
2487        3810        1        3
2487        3784        1        3
2461        3757        1        3
2461        3731        1        3
2434        3731        1        3
2408        3704        1        3
2381        3678        1        3
2355        3678        1        3
2328        3651        1        3
2275        3651        1        3
2249        3651        1        3
2223        3625        1        3
2196        3625        1        3
2170        3625        1        3
2143        3625        1        3
2090        3651        1        3
2064        3651        1        3
2037        3651        1        3
1984        3651        1        3
1958        3678        1        3
1931        3678        1        3
1879        3704        1        3
1852        3731        1        3
1799        3731        1        3
1773        3757        1        3
1746        3784        1        3
1693        3784        1        3
1667        3810        1        3
1614        3836        1        3
1588        3836        1        3
1535        3863        1        3
1482        3863        1        3
1429        3863        1        3
1376        3863        1        3
1323        3863        1        3
1270        3836        1        3
1191        3810        1        3
1111        3784        1        3
1058        3757        1        3
1005        3731        1        3
 953        3678        1        3
 926        3651        1        3
 900        3598        1        3
 873        3572        1        3
 847        3519        1        3
 847        3466        1        3
 847        3440        1        3
 847        3387        1        3
 847        3360        1        3
 847        3334        1        3
 847        3281        1        3
PEN_UP                  0
END_CHARACTER: BRR
