CHARACTER_NAME: MRR
STROKE_COUNT: 3
  X           Y   STYLUS_STATE STROKE
PEN_DOWN
1085        1270        1        1
1111        1270        1        1
1138        1270        1        1
1164        1270        1        1
1191        1296        1        1
1244        1296        1        1
1296        1296        1        1
1349        1296        1        1
1429        1296        1        1
1508        1296        1        1
1561        1270        1        1
1640        1270        1        1
1746        1270        1        1
1826        1270        1        1
1931        1270        1        1
2011        1296        1        1
2117        1296        1        1
2223        1296        1        1
2302        1296        1        1
2408        1296        1        1
2487        1296        1        1
2593        1296        1        1
2672        1323        1        1
2752        1323        1        1
2805        1323        1        1
2858        1323        1        1
2910        1323        1        1
2963        1296        1        1
2990        1296        1        1
3016        1296        1        1
3043        1296        1        1
3069        1296        1        1
3096        1296        1        1
3122        1296        1        1
PEN_UP                  0
PEN_DOWN
1799        1323        1        2
1773        1349        1        2
1746        1376        1        2
1746        1402        1        2
1720        1429        1        2
1693        1455        1        2
1667        1482        1        2
1640        1535        1        2
1614        1561        1        2
1588        1614        1        2
1535        1640        1        2
1508        1693        1        2
1482        1746        1        2
1429        1799        1        2
1402        1852        1        2
1376        1905        1        2
1323        1958        1        2
1296        2011        1        2
1270        2064        1        2
1244        2090        1        2
1217        2143        1        2
1191        2170        1        2
1164        2196        1        2
1164        2249        1        2
1138        2275        1        2
1111        2275        1        2
1111        2302        1        2
1085        2328        1        2
1058        2355        1        2
1058        2381        1        2
1032        2381        1        2
1032        2355        1        2
1058        2355        1        2
1058        2328        1        2
1085        2328        1        2
1085        2302        1        2
1111        2302        1        2
1138        2275        1        2
1164        2275        1        2
1191        2275        1        2
1217        2249        1        2
1244        2249        1        2
1270        2249        1        2
1296        2249        1        2
1349        2249        1        2
1376        2249        1        2
1429        2249        1        2
1482        2249        1        2
1508        2249        1        2
1561        2249        1        2
1588        2249        1        2
1640        2249        1        2
1693        2275        1        2
1720        2275        1        2
1773        2275        1        2
1799        2302        1        2
1852        2302        1        2
1879        2328        1        2
1931        2328        1        2
1984        2355        1        2
2011        2381        1        2
2064        2408        1        2
2090        2434        1        2
2117        2461        1        2
2143        2487        1        2
2170        2514        1        2
2196        2540        1        2
2196        2566        1        2
2223        2593        1        2
2223        2619        1        2
2223        2646        1        2
2223        2672        1        2
2223        2699        1        2
2223        2725        1        2
2223        2778        1        2
2223        2805        1        2
2196        2831        1        2
2196        2858        1        2
2196        2910        1        2
2170        2937        1        2
2143        2963        1        2
2117        3016        1        2
2090        3043        1        2
2064        3069        1        2
2037        3096        1        2
1984        3122        1        2
1958        3149        1        2
1905        3175        1        2
1879        3201        1        2
1826        3228        1        2
1799        3254        1        2
1746        3254        1        2
1720        3281        1        2
1667        3281        1        2
1614        3281        1        2
1588        3307        1        2
1535        3281        1        2
1508        3281        1        2
1482        3281        1        2
1429        3281        1        2
1402        3254        1        2
1376        3228        1        2
1349        3228        1        2
1349        3201        1        2
1323        3175        1        2
1296        3149        1        2
1296        3122        1        2
1270        3069        1        2
1270        3043        1        2
1270        3016        1        2
1270        2990        1        2
1296        2963        1        2
1296        2937        1        2
1296        2910        1        2
1323        2910        1        2
1349        2884        1        2
1376        2858        1        2
1402        2831        1        2
1429        2831        1        2
1482        2805        1        2
1535        2778        1        2
1588        2778        1        2
1640        2752        1        2
1693        2725        1        2
1746        2725        1        2
1799        2725        1        2
1879        2699        1        2
1931        2699        1        2
1984        2699        1        2
2037        2699        1        2
2064        2699        1        2
2117        2699        1        2
2170        2725        1        2
2196        2725        1        2
2249        2725        1        2
2275        2752        1        2
2328        2752        1        2
2355        2778        1        2
2408        2805        1        2
2461        2805        1        2
2514        2831        1        2
2540        2858        1        2
2593        2858        1        2
2619        2884        1        2
2646        2910        1        2
2672        2910        1        2
2672        2937        1        2
2699        2963        1        2
2725        2990        1        2
2725        3016        1        2
2752        3016        1        2
2752        3043        1        2
2778        3069        1        2
2778        3096        1        2
2805        3122        1        2
2805        3149        1        2
2831        3149        1        2
2831        3175        1        2
2831        3201        1        2
2858        3201        1        2
2858        3228        1        2
2858        3201        1        2
2858        3175        1        2
2858        3149        1        2
2858        3122        1        2
2858        3096        1        2
2858        3069        1        2
2858        3016        1        2
2858        2990        1        2
2858        2963        1        2
2858        2937        1        2
2858        2884        1        2
2858        2858        1        2
2858        2831        1        2
2858        2805        1        2
2858        2752        1        2
2884        2725        1        2
2884        2699        1        2
2884        2646        1        2
2884        2619        1        2
2884        2566        1        2
2884        2540        1        2
2884        2487        1        2
2884        2461        1        2
2884        2408        1        2
2884        2381        1        2
2884        2328        1        2
2910        2302        1        2
2910        2275        1        2
2910        2223        1        2
2910        2170        1        2
2910        2143        1        2
2910        2090        1        2
2910        2037        1        2
2910        1984        1        2
2937        1958        1        2
2937        1931        1        2
2937        1879        1        2
2937        1852        1        2
2937        1826        1        2
2937        1799        1        2
2937        1773        1        2
2937        1746        1        2
2937        1720        1        2
2937        1693        1        2
2937        1667        1        2
2937        1640        1        2
2963        1614        1        2
2963        1588        1        2
2963        1561        1        2
2963        1535        1        2
2963        1508        1        2
2963        1482        1        2
2963        1455        1        2
2963        1429        1        2
2963        1402        1        2
2963        1376        1        2
2963        1349        1        2
2963        1323        1        2
2990        1323        1        2
3016        1349        1        2
PEN_UP                  0
PEN_DOWN
2884        3307        1        3
2884        3281        1        3
2858        3281        1        3
2858        3307        1        3
2858        3334        1        3
2858        3360        1        3
2858        3387        1        3
2858        3413        1        3
2858        3440        1        3
2831        3466        1        3
2831        3493        1        3
2831        3519        1        3
2831        3545        1        3
2831        3572        1        3
2858        3598        1        3
2858        3625        1        3
2858        3651        1        3
2858        3678        1        3
2858        3704        1        3
2858        3731        1        3
2858        3757        1        3
2858        3784        1        3
2858        3810        1        3
2858        3836        1        3
2858        3863        1        3
2831        3836        1        3
2831        3810        1        3
2805        3810        1        3
2778        3784        1        3
2752        3757        1        3
2752        3731        1        3
2725        3731        1        3
2699        3704        1        3
2672        3704        1        3
2646        3678        1        3
2619        3678        1        3
2619        3651        1        3
2593        3651        1        3
2566        3651        1        3
2540        3651        1        3
2514        3625        1        3
2487        3625        1        3
2461        3625        1        3
2434        3625        1        3
2408        3651        1        3
2381        3651        1        3
2355        3651        1        3
2328        3651        1        3
2302        3651        1        3
2275        3678        1        3
2249        3678        1        3
2223        3678        1        3
2196        3678        1        3
2170        3704        1        3
2117        3704        1        3
2090        3704        1        3
2064        3731        1        3
2037        3731        1        3
2011        3731        1        3
1984        3757        1        3
1958        3757        1        3
1931        3784        1        3
1905        3784        1        3
1852        3810        1        3
1826        3836        1        3
1799        3836        1        3
1773        3863        1        3
1720        3889        1        3
1693        3889        1        3
1667        3916        1        3
1640        3916        1        3
1588        3916        1        3
1561        3942        1        3
1508        3942        1        3
1482        3969        1        3
1429        3969        1        3
1376        3969        1        3
1323        3969        1        3
1296        3969        1        3
1244        3969        1        3
1164        3942        1        3
1111        3916        1        3
1058        3889        1        3
1005        3863        1        3
 953        3810        1        3
 926        3784        1        3
 873        3757        1        3
 847        3704        1        3
 847        3678        1        3
 820        3625        1        3
 820        3572        1        3
 794        3519        1        3
 794        3466        1        3
 794        3387        1        3
 794        3334        1        3
 794        3254        1        3
 767        3201        1        3
 767        3149        1        3
 767        3122        1        3
 767        3096        1        3
 767        3069        1        3
 767        3043        1        3
PEN_UP                  0
END_CHARACTER: MRR
