CHARACTER_NAME: DUI
STROKE_COUNT: 1
  X           Y   STYLUS_STATE STROKE
PEN_DOWN
1429        1058        1        1
1429        1085        1        1
1429        1111        1        1
1455        1111        1        1
1455        1138        1        1
1455        1164        1        1
1482        1191        1        1
1482        1217        1        1
1508        1244        1        1
1535        1270        1        1
1561        1270        1        1
1561        1296        1        1
1588        1323        1        1
1614        1323        1        1
1640        1349        1        1
1667        1376        1        1
1693        1376        1        1
1720        1402        1        1
1746        1402        1        1
1799        1429        1        1
1826        1455        1        1
1852        1455        1        1
1905        1482        1        1
1958        1482        1        1
2011        1508        1        1
2037        1508        1        1
2090        1535        1        1
2143        1535        1        1
2170        1561        1        1
2196        1561        1        1
2223        1561        1        1
2275        1588        1        1
2302        1588        1        1
2328        1588        1        1
2355        1614        1        1
2381        1614        1        1
2434        1640        1        1
2461        1640        1        1
2487        1640        1        1
2514        1640        1        1
2540        1667        1        1
2566        1667        1        1
2593        1667        1        1
2593        1693        1        1
2619        1693        1        1
2646        1693        1        1
2672        1693        1        1
2699        1693        1        1
2725        1693        1        1
2725        1720        1        1
2699        1720        1        1
2699        1746        1        1
2672        1746        1        1
2672        1773        1        1
2646        1773        1        1
2646        1799        1        1
2619        1799        1        1
2619        1826        1        1
2593        1826        1        1
2593        1852        1        1
2566        1852        1        1
2566        1879        1        1
2540        1879        1        1
2540        1905        1        1
2514        1931        1        1
2514        1958        1        1
2487        1958        1        1
2461        1984        1        1
2461        2011        1        1
2434        2037        1        1
2408        2064        1        1
2381        2090        1        1
2381        2117        1        1
2355        2143        1        1
2328        2143        1        1
2328        2170        1        1
2302        2196        1        1
2275        2223        1        1
2275        2249        1        1
2249        2275        1        1
2223        2302        1        1
2196        2328        1        1
2196        2355        1        1
2170        2355        1        1
2143        2381        1        1
2117        2408        1        1
2090        2434        1        1
2064        2461        1        1
2037        2487        1        1
2011        2514        1        1
1984        2540        1        1
1958        2566        1        1
1931        2593        1        1
1905        2619        1        1
1879        2646        1        1
1852        2672        1        1
1826        2699        1        1
1799        2699        1        1
1773        2725        1        1
1746        2752        1        1
1720        2778        1        1
1693        2778        1        1
1667        2805        1        1
1640        2831        1        1
1614        2831        1        1
1588        2858        1        1
1561        2884        1        1
1508        2910        1        1
1482        2937        1        1
1455        2937        1        1
1429        2963        1        1
1429        2990        1        1
1402        3016        1        1
1376        3016        1        1
1349        3043        1        1
1323        3069        1        1
1296        3096        1        1
1270        3122        1        1
1244        3149        1        1
1217        3175        1        1
1217        3149        1        1
1244        3149        1        1
1270        3122        1        1
1296        3096        1        1
1323        3096        1        1
1323        3069        1        1
1349        3069        1        1
1376        3043        1        1
1402        3016        1        1
1455        2990        1        1
1482        2990        1        1
1508        2963        1        1
1535        2963        1        1
1561        2937        1        1
1588        2937        1        1
1614        2937        1        1
1640        2910        1        1
1667        2910        1        1
1693        2884        1        1
1746        2884        1        1
1773        2884        1        1
1799        2884        1        1
1852        2884        1        1
1879        2884        1        1
1931        2884        1        1
1958        2884        1        1
2011        2884        1        1
2037        2884        1        1
2090        2910        1        1
2117        2910        1        1
2170        2910        1        1
2196        2937        1        1
2223        2937        1        1
2275        2963        1        1
2302        2963        1        1
2355        2990        1        1
2381        3016        1        1
2434        3069        1        1
2461        3096        1        1
2514        3122        1        1
2540        3149        1        1
2593        3175        1        1
2619        3201        1        1
2646        3228        1        1
2672        3254        1        1
2699        3281        1        1
2725        3307        1        1
2752        3307        1        1
2752        3334        1        1
2778        3334        1        1
2805        3360        1        1
2831        3360        1        1
2858        3387        1        1
2884        3387        1        1
2910        3387        1        1
2963        3387        1        1
2990        3387        1        1
3043        3387        1        1
3069        3360        1        1
3096        3360        1        1
3122        3360        1        1
3149        3334        1        1
3175        3334        1        1
3201        3334        1        1
3201        3307        1        1
3201        3281        1        1
PEN_UP                  0
END_CHARACTER: DUI
