CHARACTER_NAME: JA
STROKE_COUNT: 3
  X           Y   STYLUS_STATE STROKE
PEN_DOWN
1085        1323        1        1
1111        1323        1        1
1138        1323        1        1
1164        1323        1        1
1191        1323        1        1
1217        1323        1        1
1270        1296        1        1
1296        1296        1        1
1349        1296        1        1
1376        1296        1        1
1429        1296        1        1
1455        1296        1        1
1508        1296        1        1
1561        1296        1        1
1588        1296        1        1
1640        1296        1        1
1693        1296        1        1
1746        1296        1        1
1799        1296        1        1
1852        1296        1        1
1905        1270        1        1
1958        1270        1        1
2011        1270        1        1
2037        1270        1        1
2090        1270        1        1
2143        1270        1        1
2196        1270        1        1
2223        1270        1        1
2275        1270        1        1
2302        1270        1        1
2355        1270        1        1
2381        1270        1        1
2434        1270        1        1
2461        1270        1        1
2514        1270        1        1
2566        1270        1        1
2619        1270        1        1
2672        1270        1        1
2725        1270        1        1
2778        1270        1        1
2831        1270        1        1
2884        1270        1        1
2937        1270        1        1
2990        1270        1        1
3016        1270        1        1
3069        1270        1        1
3096        1270        1        1
3122        1270        1        1
3175        1270        1        1
3201        1270        1        1
3254        1270        1        1
3281        1270        1        1
3334        1270        1        1
3360        1244        1        1
3413        1270        1        1
3440        1270        1        1
3493        1270        1        1
3519        1270        1        1
3545        1270        1        1
3572        1270        1        1
3598        1270        1        1
3625        1270        1        1
3651        1270        1        1
3678        1270        1        1
3704        1270        1        1
3731        1270        1        1
3757        1270        1        1
3784        1270        1        1
3810        1270        1        1
3836        1270        1        1
3863        1244        1        1
3916        1244        1        1
3942        1244        1        1
3969        1244        1        1
3995        1244        1        1
4048        1244        1        1
4075        1244        1        1
4101        1244        1        1
4128        1244        1        1
4154        1244        1        1
4128        1244        1        1
PEN_UP                  0
PEN_DOWN
2858        1349        1        2
2831        1349        1        2
2831        1376        1        2
2805        1402        1        2
2778        1429        1        2
2752        1455        1        2
2725        1482        1        2
2699        1482        1        2
2699        1508        1        2
2672        1535        1        2
2646        1535        1        2
2619        1561        1        2
2619        1588        1        2
2593        1614        1        2
2566        1614        1        2
2540        1640        1        2
2514        1667        1        2
2514        1693        1        2
2487        1720        1        2
2461        1746        1        2
2434        1746        1        2
2408        1773        1        2
2381        1799        1        2
2355        1826        1        2
2355        1852        1        2
2328        1879        1        2
2302        1905        1        2
2275        1931        1        2
2249        1958        1        2
2249        1984        1        2
2223        2011        1        2
2196        2037        1        2
2196        2090        1        2
2170        2117        1        2
2143        2143        1        2
2117        2170        1        2
2117        2196        1        2
2090        2223        1        2
2064        2249        1        2
2037        2275        1        2
2037        2302        1        2
2011        2302        1        2
2011        2328        1        2
1984        2328        1        2
1984        2355        1        2
1958        2355        1        2
1958        2381        1        2
1958        2408        1        2
1931        2408        1        2
1931        2434        1        2
1905        2434        1        2
1905        2461        1        2
1879        2461        1        2
1879        2487        1        2
1852        2487        1        2
1879        2487        1        2
1879        2461        1        2
1905        2461        1        2
1905        2434        1        2
1931        2434        1        2
1958        2408        1        2
1984        2408        1        2
2011        2408        1        2
2037        2408        1        2
2037        2381        1        2
2064        2381        1        2
2090        2381        1        2
2117        2381        1        2
2143        2381        1        2
2170        2381        1        2
2196        2381        1        2
2223        2381        1        2
2249        2381        1        2
2275        2381        1        2
2302        2408        1        2
2328        2408        1        2
2355        2408        1        2
2381        2408        1        2
2381        2434        1        2
2408        2434        1        2
2434        2434        1        2
2461        2461        1        2
2487        2461        1        2
2514        2487        1        2
2540        2514        1        2
2566        2514        1        2
2566        2540        1        2
2593        2540        1        2
2619        2566        1        2
2619        2593        1        2
2646        2593        1        2
2646        2619        1        2
2672        2646        1        2
2699        2672        1        2
2699        2699        1        2
2725        2725        1        2
2725        2752        1        2
2752        2778        1        2
2752        2805        1        2
2752        2831        1        2
2752        2858        1        2
2752        2884        1        2
2725        2910        1        2
2725        2937        1        2
2725        2963        1        2
2725        2990        1        2
2725        3016        1        2
2725        3043        1        2
2699        3069        1        2
2699        3096        1        2
2699        3122        1        2
2672        3149        1        2
2672        3175        1        2
2646        3201        1        2
2646        3228        1        2
2619        3254        1        2
2619        3281        1        2
2593        3281        1        2
2593        3307        1        2
2566        3334        1        2
2540        3334        1        2
2514        3360        1        2
2487        3387        1        2
2461        3387        1        2
2434        3413        1        2
2408        3413        1        2
2381        3413        1        2
2355        3440        1        2
2328        3440        1        2
2302        3440        1        2
2275        3440        1        2
2249        3440        1        2
2223        3440        1        2
2196        3440        1        2
2170        3440        1        2
2143        3413        1        2
2117        3413        1        2
2090        3413        1        2
2090        3387        1        2
2064        3387        1        2
2037        3387        1        2
2011        3360        1        2
1984        3360        1        2
1958        3360        1        2
1931        3334        1        2
1905        3307        1        2
1879        3281        1        2
1852        3281        1        2
1826        3254        1        2
1826        3228        1        2
1799        3228        1        2
1773        3201        1        2
1746        3175        1        2
1720        3149        1        2
1693        3122        1        2
1667        3096        1        2
1667        3069        1        2
1640        3043        1        2
1614        3043        1        2
1614        3016        1        2
1588        2990        1        2
1561        2963        1        2
1535        2937        1        2
1535        2910        1        2
1508        2884        1        2
1482        2858        1        2
1455        2831        1        2
1455        2805        1        2
1429        2778        1        2
1429        2752        1        2
1402        2725        1        2
1376        2699        1        2
1349        2672        1        2
1349        2646        1        2
1323        2619        1        2
1296        2593        1        2
1296        2540        1        2
1270        2514        1        2
1244        2487        1        2
1244        2461        1        2
1244        2434        1        2
1217        2408        1        2
1217        2355        1        2
1191        2328        1        2
1191        2302        1        2
1164        2275        1        2
1164        2223        1        2
1164        2196        1        2
1138        2170        1        2
1138        2117        1        2
1138        2090        1        2
1111        2064        1        2
1111        2037        1        2
1111        2011        1        2
1085        1984        1        2
1085        1958        1        2
1085        1931        1        2
1058        1905        1        2
1058        1879        1        2
1058        1852        1        2
1032        1826        1        2
1032        1799        1        2
1032        1773        1        2
1005        1773        1        2
1005        1746        1        2
1005        1720        1        2
1005        1693        1        2
1005        1667        1        2
1005        1640        1        2
 979        1614        1        2
1005        1614        1        2
 979        1614        1        2
 979        1588        1        2
PEN_UP                  0
PEN_DOWN
2858        1349        1        3
2831        1349        1        3
2858        1349        1        3
2884        1376        1        3
2884        1402        1        3
2910        1402        1        3
2910        1429        1        3
2937        1455        1        3
2937        1482        1        3
2963        1482        1        3
2963        1508        1        3
2990        1535        1        3
3016        1561        1        3
3043        1588        1        3
3069        1614        1        3
3069        1640        1        3
3096        1667        1        3
3096        1693        1        3
3122        1720        1        3
3122        1746        1        3
3149        1773        1        3
3149        1799        1        3
3175        1826        1        3
3175        1852        1        3
3201        1879        1        3
3201        1905        1        3
3201        1931        1        3
3228        1958        1        3
3228        1984        1        3
3254        2011        1        3
3254        2037        1        3
3254        2064        1        3
3281        2064        1        3
3281        2090        1        3
3281        2117        1        3
3281        2143        1        3
3307        2143        1        3
3307        2170        1        3
3307        2196        1        3
3334        2223        1        3
3334        2249        1        3
3334        2275        1        3
3360        2275        1        3
3360        2302        1        3
3360        2328        1        3
3387        2328        1        3
3387        2355        1        3
3413        2355        1        3
3413        2381        1        3
3440        2408        1        3
3466        2434        1        3
3440        2434        1        3
3413        2461        1        3
3387        2487        1        3
3360        2514        1        3
3360        2540        1        3
3334        2540        1        3
3307        2566        1        3
3307        2593        1        3
3281        2619        1        3
3254        2646        1        3
3254        2672        1        3
3228        2699        1        3
3201        2725        1        3
3175        2752        1        3
3149        2778        1        3
3122        2831        1        3
3096        2831        1        3
3069        2858        1        3
3043        2884        1        3
3016        2937        1        3
2990        2963        1        3
2963        2990        1        3
2937        3016        1        3
2910        3043        1        3
2884        3069        1        3
2858        3096        1        3
2858        3122        1        3
2831        3149        1        3
2805        3175        1        3
2778        3201        1        3
2778        3228        1        3
2752        3254        1        3
2725        3281        1        3
2725        3307        1        3
2699        3334        1        3
2699        3360        1        3
2672        3387        1        3
2672        3413        1        3
2646        3413        1        3
2646        3440        1        3
2619        3466        1        3
2619        3493        1        3
2593        3519        1        3
2566        3545        1        3
2566        3572        1        3
2566        3598        1        3
2540        3625        1        3
2540        3651        1        3
2514        3678        1        3
2514        3704        1        3
2514        3731        1        3
2487        3731        1        3
2487        3757        1        3
2487        3784        1        3
2487        3810        1        3
2461        3810        1        3
2461        3836        1        3
2461        3863        1        3
2461        3889        1        3
2461        3916        1        3
2434        3916        1        3
2434        3942        1        3
2434        3969        1        3
2434        3995        1        3
2434        3969        1        3
2461        3969        1        3
2461        3942        1        3
2461        3916        1        3
PEN_UP                  0
END_CHARACTER: JA
