CHARACTER_NAME: KM
STROKE_COUNT: 3
  X           Y   STYLUS_STATE STROKE
PEN_DOWN
 635        1217        1        1
 661        1217        1        1
 688        1217        1        1
 714        1217        1        1
 741        1217        1        1
 767        1217        1        1
 794        1217        1        1
 820        1217        1        1
 847        1217        1        1
 900        1191        1        1
 926        1217        1        1
 953        1191        1        1
1005        1191        1        1
1032        1217        1        1
1085        1217        1        1
1111        1217        1        1
1138        1217        1        1
1191        1217        1        1
1217        1217        1        1
1244        1217        1        1
1270        1217        1        1
1323        1191        1        1
1349        1191        1        1
1402        1191        1        1
1482        1191        1        1
1535        1191        1        1
1588        1191        1        1
1640        1191        1        1
1720        1191        1        1
1773        1191        1        1
1799        1191        1        1
1852        1191        1        1
1905        1164        1        1
1958        1164        1        1
2011        1164        1        1
2037        1164        1        1
2090        1164        1        1
2143        1164        1        1
2170        1164        1        1
2196        1164        1        1
2249        1164        1        1
2275        1164        1        1
2302        1164        1        1
2355        1138        1        1
2381        1138        1        1
2434        1138        1        1
2487        1138        1        1
2540        1138        1        1
2566        1138        1        1
2619        1138        1        1
2672        1138        1        1
2699        1138        1        1
2752        1138        1        1
2778        1138        1        1
2831        1138        1        1
2858        1138        1        1
2910        1138        1        1
2937        1138        1        1
2990        1138        1        1
3016        1138        1        1
3043        1138        1        1
3069        1138        1        1
3096        1138        1        1
3122        1138        1        1
3149        1138        1        1
3175        1138        1        1
3149        1138        1        1
PEN_UP                  0
PEN_DOWN
2487        1191        1        2
2461        1191        1        2
2461        1217        1        2
2434        1217        1        2
2408        1217        1        2
2381        1244        1        2
2355        1244        1        2
2328        1270        1        2
2302        1270        1        2
2302        1296        1        2
2275        1296        1        2
2249        1323        1        2
2223        1349        1        2
2196        1349        1        2
2170        1376        1        2
2117        1402        1        2
2090        1429        1        2
2064        1455        1        2
2037        1455        1        2
2011        1482        1        2
1984        1508        1        2
1931        1535        1        2
1905        1561        1        2
1879        1588        1        2
1852        1588        1        2
1799        1614        1        2
1773        1640        1        2
1746        1667        1        2
1693        1693        1        2
1667        1720        1        2
1640        1746        1        2
1588        1746        1        2
1561        1773        1        2
1535        1799        1        2
1508        1826        1        2
1482        1826        1        2
1429        1852        1        2
1402        1879        1        2
1376        1905        1        2
1349        1931        1        2
1296        1958        1        2
1270        1984        1        2
1244        2011        1        2
1217        2037        1        2
1191        2064        1        2
1164        2090        1        2
1138        2117        1        2
1111        2143        1        2
1085        2170        1        2
1058        2170        1        2
1032        2196        1        2
1005        2223        1        2
 979        2223        1        2
 979        2249        1        2
 953        2249        1        2
 953        2275        1        2
 926        2275        1        2
 926        2302        1        2
 900        2302        1        2
 900        2328        1        2
 926        2328        1        2
 953        2328        1        2
 979        2355        1        2
1005        2355        1        2
1032        2355        1        2
1058        2381        1        2
1111        2381        1        2
1164        2408        1        2
1217        2408        1        2
1270        2434        1        2
1323        2461        1        2
1376        2461        1        2
1429        2487        1        2
1482        2514        1        2
1535        2540        1        2
1588        2566        1        2
1640        2593        1        2
1667        2619        1        2
1720        2646        1        2
1773        2672        1        2
1826        2699        1        2
1879        2725        1        2
1931        2752        1        2
1984        2778        1        2
2037        2778        1        2
2064        2805        1        2
2117        2831        1        2
2143        2858        1        2
2170        2858        1        2
2196        2884        1        2
2196        2910        1        2
2223        2910        1        2
2249        2937        1        2
2275        2963        1        2
2302        2990        1        2
2328        2990        1        2
2328        3016        1        2
2355        3016        1        2
2381        3043        1        2
2408        3069        1        2
2434        3096        1        2
2461        3122        1        2
2487        3122        1        2
2487        3149        1        2
2514        3149        1        2
2514        3175        1        2
2540        3175        1        2
2540        3201        1        2
2566        3201        1        2
2566        3228        1        2
2593        3228        1        2
2619        3254        1        2
2646        3254        1        2
2619        3228        1        2
2619        3201        1        2
2619        3175        1        2
2619        3149        1        2
2619        3122        1        2
2619        3096        1        2
2619        3069        1        2
2619        3043        1        2
2593        3016        1        2
2593        2990        1        2
2593        2963        1        2
2593        2937        1        2
2593        2910        1        2
2593        2884        1        2
2566        2858        1        2
2566        2831        1        2
2566        2805        1        2
2566        2778        1        2
2566        2752        1        2
2566        2699        1        2
2566        2672        1        2
2566        2646        1        2
2566        2593        1        2
2566        2540        1        2
2566        2514        1        2
2540        2461        1        2
2540        2434        1        2
2540        2381        1        2
2540        2355        1        2
2540        2302        1        2
2540        2275        1        2
2540        2249        1        2
2540        2196        1        2
2540        2170        1        2
2540        2117        1        2
2514        2090        1        2
2514        2037        1        2
2514        2011        1        2
2514        1984        1        2
2514        1958        1        2
2514        1931        1        2
2514        1905        1        2
2487        1879        1        2
2487        1852        1        2
2487        1826        1        2
2487        1799        1        2
2487        1773        1        2
2487        1746        1        2
2487        1720        1        2
2487        1693        1        2
2487        1667        1        2
2487        1640        1        2
2487        1614        1        2
2487        1588        1        2
2487        1561        1        2
2487        1535        1        2
2487        1508        1        2
2487        1482        1        2
2487        1455        1        2
2487        1429        1        2
2487        1402        1        2
2514        1376        1        2
2514        1349        1        2
2514        1323        1        2
2514        1296        1        2
2514        1270        1        2
2514        1244        1        2
2514        1217        1        2
2514        1191        1        2
2540        1191        1        2
2514        1191        1        2
2514        1217        1        2
2487        1217        1        2
2487        1244        1        2
2461        1270        1        2
2461        1296        1        2
2461        1323        1        2
2461        1349        1        2
2487        1349        1        2
2487        1376        1        2
2514        1376        1        2
2514        1402        1        2
2540        1429        1        2
2566        1455        1        2
2593        1455        1        2
2619        1482        1        2
2646        1482        1        2
2699        1482        1        2
2725        1508        1        2
2752        1508        1        2
2778        1508        1        2
2805        1535        1        2
2831        1535        1        2
2858        1561        1        2
2884        1561        1        2
2910        1561        1        2
2937        1588        1        2
2963        1614        1        2
2990        1640        1        2
3016        1640        1        2
3043        1667        1        2
3069        1693        1        2
3096        1720        1        2
3096        1746        1        2
3122        1746        1        2
3149        1773        1        2
3149        1799        1        2
3149        1826        1        2
3175        1826        1        2
3175        1852        1        2
3175        1879        1        2
3175        1905        1        2
3175        1931        1        2
3175        1958        1        2
3175        1984        1        2
3175        2011        1        2
3149        2037        1        2
3149        2064        1        2
3149        2090        1        2
3122        2117        1        2
3096        2143        1        2
3069        2143        1        2
3043        2143        1        2
3016        2143        1        2
2990        2143        1        2
2937        2143        1        2
2910        2143        1        2
2884        2117        1        2
2858        2117        1        2
2858        2090        1        2
2831        2090        1        2
2805        2064        1        2
2805        2037        1        2
2831        2011        1        2
2858        2011        1        2
2858        1984        1        2
2884        1984        1        2
2910        1958        1        2
2910        1984        1        2
2937        1984        1        2
PEN_UP                  0
PEN_DOWN
3360        1164        1        3
3360        1191        1        3
3387        1191        1        3
3387        1217        1        3
3387        1244        1        3
3387        1270        1        3
3387        1296        1        3
3387        1323        1        3
3413        1349        1        3
3413        1376        1        3
3413        1402        1        3
3413        1429        1        3
3413        1455        1        3
3440        1482        1        3
3440        1508        1        3
3440        1535        1        3
3440        1561        1        3
3466        1588        1        3
3440        1614        1        3
3466        1614        1        3
3466        1640        1        3
3466        1667        1        3
3466        1693        1        3
3466        1720        1        3
3466        1746        1        3
3493        1773        1        3
3493        1799        1        3
3493        1826        1        3
3493        1852        1        3
3493        1879        1        3
3493        1905        1        3
3493        1931        1        3
3493        1958        1        3
3493        1984        1        3
3493        2011        1        3
3493        2037        1        3
3519        2064        1        3
3519        2090        1        3
3519        2117        1        3
3519        2143        1        3
3519        2170        1        3
3519        2196        1        3
3519        2223        1        3
3519        2249        1        3
3519        2275        1        3
3493        2302        1        3
3493        2328        1        3
3493        2355        1        3
3493        2381        1        3
3493        2408        1        3
3493        2434        1        3
3493        2461        1        3
3493        2487        1        3
3493        2514        1        3
3493        2540        1        3
3493        2566        1        3
3493        2593        1        3
3493        2619        1        3
3466        2646        1        3
3466        2672        1        3
3466        2699        1        3
3466        2725        1        3
3466        2752        1        3
3466        2778        1        3
3466        2805        1        3
3466        2831        1        3
3466        2858        1        3
3466        2884        1        3
3440        2910        1        3
3440        2937        1        3
3440        2963        1        3
3440        2990        1        3
3440        3016        1        3
3440        3043        1        3
3440        3069        1        3
3440        3096        1        3
3413        3122        1        3
3413        3149        1        3
3413        3175        1        3
3413        3201        1        3
3413        3228        1        3
3413        3254        1        3
3413        3281        1        3
3413        3307        1        3
3413        3334        1        3
3387        3334        1        3
3387        3360        1        3
3387        3387        1        3
3387        3413        1        3
3387        3440        1        3
3387        3466        1        3
3387        3493        1        3
3387        3519        1        3
3387        3493        1        3
3387        3466        1        3
3387        3493        1        3
3360        3493        1        3
3334        3493        1        3
3307        3519        1        3
3281        3519        1        3
3254        3519        1        3
3228        3519        1        3
3201        3545        1        3
3175        3545        1        3
3149        3545        1        3
3122        3545        1        3
3096        3545        1        3
3069        3545        1        3
3069        3572        1        3
3043        3572        1        3
3016        3572        1        3
2990        3572        1        3
2963        3598        1        3
2937        3598        1        3
2910        3598        1        3
2884        3625        1        3
2858        3625        1        3
2831        3625        1        3
2805        3625        1        3
2805        3651        1        3
2778        3651        1        3
2752        3651        1        3
2725        3651        1        3
2699        3678        1        3
2672        3678        1        3
2646        3678        1        3
2619        3678        1        3
2619        3704        1        3
2593        3704        1        3
2566        3704        1        3
2566        3731        1        3
2540        3731        1        3
2514        3731        1        3
2487        3731        1        3
2487        3757        1        3
2461        3757        1        3
2434        3784        1        3
2408        3784        1        3
2381        3810        1        3
2355        3836        1        3
2355        3863        1        3
2355        3889        1        3
2381        3889        1        3
2408        3889        1        3
2434        3889        1        3
2461        3889        1        3
2487        3889        1        3
2514        3889        1        3
2540        3889        1        3
2566        3889        1        3
2593        3889        1        3
2619        3863        1        3
2646        3863        1        3
2672        3863        1        3
2699        3836        1        3
2725        3836        1        3
2752        3836        1        3
2778        3810        1        3
2805        3810        1        3
2805        3784        1        3
2831        3784        1        3
2831        3757        1        3
2858        3731        1        3
2858        3704        1        3
2858        3678        1        3
2858        3651        1        3
2884        3625        1        3
2858        3625        1        3
2858        3598        1        3
2858        3572        1        3
2858        3545        1        3
2858        3519        1        3
2858        3493        1        3
2858        3466        1        3
2831        3440        1        3
2831        3413        1        3
2831        3387        1        3
2805        3387        1        3
2805        3360        1        3
2805        3334        1        3
2778        3334        1        3
2778        3307        1        3
2752        3307        1        3
2752        3281        1        3
2725        3281        1        3
2725        3254        1        3
2725        3228        1        3
2699        3228        1        3
2672        3201        1        3
2646        3201        1        3
2646        3175        1        3
2619        3175        1        3
2593        3175        1        3
2593        3149        1        3
2566        3149        1        3
2593        3149        1        3
2593        3175        1        3
PEN_UP                  0
END_CHARACTER: KM
