CHARACTER_NAME: UU
STROKE_COUNT: 4
  X           Y   STYLUS_STATE STROKE
PEN_DOWN
 635        1667        1        1
 635        1640        1        1
 661        1640        1        1
 688        1640        1        1
 714        1640        1        1
 741        1640        1        1
 767        1640        1        1
 794        1640        1        1
 820        1640        1        1
 847        1640        1        1
 873        1640        1        1
 900        1640        1        1
 926        1640        1        1
 953        1640        1        1
 979        1640        1        1
1005        1614        1        1
1032        1640        1        1
1058        1640        1        1
1085        1614        1        1
1138        1640        1        1
1164        1614        1        1
1191        1614        1        1
1217        1614        1        1
1270        1614        1        1
1296        1614        1        1
1349        1614        1        1
1402        1614        1        1
1429        1614        1        1
1482        1614        1        1
1535        1614        1        1
1561        1614        1        1
1614        1614        1        1
1667        1614        1        1
1693        1614        1        1
1746        1614        1        1
1773        1614        1        1
1826        1614        1        1
1852        1614        1        1
1905        1614        1        1
1931        1614        1        1
1958        1614        1        1
2011        1614        1        1
2037        1614        1        1
2064        1614        1        1
2117        1614        1        1
2143        1614        1        1
2170        1614        1        1
2196        1614        1        1
2249        1614        1        1
2275        1614        1        1
2302        1614        1        1
2328        1614        1        1
2381        1614        1        1
2408        1614        1        1
2434        1614        1        1
2461        1614        1        1
2514        1614        1        1
2540        1614        1        1
2566        1614        1        1
2593        1614        1        1
2646        1614        1        1
2672        1614        1        1
2699        1640        1        1
2725        1614        1        1
2752        1640        1        1
2778        1640        1        1
2805        1640        1        1
2831        1640        1        1
2858        1640        1        1
2884        1640        1        1
2910        1640        1        1
2937        1614        1        1
2963        1614        1        1
2990        1614        1        1
3016        1614        1        1
3043        1614        1        1
3069        1614        1        1
3096        1614        1        1
3122        1614        1        1
3149        1614        1        1
3175        1614        1        1
3201        1614        1        1
3228        1614        1        1
3254        1614        1        1
3281        1614        1        1
3307        1614        1        1
3334        1614        1        1
3334        1588        1        1
3360        1588        1        1
3387        1588        1        1
3413        1588        1        1
3440        1588        1        1
3466        1561        1        1
3493        1561        1        1
3519        1561        1        1
3545        1561        1        1
PEN_UP                  0
PEN_DOWN
2170        1693        1        2
2170        1720        1        2
2143        1746        1        2
2143        1773        1        2
2143        1799        1        2
2143        1826        1        2
2143        1852        1        2
2143        1879        1        2
2143        1905        1        2
2143        1931        1        2
2143        1958        1        2
2117        1984        1        2
2117        2011        1        2
2117        2037        1        2
2117        2064        1        2
2117        2090        1        2
2117        2117        1        2
2117        2170        1        2
2117        2196        1        2
2117        2223        1        2
2117        2249        1        2
2117        2275        1        2
2090        2275        1        2
2090        2302        1        2
2090        2328        1        2
2090        2355        1        2
2090        2381        1        2
2090        2408        1        2
2090        2434        1        2
2090        2461        1        2
2117        2461        1        2
2117        2487        1        2
2090        2487        1        2
2117        2514        1        2
2117        2487        1        2
2143        2487        1        2
2143        2461        1        2
2170        2461        1        2
2170        2434        1        2
2196        2434        1        2
2223        2408        1        2
2249        2408        1        2
2249        2381        1        2
2275        2381        1        2
2302        2381        1        2
2302        2355        1        2
2328        2355        1        2
2355        2355        1        2
2381        2355        1        2
2408        2355        1        2
2434        2355        1        2
2461        2355        1        2
2487        2355        1        2
2514        2355        1        2
2540        2381        1        2
2566        2381        1        2
2593        2381        1        2
2619        2381        1        2
2646        2408        1        2
2672        2408        1        2
2699        2408        1        2
2725        2434        1        2
2752        2434        1        2
2752        2461        1        2
2778        2461        1        2
2805        2461        1        2
2805        2487        1        2
2831        2487        1        2
2831        2514        1        2
2858        2514        1        2
2858        2540        1        2
2884        2540        1        2
2884        2566        1        2
2910        2593        1        2
2937        2619        1        2
2937        2646        1        2
2937        2672        1        2
2963        2672        1        2
2963        2699        1        2
2963        2725        1        2
2990        2725        1        2
2990        2752        1        2
2990        2778        1        2
2990        2805        1        2
2990        2831        1        2
2990        2858        1        2
2990        2884        1        2
2963        2884        1        2
2963        2910        1        2
2963        2937        1        2
2963        2963        1        2
2937        2963        1        2
2937        2990        1        2
2910        3016        1        2
2910        3043        1        2
2884        3043        1        2
2884        3069        1        2
2858        3096        1        2
2831        3122        1        2
2831        3149        1        2
2805        3149        1        2
2778        3149        1        2
2778        3175        1        2
2752        3175        1        2
2752        3201        1        2
2725        3201        1        2
2699        3201        1        2
2699        3228        1        2
2672        3228        1        2
2646        3228        1        2
2646        3254        1        2
2619        3254        1        2
2593        3254        1        2
2566        3254        1        2
2566        3281        1        2
2540        3281        1        2
2514        3281        1        2
2487        3281        1        2
2461        3281        1        2
2434        3281        1        2
2408        3281        1        2
2381        3281        1        2
2355        3281        1        2
2328        3281        1        2
2302        3281        1        2
2275        3281        1        2
2249        3281        1        2
2223        3281        1        2
2196        3281        1        2
2170        3281        1        2
2143        3254        1        2
2117        3254        1        2
2090        3254        1        2
2064        3254        1        2
2064        3228        1        2
2037        3228        1        2
2011        3228        1        2
1984        3228        1        2
1984        3201        1        2
1958        3201        1        2
1931        3201        1        2
1931        3175        1        2
1905        3175        1        2
1879        3149        1        2
1852        3149        1        2
1826        3149        1        2
1826        3122        1        2
1799        3096        1        2
1773        3096        1        2
1746        3069        1        2
1720        3043        1        2
1693        3016        1        2
1693        2990        1        2
1667        2990        1        2
1640        2963        1        2
1614        2937        1        2
1614        2910        1        2
1588        2884        1        2
1561        2884        1        2
1561        2858        1        2
1535        2831        1        2
1535        2805        1        2
1508        2778        1        2
1482        2752        1        2
1455        2725        1        2
1429        2699        1        2
1429        2672        1        2
1402        2672        1        2
1376        2646        1        2
1376        2619        1        2
1349        2619        1        2
1349        2593        1        2
1349        2566        1        2
1323        2566        1        2
1323        2540        1        2
1323        2514        1        2
1296        2514        1        2
1296        2487        1        2
1296        2461        1        2
1270        2434        1        2
1270        2408        1        2
1244        2381        1        2
1244        2355        1        2
1217        2328        1        2
1217        2302        1        2
1217        2275        1        2
1191        2275        1        2
1191        2249        1        2
1191        2223        1        2
1191        2196        1        2
1164        2196        1        2
1164        2170        1        2
1164        2143        1        2
1164        2117        1        2
1164        2090        1        2
1164        2064        1        2
1164        2037        1        2
1138        2037        1        2
1164        2011        1        2
1138        2011        1        2
1138        1984        1        2
1138        1958        1        2
1138        1931        1        2
1138        1905        1        2
1138        1879        1        2
1138        1852        1        2
1111        1826        1        2
PEN_UP                  0
PEN_DOWN
1852        3201        1        3
1826        3201        1        3
1799        3201        1        3
1773        3201        1        3
1746        3201        1        3
1720        3201        1        3
1720        3175        1        3
1693        3175        1        3
1667        3175        1        3
1640        3175        1        3
1614        3175        1        3
1588        3175        1        3
1561        3149        1        3
1535        3149        1        3
1508        3149        1        3
1482        3149        1        3
1455        3122        1        3
1429        3122        1        3
1402        3122        1        3
1376        3122        1        3
1376        3096        1        3
1349        3096        1        3
1323        3096        1        3
1323        3069        1        3
1296        3069        1        3
1270        3043        1        3
1244        3016        1        3
1217        2990        1        3
1191        2963        1        3
1191        2937        1        3
1164        2937        1        3
1164        2910        1        3
1138        2910        1        3
1138        2884        1        3
1111        2884        1        3
1111        2858        1        3
1085        2858        1        3
1085        2831        1        3
1058        2805        1        3
1058        2778        1        3
1032        2778        1        3
1032        2752        1        3
1032        2725        1        3
1032        2699        1        3
1005        2699        1        3
1005        2672        1        3
1005        2646        1        3
1005        2619        1        3
 979        2619        1        3
 979        2593        1        3
 979        2566        1        3
 953        2566        1        3
 953        2540        1        3
 953        2514        1        3
 953        2487        1        3
 926        2461        1        3
 926        2434        1        3
 926        2408        1        3
 900        2381        1        3
 900        2355        1        3
 900        2328        1        3
 900        2302        1        3
 873        2302        1        3
 873        2275        1        3
 873        2249        1        3
 873        2223        1        3
 873        2196        1        3
 847        2196        1        3
 847        2170        1        3
 847        2143        1        3
 847        2117        1        3
 847        2090        1        3
 820        2064        1        3
 820        2037        1        3
 820        2011        1        3
 820        1984        1        3
PEN_UP                  0
PEN_DOWN
2778        1667        1        4
2778        1640        1        4
2805        1640        1        4
2805        1614        1        4
2805        1588        1        4
2805        1561        1        4
2805        1535        1        4
2805        1508        1        4
2805        1482        1        4
2805        1455        1        4
2778        1429        1        4
2778        1402        1        4
2778        1376        1        4
2778        1349        1        4
2752        1349        1        4
2752        1323        1        4
2752        1296        1        4
2725        1296        1        4
2725        1270        1        4
2699        1244        1        4
2672        1217        1        4
2672        1191        1        4
2646        1191        1        4
2619        1191        1        4
2619        1164        1        4
2593        1164        1        4
2566        1164        1        4
2566        1138        1        4
2540        1138        1        4
2514        1138        1        4
2487        1111        1        4
2461        1111        1        4
2434        1085        1        4
2408        1085        1        4
2381        1085        1        4
2381        1058        1        4
2355        1058        1        4
2328        1058        1        4
2302        1058        1        4
2302        1032        1        4
2275        1032        1        4
2249        1032        1        4
2223        1032        1        4
2196        1032        1        4
2170        1058        1        4
2143        1058        1        4
2117        1085        1        4
2090        1111        1        4
2064        1111        1        4
2037        1138        1        4
2011        1164        1        4
1984        1191        1        4
1958        1217        1        4
1958        1244        1        4
1931        1244        1        4
1931        1270        1        4
1905        1270        1        4
1905        1296        1        4
1879        1296        1        4
1879        1323        1        4
1852        1349        1        4
1826        1349        1        4
1826        1376        1        4
1799        1376        1        4
1799        1402        1        4
1773        1402        1        4
1746        1402        1        4
1720        1429        1        4
1693        1429        1        4
1667        1429        1        4
1640        1429        1        4
1614        1429        1        4
1588        1429        1        4
1561        1429        1        4
1535        1429        1        4
1508        1402        1        4
1482        1402        1        4
1455        1402        1        4
1429        1402        1        4
1402        1402        1        4
1376        1402        1        4
1349        1402        1        4
1349        1376        1        4
1323        1376        1        4
1323        1349        1        4
1296        1349        1        4
1296        1323        1        4
1270        1323        1        4
1270        1296        1        4
1244        1296        1        4
1244        1270        1        4
1217        1244        1        4
1217        1217        1        4
1191        1191        1        4
1191        1164        1        4
1164        1164        1        4
1164        1138        1        4
1164        1111        1        4
1138        1111        1        4
1138        1085        1        4
1138        1058        1        4
1111        1032        1        4
1111        1005        1        4
1111         979        1        4
1111         953        1        4
1111         926        1        4
PEN_UP                  0
END_CHARACTER: UU
