CHARACTER_NAME: GN
STROKE_COUNT: 2
  X           Y   STYLUS_STATE STROKE
PEN_DOWN
1614        1958        1        1
1614        1984        1        1
1640        1984        1        1
1667        2011        1        1
1693        2011        1        1
1720        2011        1        1
1746        2011        1        1
1773        1984        1        1
1799        1984        1        1
1826        1984        1        1
1879        1984        1        1
1905        1958        1        1
1931        1958        1        1
1958        1958        1        1
1958        1931        1        1
1984        1931        1        1
2011        1905        1        1
2037        1905        1        1
2037        1879        1        1
2064        1879        1        1
2064        1852        1        1
2090        1826        1        1
2117        1799        1        1
2117        1773        1        1
2117        1746        1        1
2117        1720        1        1
2117        1693        1        1
2117        1667        1        1
2090        1667        1        1
2090        1640        1        1
2064        1640        1        1
2064        1614        1        1
2037        1614        1        1
2037        1588        1        1
2011        1588        1        1
1984        1588        1        1
1958        1588        1        1
1931        1588        1        1
1905        1614        1        1
1879        1614        1        1
1852        1640        1        1
1826        1640        1        1
1799        1640        1        1
1773        1640        1        1
1746        1667        1        1
1720        1667        1        1
1693        1667        1        1
1667        1667        1        1
1640        1667        1        1
1614        1667        1        1
1588        1667        1        1
1561        1667        1        1
1535        1667        1        1
1508        1667        1        1
1482        1640        1        1
1455        1640        1        1
1429        1640        1        1
1402        1640        1        1
1376        1614        1        1
1349        1614        1        1
1349        1588        1        1
1323        1588        1        1
1323        1561        1        1
1323        1535        1        1
1349        1508        1        1
1349        1482        1        1
1376        1482        1        1
1376        1455        1        1
1402        1429        1        1
1402        1402        1        1
1429        1402        1        1
1455        1376        1        1
1482        1349        1        1
1508        1323        1        1
1535        1323        1        1
1588        1296        1        1
1614        1270        1        1
1667        1244        1        1
1720        1244        1        1
1746        1217        1        1
1799        1191        1        1
1852        1191        1        1
1879        1164        1        1
1931        1164        1        1
1958        1164        1        1
2011        1138        1        1
2037        1138        1        1
2090        1138        1        1
2117        1138        1        1
2143        1138        1        1
2196        1138        1        1
2223        1164        1        1
2249        1164        1        1
2302        1164        1        1
2328        1191        1        1
2381        1191        1        1
2408        1191        1        1
2461        1217        1        1
2487        1244        1        1
2514        1244        1        1
2566        1270        1        1
2593        1270        1        1
2619        1296        1        1
2672        1323        1        1
2699        1323        1        1
2699        1349        1        1
2725        1376        1        1
2752        1376        1        1
2778        1402        1        1
2778        1429        1        1
2805        1429        1        1
2831        1455        1        1
2858        1482        1        1
2884        1508        1        1
2910        1535        1        1
2937        1535        1        1
2963        1561        1        1
2963        1588        1        1
2990        1588        1        1
3016        1614        1        1
3043        1614        1        1
3043        1640        1        1
3043        1614        1        1
PEN_UP                  0
PEN_DOWN
3096         900        1        2
3096         873        1        2
3096         900        1        2
3096         926        1        2
3096         953        1        2
3096         979        1        2
3096        1005        1        2
3096        1032        1        2
3096        1058        1        2
3096        1085        1        2
3096        1111        1        2
3096        1138        1        2
3096        1164        1        2
3096        1191        1        2
3096        1217        1        2
3096        1244        1        2
3096        1270        1        2
3096        1296        1        2
3122        1323        1        2
3096        1323        1        2
3122        1349        1        2
3122        1376        1        2
3122        1402        1        2
3122        1429        1        2
3122        1455        1        2
3122        1482        1        2
3122        1508        1        2
3122        1535        1        2
3122        1561        1        2
3122        1588        1        2
3122        1614        1        2
3122        1640        1        2
3122        1667        1        2
3122        1693        1        2
3149        1720        1        2
3149        1746        1        2
3122        1773        1        2
3122        1799        1        2
3122        1826        1        2
3122        1852        1        2
3122        1879        1        2
3122        1905        1        2
3122        1931        1        2
3122        1958        1        2
3122        1984        1        2
3122        2011        1        2
3122        2037        1        2
3122        2064        1        2
3122        2090        1        2
3122        2117        1        2
3122        2143        1        2
3122        2170        1        2
3122        2196        1        2
3122        2223        1        2
3122        2249        1        2
3122        2275        1        2
3122        2302        1        2
3122        2328        1        2
3122        2355        1        2
3122        2381        1        2
3122        2408        1        2
3122        2434        1        2
3122        2461        1        2
3122        2487        1        2
3122        2514        1        2
3122        2540        1        2
3096        2566        1        2
3096        2593        1        2
3096        2619        1        2
3122        2646        1        2
3122        2672        1        2
3122        2699        1        2
3122        2725        1        2
3122        2752        1        2
3122        2778        1        2
3122        2805        1        2
3122        2831        1        2
3122        2858        1        2
3122        2884        1        2
3122        2858        1        2
3096        2831        1        2
3096        2805        1        2
3096        2778        1        2
3096        2752        1        2
3069        2752        1        2
3069        2725        1        2
3069        2699        1        2
3043        2672        1        2
3043        2646        1        2
3016        2619        1        2
3016        2593        1        2
2990        2566        1        2
2990        2540        1        2
2963        2540        1        2
2963        2514        1        2
2937        2487        1        2
2910        2487        1        2
2884        2461        1        2
2858        2461        1        2
2831        2434        1        2
2805        2408        1        2
2778        2408        1        2
2752        2408        1        2
2725        2381        1        2
2699        2381        1        2
2672        2381        1        2
2646        2355        1        2
2619        2355        1        2
2566        2355        1        2
2540        2328        1        2
2514        2328        1        2
2487        2328        1        2
2461        2328        1        2
2434        2328        1        2
2408        2328        1        2
2381        2328        1        2
2355        2328        1        2
2328        2328        1        2
2302        2328        1        2
2275        2328        1        2
2249        2328        1        2
2223        2328        1        2
2223        2355        1        2
2196        2355        1        2
2170        2355        1        2
2143        2381        1        2
2117        2381        1        2
2090        2381        1        2
2064        2381        1        2
2037        2408        1        2
2011        2408        1        2
1984        2434        1        2
1958        2461        1        2
1931        2487        1        2
1905        2487        1        2
1879        2514        1        2
1879        2540        1        2
1852        2566        1        2
1852        2593        1        2
1826        2619        1        2
1826        2646        1        2
1799        2672        1        2
1799        2699        1        2
1799        2725        1        2
1799        2752        1        2
1826        2778        1        2
1826        2805        1        2
1826        2831        1        2
1852        2858        1        2
1852        2884        1        2
1879        2910        1        2
1905        2937        1        2
1931        2963        1        2
1958        2963        1        2
1984        2990        1        2
2037        2990        1        2
2064        2990        1        2
2090        2990        1        2
2117        2990        1        2
2143        2990        1        2
2170        2963        1        2
2196        2963        1        2
2223        2963        1        2
2249        2937        1        2
2275        2910        1        2
2275        2884        1        2
2275        2858        1        2
2249        2831        1        2
2249        2805        1        2
2223        2778        1        2
2196        2752        1        2
2170        2752        1        2
2143        2725        1        2
2117        2725        1        2
2090        2725        1        2
2064        2725        1        2
2037        2725        1        2
2011        2725        1        2
1984        2752        1        2
PEN_UP                  0
END_CHARACTER: GN
