CHARACTER_NAME: SN
STROKE_COUNT: 3
  X           Y   STYLUS_STATE STROKE
PEN_DOWN
1482        1164        1        1
1508        1191        1        1
1535        1191        1        1
1561        1217        1        1
1588        1217        1        1
1614        1244        1        1
1640        1244        1        1
1640        1270        1        1
1667        1270        1        1
1667        1296        1        1
1693        1296        1        1
1693        1323        1        1
1720        1323        1        1
1720        1349        1        1
1746        1376        1        1
1746        1402        1        1
1773        1429        1        1
1773        1455        1        1
1773        1482        1        1
1799        1508        1        1
1799        1535        1        1
1799        1561        1        1
1826        1588        1        1
1826        1614        1        1
1826        1640        1        1
1826        1667        1        1
1799        1693        1        1
1799        1720        1        1
1799        1746        1        1
1773        1746        1        1
1773        1773        1        1
1773        1799        1        1
1746        1799        1        1
1746        1826        1        1
1720        1826        1        1
1720        1852        1        1
1693        1852        1        1
1667        1879        1        1
1640        1879        1        1
1614        1879        1        1
1588        1852        1        1
1561        1852        1        1
1561        1826        1        1
1535        1799        1        1
1535        1773        1        1
1561        1746        1        1
1561        1720        1        1
1561        1693        1        1
1588        1667        1        1
1588        1640        1        1
1614        1614        1        1
1614        1588        1        1
1640        1588        1        1
1640        1561        1        1
1667        1561        1        1
1667        1535        1        1
1693        1535        1        1
1720        1508        1        1
1746        1508        1        1
1746        1482        1        1
1773        1482        1        1
1799        1482        1        1
1826        1455        1        1
1852        1455        1        1
1879        1455        1        1
1905        1455        1        1
1931        1429        1        1
1958        1429        1        1
1984        1455        1        1
2011        1455        1        1
2037        1455        1        1
2064        1455        1        1
2064        1482        1        1
2090        1482        1        1
2117        1482        1        1
2143        1508        1        1
2170        1535        1        1
2196        1535        1        1
2196        1561        1        1
2223        1561        1        1
2223        1588        1        1
2249        1588        1        1
2249        1614        1        1
2275        1640        1        1
2275        1667        1        1
2302        1693        1        1
2302        1720        1        1
2328        1746        1        1
2328        1773        1        1
2328        1799        1        1
2328        1826        1        1
2328        1852        1        1
2328        1879        1        1
2328        1905        1        1
2302        1905        1        1
2302        1931        1        1
2275        1958        1        1
2275        1984        1        1
2249        1984        1        1
2249        2011        1        1
2223        2011        1        1
2223        2037        1        1
2196        2037        1        1
2170        2037        1        1
2143        2037        1        1
2117        2037        1        1
2090        2011        1        1
2064        2011        1        1
2037        1984        1        1
2011        1958        1        1
2011        1931        1        1
1984        1931        1        1
1984        1905        1        1
1984        1879        1        1
1958        1852        1        1
1958        1826        1        1
1958        1799        1        1
1958        1773        1        1
1958        1746        1        1
1958        1720        1        1
1958        1693        1        1
1984        1667        1        1
1984        1640        1        1
1984        1614        1        1
1984        1588        1        1
1984        1535        1        1
2011        1508        1        1
2011        1482        1        1
2011        1455        1        1
2037        1429        1        1
2037        1402        1        1
2037        1376        1        1
2064        1349        1        1
2064        1323        1        1
2090        1296        1        1
2090        1270        1        1
2090        1244        1        1
2117        1217        1        1
2117        1191        1        1
2143        1164        1        1
2170        1138        1        1
2196        1138        1        1
2223        1111        1        1
2249        1111        1        1
2275        1111        1        1
2275        1085        1        1
2302        1085        1        1
2328        1085        1        1
2355        1085        1        1
2381        1085        1        1
2408        1085        1        1
2434        1085        1        1
2461        1085        1        1
2461        1111        1        1
2487        1111        1        1
2514        1111        1        1
2514        1138        1        1
2540        1138        1        1
2540        1164        1        1
2540        1191        1        1
2566        1191        1        1
2566        1217        1        1
2593        1244        1        1
2593        1270        1        1
2619        1270        1        1
2619        1296        1        1
2619        1323        1        1
2646        1323        1        1
2646        1349        1        1
2646        1376        1        1
2672        1402        1        1
2672        1429        1        1
2699        1455        1        1
2699        1482        1        1
2699        1508        1        1
2725        1535        1        1
2725        1561        1        1
2725        1588        1        1
2752        1588        1        1
2752        1614        1        1
2752        1588        1        1
2725        1588        1        1
2725        1561        1        1
PEN_UP                  0
PEN_DOWN
2699         979        1        2
2699         953        1        2
2699         926        1        2
2699         900        1        2
2699         873        1        2
2699         900        1        2
2725         900        1        2
2725         926        1        2
2725         953        1        2
2752         979        1        2
2752        1005        1        2
2752        1032        1        2
2752        1058        1        2
2778        1111        1        2
2778        1138        1        2
2778        1191        1        2
2778        1244        1        2
2805        1296        1        2
2805        1323        1        2
2805        1376        1        2
2805        1429        1        2
2805        1482        1        2
2805        1535        1        2
2805        1561        1        2
2805        1614        1        2
2805        1667        1        2
2805        1693        1        2
2805        1746        1        2
2778        1773        1        2
2778        1799        1        2
2778        1852        1        2
2778        1879        1        2
2778        1905        1        2
2778        1931        1        2
2778        1958        1        2
2778        2011        1        2
2778        2037        1        2
2778        2064        1        2
2778        2090        1        2
2778        2117        1        2
2778        2170        1        2
2778        2196        1        2
2778        2223        1        2
2778        2249        1        2
2778        2275        1        2
2778        2328        1        2
2805        2355        1        2
2805        2381        1        2
2805        2408        1        2
2805        2434        1        2
2805        2487        1        2
2805        2514        1        2
2805        2540        1        2
2805        2566        1        2
2805        2593        1        2
2805        2619        1        2
2805        2646        1        2
2805        2672        1        2
2805        2699        1        2
2805        2725        1        2
2805        2752        1        2
2831        2752        1        2
2831        2778        1        2
2831        2805        1        2
2805        2805        1        2
2805        2778        1        2
2778        2752        1        2
PEN_UP                  0
PEN_DOWN
1826        2540        1        3
1826        2566        1        3
1826        2593        1        3
1826        2619        1        3
1826        2646        1        3
1826        2672        1        3
1826        2699        1        3
1826        2725        1        3
1826        2752        1        3
1799        2752        1        3
1799        2778        1        3
1773        2805        1        3
1746        2831        1        3
1720        2831        1        3
1693        2831        1        3
1667        2831        1        3
1640        2831        1        3
1640        2805        1        3
1614        2778        1        3
1614        2752        1        3
1614        2725        1        3
1640        2725        1        3
1640        2699        1        3
1640        2672        1        3
1667        2672        1        3
1667        2646        1        3
1693        2619        1        3
1693        2593        1        3
1720        2566        1        3
1746        2566        1        3
1773        2540        1        3
1773        2514        1        3
1799        2514        1        3
1826        2487        1        3
1852        2487        1        3
1879        2461        1        3
1905        2461        1        3
1931        2434        1        3
1958        2434        1        3
1984        2434        1        3
2011        2408        1        3
2037        2408        1        3
2064        2408        1        3
2090        2408        1        3
2117        2381        1        3
2143        2381        1        3
2170        2381        1        3
2196        2381        1        3
2249        2408        1        3
2275        2408        1        3
2302        2408        1        3
2328        2408        1        3
2355        2434        1        3
2381        2434        1        3
2408        2434        1        3
2408        2461        1        3
2434        2461        1        3
2461        2487        1        3
2487        2487        1        3
2514        2487        1        3
2514        2514        1        3
2540        2514        1        3
2566        2540        1        3
2593        2566        1        3
2619        2593        1        3
2646        2619        1        3
2672        2619        1        3
2672        2646        1        3
2699        2672        1        3
2725        2672        1        3
2725        2699        1        3
2752        2725        1        3
2778        2752        1        3
2805        2778        1        3
2831        2805        1        3
2858        2805        1        3
2858        2831        1        3
2884        2831        1        3
2884        2805        1        3
PEN_UP                  0
END_CHARACTER: SN
