CHARACTER_NAME: SK
STROKE_COUNT: 3
  X           Y   STYLUS_STATE STROKE
PEN_DOWN
1323        1746        1        1
1323        1773        1        1
1349        1773        1        1
1376        1773        1        1
1402        1773        1        1
1455        1773        1        1
1482        1799        1        1
1535        1799        1        1
1614        1799        1        1
1693        1799        1        1
1773        1799        1        1
1852        1799        1        1
1958        1799        1        1
2037        1826        1        1
2143        1826        1        1
2249        1826        1        1
2328        1852        1        1
2434        1852        1        1
2514        1852        1        1
2619        1852        1        1
2725        1852        1        1
2805        1879        1        1
2910        1879        1        1
3016        1879        1        1
3096        1879        1        1
3201        1879        1        1
3281        1879        1        1
3360        1905        1        1
3440        1905        1        1
3519        1905        1        1
3572        1905        1        1
3625        1905        1        1
3678        1905        1        1
3704        1905        1        1
3757        1931        1        1
3784        1931        1        1
3810        1931        1        1
3836        1931        1        1
3863        1931        1        1
PEN_UP                  0
PEN_DOWN
1799        2275        1        2
1826        2302        1        2
1826        2328        1        2
1852        2328        1        2
1879        2328        1        2
1879        2355        1        2
1905        2381        1        2
1931        2381        1        2
1958        2408        1        2
1984        2434        1        2
2011        2434        1        2
2037        2461        1        2
2064        2461        1        2
2090        2487        1        2
2117        2514        1        2
2143        2514        1        2
2170        2540        1        2
2196        2566        1        2
2223        2566        1        2
2249        2566        1        2
2275        2593        1        2
2302        2593        1        2
2302        2619        1        2
2328        2619        1        2
2355        2619        1        2
2355        2646        1        2
2381        2646        1        2
2408        2646        1        2
2434        2619        1        2
2461        2619        1        2
2487        2619        1        2
2487        2593        1        2
2514        2593        1        2
2540        2566        1        2
2566        2566        1        2
2566        2540        1        2
2593        2540        1        2
2619        2514        1        2
2646        2487        1        2
2672        2461        1        2
2699        2434        1        2
2699        2408        1        2
2725        2408        1        2
2752        2381        1        2
2752        2355        1        2
2778        2328        1        2
2778        2302        1        2
2805        2275        1        2
2831        2249        1        2
2831        2223        1        2
2831        2196        1        2
2858        2170        1        2
2858        2143        1        2
2884        2117        1        2
2884        2090        1        2
2884        2064        1        2
2884        2037        1        2
2884        2011        1        2
2884        1984        1        2
2884        1958        1        2
2910        1958        1        2
2884        1958        1        2
2910        1931        1        2
2884        1931        1        2
2910        1905        1        2
2884        1905        1        2
2910        1905        1        2
2884        1905        1        2
2884        1931        1        2
2858        1931        1        2
2858        1958        1        2
2831        1984        1        2
2831        2011        1        2
2831        2037        1        2
2805        2064        1        2
2805        2090        1        2
2805        2117        1        2
2778        2143        1        2
2778        2170        1        2
2778        2196        1        2
2778        2223        1        2
2778        2249        1        2
2778        2302        1        2
2778        2328        1        2
2778        2355        1        2
2805        2408        1        2
2805        2434        1        2
2805        2487        1        2
2805        2514        1        2
2805        2540        1        2
2805        2593        1        2
2805        2619        1        2
2831        2646        1        2
2831        2672        1        2
2831        2699        1        2
2831        2725        1        2
2858        2752        1        2
2858        2778        1        2
2884        2805        1        2
2884        2831        1        2
2884        2858        1        2
2910        2884        1        2
2937        2910        1        2
2937        2937        1        2
2963        2937        1        2
2963        2963        1        2
2990        2963        1        2
2990        2990        1        2
3016        2990        1        2
3043        2990        1        2
3069        2963        1        2
3096        2963        1        2
3122        2963        1        2
3149        2963        1        2
3175        2937        1        2
3201        2910        1        2
3228        2884        1        2
3254        2858        1        2
3281        2831        1        2
3307        2831        1        2
3334        2778        1        2
3360        2752        1        2
3387        2725        1        2
3387        2699        1        2
3413        2672        1        2
3413        2646        1        2
3440        2619        1        2
3440        2566        1        2
3466        2540        1        2
3466        2514        1        2
3466        2487        1        2
3493        2434        1        2
3493        2381        1        2
3519        2355        1        2
3519        2302        1        2
3545        2275        1        2
3545        2223        1        2
3545        2196        1        2
3545        2170        1        2
3572        2143        1        2
3572        2117        1        2
3572        2090        1        2
3572        2064        1        2
3572        2037        1        2
3572        2011        1        2
3572        1984        1        2
3572        1958        1        2
3572        1931        1        2
3572        1905        1        2
3572        1879        1        2
3572        1852        1        2
3545        1852        1        2
3545        1879        1        2
3545        1905        1        2
3545        1931        1        2
3519        1958        1        2
3519        1984        1        2
3519        2011        1        2
3519        2037        1        2
3493        2064        1        2
3493        2090        1        2
3493        2117        1        2
3493        2143        1        2
3466        2170        1        2
3466        2196        1        2
3466        2223        1        2
3466        2249        1        2
3440        2275        1        2
3440        2302        1        2
3440        2328        1        2
3440        2381        1        2
3413        2408        1        2
3413        2461        1        2
3413        2487        1        2
3387        2540        1        2
3387        2566        1        2
3387        2619        1        2
3387        2646        1        2
3360        2699        1        2
3360        2752        1        2
3360        2778        1        2
3334        2831        1        2
3334        2858        1        2
3334        2910        1        2
3307        2937        1        2
3307        2963        1        2
3307        3016        1        2
3281        3043        1        2
3281        3069        1        2
3281        3096        1        2
3254        3149        1        2
3254        3175        1        2
3254        3201        1        2
3254        3228        1        2
3254        3254        1        2
3254        3281        1        2
3228        3281        1        2
3228        3307        1        2
3228        3334        1        2
3228        3360        1        2
3228        3387        1        2
3228        3413        1        2
3228        3440        1        2
3201        3466        1        2
3201        3493        1        2
3201        3519        1        2
3201        3545        1        2
3201        3572        1        2
3201        3598        1        2
3201        3625        1        2
3175        3625        1        2
3175        3651        1        2
3175        3678        1        2
3175        3704        1        2
3175        3731        1        2
3149        3731        1        2
3149        3757        1        2
3149        3784        1        2
3122        3784        1        2
3122        3810        1        2
3096        3836        1        2
3096        3863        1        2
3096        3889        1        2
3069        3916        1        2
3069        3942        1        2
3043        3969        1        2
3043        3995        1        2
3043        4022        1        2
3043        4048        1        2
3043        4075        1        2
3016        4075        1        2
2990        4075        1        2
2990        4048        1        2
2963        4048        1        2
2937        4022        1        2
2910        3995        1        2
2884        3969        1        2
2858        3942        1        2
2831        3916        1        2
2805        3889        1        2
2778        3863        1        2
2752        3836        1        2
2725        3810        1        2
2672        3757        1        2
2646        3731        1        2
2619        3704        1        2
2593        3651        1        2
2566        3625        1        2
2540        3572        1        2
2540        3545        1        2
2514        3493        1        2
2487        3466        1        2
2461        3440        1        2
2434        3413        1        2
2434        3387        1        2
2408        3360        1        2
2381        3334        1        2
2381        3307        1        2
2355        3281        1        2
2328        3254        1        2
2302        3228        1        2
2302        3201        1        2
2275        3175        1        2
2249        3149        1        2
2249        3122        1        2
2223        3122        1        2
2223        3096        1        2
2196        3096        1        2
2196        3069        1        2
2223        3096        1        2
2249        3096        1        2
2275        3122        1        2
2302        3122        1        2
2328        3122        1        2
2355        3122        1        2
2381        3122        1        2
2408        3122        1        2
2434        3149        1        2
2461        3149        1        2
2487        3149        1        2
2540        3149        1        2
2593        3149        1        2
2619        3175        1        2
2672        3175        1        2
2725        3175        1        2
2778        3175        1        2
2805        3175        1        2
2858        3175        1        2
2910        3175        1        2
2937        3201        1        2
2963        3201        1        2
3016        3201        1        2
3043        3201        1        2
3069        3201        1        2
3096        3201        1        2
3122        3201        1        2
3175        3201        1        2
3201        3201        1        2
3228        3201        1        2
3254        3201        1        2
3281        3201        1        2
3307        3201        1        2
3334        3201        1        2
3360        3201        1        2
3387        3201        1        2
3413        3201        1        2
3440        3201        1        2
3466        3201        1        2
3493        3175        1        2
3466        3175        1        2
3440        3175        1        2
PEN_UP                  0
PEN_DOWN
3307        3175        1        3
3334        3175        1        3
3360        3175        1        3
3387        3175        1        3
3413        3175        1        3
3440        3175        1        3
3466        3175        1        3
3466        3201        1        3
3493        3201        1        3
3519        3201        1        3
3545        3228        1        3
3572        3228        1        3
3598        3228        1        3
3598        3254        1        3
3625        3254        1        3
3625        3281        1        3
3651        3281        1        3
3651        3307        1        3
3678        3334        1        3
3704        3334        1        3
3704        3360        1        3
3731        3387        1        3
3757        3413        1        3
3757        3440        1        3
3757        3466        1        3
3757        3493        1        3
3784        3519        1        3
3784        3545        1        3
3784        3572        1        3
3784        3598        1        3
3784        3625        1        3
3784        3651        1        3
3784        3678        1        3
3757        3704        1        3
3757        3731        1        3
3731        3757        1        3
3731        3784        1        3
3704        3810        1        3
3678        3836        1        3
3651        3836        1        3
3651        3863        1        3
3625        3863        1        3
3598        3863        1        3
3572        3889        1        3
3545        3889        1        3
3519        3863        1        3
3493        3863        1        3
3466        3863        1        3
3440        3836        1        3
3413        3810        1        3
3413        3784        1        3
3440        3731        1        3
3440        3704        1        3
3466        3678        1        3
3466        3651        1        3
3493        3625        1        3
3519        3598        1        3
3545        3598        1        3
3572        3598        1        3
3572        3625        1        3
3598        3651        1        3
3598        3678        1        3
3625        3704        1        3
3625        3731        1        3
3625        3757        1        3
PEN_UP                  0
END_CHARACTER: SK
