CHARACTER_NAME: NGC
STROKE_COUNT: 2
  X           Y   STYLUS_STATE STROKE
PEN_DOWN
 900        1111        1        1
 900        1138        1        1
 900        1164        1        1
 900        1191        1        1
 900        1217        1        1
 900        1244        1        1
 900        1270        1        1
 873        1296        1        1
 873        1323        1        1
 847        1349        1        1
 847        1376        1        1
 847        1402        1        1
 820        1402        1        1
 820        1429        1        1
 794        1429        1        1
 794        1455        1        1
 767        1455        1        1
 767        1482        1        1
 741        1482        1        1
 714        1482        1        1
 714        1455        1        1
 688        1455        1        1
 688        1429        1        1
 661        1402        1        1
 661        1376        1        1
 661        1349        1        1
 661        1323        1        1
 661        1296        1        1
 661        1270        1        1
 661        1244        1        1
 661        1217        1        1
 688        1191        1        1
 688        1164        1        1
 714        1138        1        1
 714        1111        1        1
 741        1111        1        1
 741        1085        1        1
 767        1085        1        1
 767        1058        1        1
 794        1058        1        1
 820        1058        1        1
 820        1032        1        1
 847        1032        1        1
 847        1005        1        1
 873        1005        1        1
 900        1005        1        1
 926         979        1        1
 953         979        1        1
 979         979        1        1
1005         979        1        1
1032         979        1        1
1058         953        1        1
1085         953        1        1
1111         953        1        1
1138         953        1        1
1164         953        1        1
1191         953        1        1
1217         953        1        1
1244         953        1        1
1244         979        1        1
1270         979        1        1
1296         979        1        1
1323         979        1        1
1323        1005        1        1
1349        1005        1        1
1376        1005        1        1
1376        1032        1        1
1402        1058        1        1
1429        1085        1        1
1429        1111        1        1
1455        1138        1        1
1455        1164        1        1
1482        1191        1        1
1482        1217        1        1
1482        1244        1        1
1508        1270        1        1
1508        1296        1        1
1508        1323        1        1
1508        1349        1        1
1508        1402        1        1
1508        1429        1        1
1508        1455        1        1
1508        1482        1        1
1508        1508        1        1
1508        1535        1        1
1508        1588        1        1
1508        1614        1        1
1508        1640        1        1
1508        1667        1        1
1508        1693        1        1
1508        1746        1        1
1482        1773        1        1
1482        1799        1        1
1482        1826        1        1
1455        1852        1        1
1455        1879        1        1
1455        1905        1        1
1429        1931        1        1
1429        1958        1        1
1402        1984        1        1
1402        2011        1        1
1376        2037        1        1
1376        2064        1        1
1349        2090        1        1
1349        2117        1        1
1323        2117        1        1
1323        2143        1        1
1296        2170        1        1
1270        2196        1        1
1270        2223        1        1
1244        2249        1        1
1217        2275        1        1
1191        2302        1        1
1191        2328        1        1
1164        2328        1        1
1164        2355        1        1
1138        2355        1        1
1138        2381        1        1
1111        2381        1        1
1111        2408        1        1
1085        2408        1        1
1085        2434        1        1
1058        2434        1        1
1085        2434        1        1
1085        2408        1        1
1111        2408        1        1
1111        2381        1        1
1138        2381        1        1
1164        2381        1        1
1164        2355        1        1
1191        2355        1        1
1217        2355        1        1
1244        2355        1        1
1270        2355        1        1
1296        2381        1        1
1323        2381        1        1
1349        2381        1        1
1376        2408        1        1
1402        2408        1        1
1429        2434        1        1
1455        2434        1        1
1482        2434        1        1
1508        2461        1        1
1535        2461        1        1
1561        2487        1        1
1588        2487        1        1
1614        2514        1        1
1640        2514        1        1
1667        2540        1        1
1693        2540        1        1
1720        2540        1        1
1746        2566        1        1
1773        2566        1        1
1799        2593        1        1
1826        2593        1        1
1852        2619        1        1
1879        2619        1        1
1905        2646        1        1
1905        2672        1        1
1931        2672        1        1
1958        2699        1        1
1984        2725        1        1
2011        2725        1        1
2037        2752        1        1
2037        2778        1        1
2064        2778        1        1
2090        2805        1        1
2117        2831        1        1
2143        2858        1        1
2170        2884        1        1
2196        2884        1        1
2196        2910        1        1
2223        2910        1        1
2223        2937        1        1
2249        2963        1        1
2275        2963        1        1
2275        2990        1        1
2302        2990        1        1
2302        3016        1        1
2328        3043        1        1
2328        3069        1        1
2355        3069        1        1
2355        3096        1        1
2381        3122        1        1
2408        3122        1        1
2408        3149        1        1
2408        3122        1        1
2408        3096        1        1
2408        3069        1        1
2408        3043        1        1
2408        3016        1        1
2408        2990        1        1
2408        2963        1        1
2408        2937        1        1
2408        2910        1        1
2381        2858        1        1
2381        2831        1        1
2381        2778        1        1
2355        2725        1        1
2355        2672        1        1
2355        2619        1        1
2355        2540        1        1
2355        2487        1        1
2355        2408        1        1
2355        2328        1        1
2355        2275        1        1
2355        2223        1        1
2355        2143        1        1
2355        2090        1        1
2355        2064        1        1
2355        2011        1        1
2355        1958        1        1
2355        1905        1        1
2355        1879        1        1
2355        1826        1        1
2355        1773        1        1
2381        1720        1        1
2381        1667        1        1
2381        1614        1        1
2381        1561        1        1
2381        1508        1        1
2381        1455        1        1
2381        1402        1        1
2381        1376        1        1
2381        1323        1        1
2381        1296        1        1
2381        1270        1        1
2381        1244        1        1
2381        1191        1        1
2408        1164        1        1
2408        1138        1        1
2408        1111        1        1
2408        1085        1        1
2408        1058        1        1
2408        1032        1        1
2408        1005        1        1
2381        1005        1        1
2381         979        1        1
2408         979        1        1
2408         953        1        1
2381         926        1        1
2408         900        1        1
2381         900        1        1
2381         873        1        1
2381         847        1        1
2381         820        1        1
2355         847        1        1
PEN_UP                  0
PEN_DOWN
2408        1085        1        2
2408        1058        1        2
2408        1032        1        2
2408        1005        1        2
2408         979        1        2
2434         979        1        2
2434         953        1        2
2461         953        1        2
2461         926        1        2
2487         926        1        2
2514         926        1        2
2514         900        1        2
2540         900        1        2
2566         900        1        2
2593         900        1        2
2619         900        1        2
2646         900        1        2
2646         926        1        2
2672         926        1        2
2699         953        1        2
2725         979        1        2
2752         979        1        2
2752        1005        1        2
2778        1032        1        2
2778        1058        1        2
2805        1085        1        2
2805        1111        1        2
2805        1138        1        2
2831        1164        1        2
2831        1191        1        2
2831        1244        1        2
2831        1270        1        2
2831        1296        1        2
2831        1323        1        2
2831        1376        1        2
2805        1402        1        2
2805        1429        1        2
2805        1482        1        2
2805        1508        1        2
2778        1535        1        2
2778        1588        1        2
2752        1614        1        2
2725        1640        1        2
2725        1667        1        2
2699        1693        1        2
2672        1720        1        2
2646        1746        1        2
2646        1773        1        2
2619        1799        1        2
2619        1826        1        2
2593        1826        1        2
2593        1852        1        2
2566        1852        1        2
2566        1879        1        2
2540        1879        1        2
2540        1905        1        2
2514        1879        1        2
2487        1879        1        2
2487        1852        1        2
2487        1826        1        2
2487        1799        1        2
2487        1773        1        2
2487        1746        1        2
2514        1720        1        2
2514        1693        1        2
2540        1693        1        2
2540        1667        1        2
2566        1667        1        2
2593        1640        1        2
2619        1640        1        2
2646        1614        1        2
2672        1614        1        2
2699        1614        1        2
2699        1588        1        2
2725        1588        1        2
2752        1588        1        2
2778        1588        1        2
2805        1588        1        2
2831        1588        1        2
2831        1614        1        2
2858        1614        1        2
2884        1614        1        2
2884        1640        1        2
2910        1640        1        2
2937        1667        1        2
2963        1693        1        2
2990        1693        1        2
2990        1720        1        2
3016        1746        1        2
3016        1773        1        2
3043        1773        1        2
3043        1799        1        2
3043        1826        1        2
3069        1826        1        2
3069        1852        1        2
3069        1879        1        2
3069        1905        1        2
3069        1931        1        2
3069        1958        1        2
3069        1984        1        2
3069        2011        1        2
3043        2037        1        2
3043        2064        1        2
3016        2090        1        2
3016        2117        1        2
3016        2143        1        2
2990        2143        1        2
2990        2170        1        2
2963        2196        1        2
2963        2223        1        2
2937        2249        1        2
2937        2275        1        2
2910        2275        1        2
2910        2302        1        2
2884        2328        1        2
2858        2328        1        2
2858        2355        1        2
2831        2355        1        2
2805        2355        1        2
2805        2381        1        2
2778        2381        1        2
2752        2381        1        2
2725        2408        1        2
2699        2408        1        2
2672        2408        1        2
2646        2408        1        2
2646        2381        1        2
2619        2381        1        2
2593        2381        1        2
2566        2355        1        2
2540        2328        1        2
2514        2328        1        2
2487        2302        1        2
2487        2275        1        2
2461        2249        1        2
2434        2223        1        2
2434        2196        1        2
2408        2170        1        2
2381        2143        1        2
2381        2117        1        2
2381        2090        1        2
2355        2064        1        2
2355        2037        1        2
2355        2011        1        2
2328        1984        1        2
2328        1958        1        2
2328        1931        1        2
PEN_UP                  0
END_CHARACTER: NGC
