CHARACTER_NAME: GR
STROKE_COUNT: 2
  X           Y   STYLUS_STATE STROKE
PEN_DOWN
1667        1720        1        1
1667        1693        1        1
1693        1693        1        1
1720        1693        1        1
1746        1693        1        1
1773        1693        1        1
1799        1693        1        1
1799        1667        1        1
1826        1667        1        1
1852        1667        1        1
1879        1640        1        1
1905        1640        1        1
1931        1640        1        1
1931        1614        1        1
1958        1614        1        1
1984        1588        1        1
2011        1588        1        1
2011        1561        1        1
2037        1561        1        1
2037        1535        1        1
2064        1535        1        1
2064        1508        1        1
2064        1482        1        1
2090        1482        1        1
2090        1455        1        1
2090        1429        1        1
2090        1402        1        1
2064        1376        1        1
2064        1349        1        1
2064        1323        1        1
2064        1296        1        1
2064        1270        1        1
2037        1244        1        1
2037        1217        1        1
2011        1191        1        1
2011        1164        1        1
1984        1164        1        1
1958        1164        1        1
1931        1164        1        1
1905        1164        1        1
1879        1164        1        1
1852        1164        1        1
1826        1191        1        1
1799        1217        1        1
1773        1217        1        1
1773        1244        1        1
1746        1244        1        1
1746        1270        1        1
1720        1270        1        1
1720        1244        1        1
1720        1217        1        1
1746        1217        1        1
1746        1191        1        1
1746        1164        1        1
1773        1164        1        1
1773        1138        1        1
1799        1111        1        1
1826        1085        1        1
1852        1085        1        1
1852        1058        1        1
1879        1058        1        1
1879        1032        1        1
1905        1032        1        1
1905        1005        1        1
1931        1005        1        1
1958        1005        1        1
1958         979        1        1
1984         979        1        1
2011         979        1        1
2037         953        1        1
2064         953        1        1
2090         953        1        1
2117         953        1        1
2143         953        1        1
2170         953        1        1
2196         953        1        1
2223         953        1        1
2249         953        1        1
2275         953        1        1
2302         953        1        1
2328         953        1        1
2328         979        1        1
2355         979        1        1
2381         979        1        1
2408         979        1        1
2408        1005        1        1
2434        1005        1        1
2461        1032        1        1
2487        1032        1        1
2487        1058        1        1
2514        1058        1        1
2514        1085        1        1
2540        1085        1        1
2566        1111        1        1
2593        1111        1        1
2593        1138        1        1
2619        1138        1        1
2646        1164        1        1
2672        1164        1        1
2672        1191        1        1
2699        1191        1        1
2699        1164        1        1
2699        1138        1        1
2699        1111        1        1
2699        1085        1        1
2699        1058        1        1
2699        1032        1        1
2699        1005        1        1
2699         953        1        1
2699         926        1        1
2699         900        1        1
2699         873        1        1
2699         847        1        1
2699         820        1        1
2699         794        1        1
2699         767        1        1
2699         741        1        1
2699         714        1        1
2725         714        1        1
2725         688        1        1
2725         661        1        1
2725         635        1        1
2725         609        1        1
2725         582        1        1
2725         556        1        1
2699         556        1        1
2699         582        1        1
2699         609        1        1
2725         635        1        1
2699         635        1        1
2725         661        1        1
2725         688        1        1
2725         714        1        1
2725         741        1        1
2725         767        1        1
2725         794        1        1
2725         820        1        1
2725         847        1        1
2725         873        1        1
2699         900        1        1
2699         953        1        1
2699         979        1        1
2699        1005        1        1
2699        1058        1        1
2699        1085        1        1
2699        1111        1        1
2699        1138        1        1
2699        1191        1        1
2699        1217        1        1
2672        1244        1        1
2672        1270        1        1
2672        1296        1        1
2672        1349        1        1
2672        1376        1        1
2672        1402        1        1
2672        1429        1        1
2672        1455        1        1
2672        1482        1        1
2646        1508        1        1
2646        1535        1        1
2646        1561        1        1
2646        1588        1        1
2646        1614        1        1
2646        1640        1        1
2646        1667        1        1
2619        1693        1        1
2619        1720        1        1
2619        1746        1        1
2619        1773        1        1
2619        1799        1        1
2593        1826        1        1
2593        1852        1        1
2593        1879        1        1
2593        1905        1        1
2593        1931        1        1
2566        1958        1        1
2566        1984        1        1
2566        2011        1        1
2566        2037        1        1
2566        2064        1        1
2540        2090        1        1
2540        2143        1        1
2540        2170        1        1
2540        2196        1        1
2540        2223        1        1
2540        2249        1        1
2540        2275        1        1
2514        2302        1        1
2514        2328        1        1
2514        2355        1        1
2514        2381        1        1
2514        2408        1        1
2514        2434        1        1
2514        2461        1        1
2487        2461        1        1
2487        2487        1        1
2487        2514        1        1
2487        2540        1        1
2487        2566        1        1
2487        2593        1        1
2487        2566        1        1
2514        2540        1        1
2514        2514        1        1
2514        2487        1        1
2514        2461        1        1
2514        2434        1        1
2487        2408        1        1
2487        2381        1        1
2487        2355        1        1
2461        2328        1        1
2461        2302        1        1
2461        2275        1        1
2434        2275        1        1
2434        2249        1        1
2434        2223        1        1
2408        2223        1        1
2408        2196        1        1
2381        2196        1        1
2355        2196        1        1
2355        2170        1        1
2328        2170        1        1
2302        2143        1        1
2275        2143        1        1
2249        2143        1        1
2223        2143        1        1
2196        2143        1        1
2170        2143        1        1
2143        2143        1        1
2117        2143        1        1
2090        2143        1        1
2090        2170        1        1
2064        2170        1        1
2037        2196        1        1
2011        2196        1        1
1984        2196        1        1
1984        2223        1        1
1958        2223        1        1
1931        2249        1        1
1905        2249        1        1
1879        2275        1        1
1852        2302        1        1
1826        2302        1        1
1826        2328        1        1
1799        2328        1        1
1799        2355        1        1
1773        2355        1        1
1746        2381        1        1
1746        2408        1        1
1720        2408        1        1
1693        2434        1        1
1693        2461        1        1
1667        2487        1        1
1640        2487        1        1
1640        2514        1        1
1614        2540        1        1
1588        2540        1        1
1588        2566        1        1
1561        2566        1        1
1561        2593        1        1
1535        2593        1        1
1508        2619        1        1
1482        2619        1        1
1455        2619        1        1
1455        2646        1        1
1429        2646        1        1
1402        2646        1        1
1376        2619        1        1
1349        2619        1        1
1323        2619        1        1
1296        2619        1        1
1270        2593        1        1
1244        2593        1        1
1217        2593        1        1
1191        2593        1        1
1164        2566        1        1
1138        2566        1        1
1111        2566        1        1
1085        2540        1        1
1058        2514        1        1
1032        2514        1        1
1032        2487        1        1
1005        2461        1        1
1005        2434        1        1
1005        2408        1        1
 979        2381        1        1
 979        2328        1        1
 979        2302        1        1
 979        2275        1        1
 979        2249        1        1
 979        2223        1        1
 979        2196        1        1
 979        2170        1        1
 979        2143        1        1
 979        2117        1        1
 979        2090        1        1
1005        2090        1        1
1005        2064        1        1
PEN_UP                  0
PEN_DOWN
2778         741        1        2
2752         741        1        2
2778         741        1        2
2778         714        1        2
2805         714        1        2
2831         714        1        2
2858         714        1        2
2884         714        1        2
2910         714        1        2
2937         714        1        2
2963         714        1        2
2990         714        1        2
3016         714        1        2
PEN_UP                  0
END_CHARACTER: GR
