CHARACTER_NAME: BRR
STROKE_COUNT: 2
  X           Y   STYLUS_STATE STROKE
PEN_DOWN
 661         926        1        1
 661         900        1        1
 688         900        1        1
 714         900        1        1
 741         900        1        1
 767         900        1        1
 794         900        1        1
 820         900        1        1
 847         873        1        1
 873         873        1        1
 900         873        1        1
 926         873        1        1
 953         873        1        1
 979         873        1        1
1005         873        1        1
1032         873        1        1
1058         873        1        1
1111         873        1        1
1138         873        1        1
1164         873        1        1
1217         873        1        1
1244         873        1        1
1296         873        1        1
1323         873        1        1
1376         873        1        1
1402         873        1        1
1455         900        1        1
1508         900        1        1
1561         900        1        1
1614         900        1        1
1667         900        1        1
1720         900        1        1
1773         900        1        1
1826         900        1        1
1852         900        1        1
1905         900        1        1
1958         900        1        1
2011         873        1        1
2037         873        1        1
2090         873        1        1
2143         873        1        1
2170         873        1        1
2196         873        1        1
2223         873        1        1
2249         873        1        1
2275         873        1        1
2302         873        1        1
2328         873        1        1
2355         873        1        1
2381         873        1        1
2355         873        1        1
2355         900        1        1
2328         900        1        1
2302         900        1        1
2302         926        1        1
2275         926        1        1
2249         953        1        1
2223         979        1        1
2196         979        1        1
2170        1005        1        1
2143        1032        1        1
2117        1058        1        1
2090        1058        1        1
2064        1085        1        1
2037        1111        1        1
2011        1138        1        1
1984        1164        1        1
1958        1191        1        1
1931        1217        1        1
1905        1244        1        1
1879        1270        1        1
1852        1296        1        1
1826        1323        1        1
1799        1349        1        1
1773        1376        1        1
1746        1402        1        1
1720        1455        1        1
1693        1482        1        1
1667        1508        1        1
1640        1535        1        1
1614        1535        1        1
1588        1561        1        1
1561        1588        1        1
1535        1614        1        1
1508        1640        1        1
1482        1667        1        1
1455        1667        1        1
1429        1693        1        1
1402        1720        1        1
1376        1746        1        1
1349        1773        1        1
1323        1799        1        1
1296        1826        1        1
1270        1852        1        1
1244        1879        1        1
1217        1879        1        1
1191        1905        1        1
1164        1931        1        1
1138        1958        1        1
1111        1984        1        1
1085        2011        1        1
1058        2011        1        1
1032        2037        1        1
1005        2064        1        1
 979        2090        1        1
 979        2064        1        1
1005        2064        1        1
1032        2037        1        1
1058        2037        1        1
1085        2037        1        1
1111        2011        1        1
1138        2011        1        1
1164        2011        1        1
1191        2011        1        1
1217        2037        1        1
1244        2037        1        1
1270        2037        1        1
1296        2037        1        1
1323        2037        1        1
1349        2037        1        1
1376        2037        1        1
1402        2037        1        1
1402        2064        1        1
1429        2064        1        1
1455        2064        1        1
1482        2090        1        1
1508        2090        1        1
1535        2090        1        1
1561        2117        1        1
1588        2117        1        1
1588        2143        1        1
1614        2143        1        1
1640        2143        1        1
1667        2170        1        1
1693        2196        1        1
1720        2223        1        1
1746        2223        1        1
1746        2249        1        1
1773        2275        1        1
1799        2275        1        1
1799        2302        1        1
1826        2302        1        1
1852        2328        1        1
1879        2355        1        1
1905        2381        1        1
1931        2381        1        1
1931        2408        1        1
1958        2434        1        1
1984        2461        1        1
1984        2487        1        1
2011        2487        1        1
2037        2514        1        1
2064        2540        1        1
2064        2566        1        1
2090        2566        1        1
2090        2593        1        1
2117        2593        1        1
2117        2619        1        1
2143        2619        1        1
2143        2646        1        1
2170        2646        1        1
2170        2672        1        1
2196        2699        1        1
2223        2725        1        1
2223        2752        1        1
2249        2752        1        1
2249        2778        1        1
2275        2778        1        1
2275        2752        1        1
2275        2725        1        1
2275        2699        1        1
2275        2672        1        1
2275        2646        1        1
2275        2619        1        1
2275        2593        1        1
2275        2566        1        1
2275        2540        1        1
2302        2514        1        1
2302        2487        1        1
2275        2461        1        1
2275        2434        1        1
2275        2408        1        1
2275        2381        1        1
2275        2355        1        1
2275        2328        1        1
2275        2302        1        1
2275        2275        1        1
2275        2249        1        1
2275        2223        1        1
2275        2196        1        1
2275        2170        1        1
2275        2143        1        1
2275        2117        1        1
2302        2090        1        1
2302        2064        1        1
2302        2037        1        1
2302        2011        1        1
2302        1984        1        1
2302        1958        1        1
2302        1931        1        1
2302        1905        1        1
2302        1879        1        1
2302        1852        1        1
2328        1826        1        1
2328        1799        1        1
2328        1773        1        1
2328        1746        1        1
2328        1720        1        1
2328        1693        1        1
2355        1693        1        1
2355        1667        1        1
2355        1640        1        1
2355        1614        1        1
2355        1588        1        1
2355        1561        1        1
2355        1535        1        1
2381        1508        1        1
2381        1482        1        1
2381        1455        1        1
2381        1429        1        1
2408        1402        1        1
2408        1376        1        1
2408        1349        1        1
2408        1323        1        1
2408        1296        1        1
2408        1270        1        1
2408        1244        1        1
2408        1217        1        1
2408        1191        1        1
2434        1164        1        1
2434        1138        1        1
2434        1111        1        1
2434        1085        1        1
2434        1058        1        1
2434        1032        1        1
2408        1005        1        1
2408         979        1        1
2408         953        1        1
2408         926        1        1
2408         900        1        1
2408         873        1        1
2381         873        1        1
PEN_UP                  0
PEN_DOWN
2355        2831        1        2
2328        2831        1        2
2302        2805        1        2
2302        2778        1        2
2275        2778        1        2
2249        2752        1        2
2223        2752        1        2
2223        2725        1        2
2196        2725        1        2
2170        2725        1        2
2143        2699        1        2
2117        2699        1        2
2090        2699        1        2
2064        2699        1        2
2037        2699        1        2
2011        2699        1        2
1984        2725        1        2
1958        2725        1        2
1931        2725        1        2
1931        2752        1        2
1905        2752        1        2
1879        2752        1        2
1879        2778        1        2
1852        2778        1        2
1826        2778        1        2
1826        2805        1        2
1799        2805        1        2
1773        2831        1        2
1746        2831        1        2
1746        2858        1        2
1720        2858        1        2
1693        2884        1        2
1667        2910        1        2
1640        2937        1        2
1614        2937        1        2
1614        2963        1        2
1588        2963        1        2
1561        2990        1        2
1535        3016        1        2
1508        3016        1        2
1482        3043        1        2
1455        3043        1        2
1429        3069        1        2
1402        3096        1        2
1376        3096        1        2
1349        3122        1        2
1323        3122        1        2
1296        3149        1        2
1270        3149        1        2
1244        3175        1        2
1191        3175        1        2
1164        3201        1        2
1138        3201        1        2
1111        3201        1        2
1085        3201        1        2
1058        3228        1        2
1032        3228        1        2
1005        3228        1        2
 979        3228        1        2
 953        3201        1        2
 926        3201        1        2
 900        3201        1        2
 873        3201        1        2
 847        3175        1        2
 820        3175        1        2
 794        3149        1        2
 767        3149        1        2
 767        3122        1        2
 741        3096        1        2
 714        3069        1        2
 688        3043        1        2
 688        3016        1        2
 661        2990        1        2
 635        2963        1        2
 635        2937        1        2
 609        2910        1        2
 609        2884        1        2
 582        2858        1        2
 582        2831        1        2
 556        2805        1        2
 556        2778        1        2
 529        2752        1        2
 529        2725        1        2
 503        2725        1        2
 503        2699        1        2
 503        2672        1        2
 476        2672        1        2
 476        2646        1        2
 476        2619        1        2
 476        2593        1        2
 450        2593        1        2
 476        2593        1        2
PEN_UP                  0
END_CHARACTER: BRR
