CHARACTER_NAME: MRR
STROKE_COUNT: 3
  X           Y   STYLUS_STATE STROKE
PEN_DOWN
 767         873        1        1
 741         873        1        1
 741         847        1        1
 767         873        1        1
 794         873        1        1
 794         847        1        1
 820         873        1        1
 847         873        1        1
 873         873        1        1
 900         873        1        1
 926         873        1        1
 953         873        1        1
 979         873        1        1
1005         873        1        1
1032         873        1        1
1058         873        1        1
1085         873        1        1
1111         873        1        1
1138         873        1        1
1164         873        1        1
1191         873        1        1
1217         873        1        1
1244         900        1        1
1296         900        1        1
1349         900        1        1
1376         900        1        1
1429         900        1        1
1482         873        1        1
1535         873        1        1
1588         873        1        1
1640         873        1        1
1693         873        1        1
1746         873        1        1
1799         873        1        1
1852         873        1        1
1905         873        1        1
1958         873        1        1
2011         873        1        1
2037         873        1        1
2090         873        1        1
2143         873        1        1
2196         900        1        1
2275         900        1        1
2328         873        1        1
2381         873        1        1
2461         873        1        1
2514         873        1        1
2566         873        1        1
2646         873        1        1
2699         873        1        1
2752         873        1        1
2805         873        1        1
2858         873        1        1
2910         873        1        1
2963         873        1        1
2990         873        1        1
3043         873        1        1
3069         873        1        1
3096         873        1        1
3122         873        1        1
3149         873        1        1
3201         873        1        1
3228         873        1        1
3254         873        1        1
3281         873        1        1
3307         873        1        1
3334         873        1        1
3360         873        1        1
3387         900        1        1
3413         900        1        1
3440         900        1        1
3466         900        1        1
3493         900        1        1
PEN_UP                  0
PEN_DOWN
1455         873        1        2
1429         873        1        2
1429         900        1        2
1402         926        1        2
1402         953        1        2
1376         953        1        2
1376         979        1        2
1349         979        1        2
1349        1005        1        2
1349        1032        1        2
1323        1058        1        2
1323        1085        1        2
1323        1111        1        2
1323        1138        1        2
1323        1164        1        2
1323        1191        1        2
1323        1217        1        2
1323        1244        1        2
1323        1270        1        2
1323        1296        1        2
1323        1323        1        2
1323        1349        1        2
1323        1376        1        2
1323        1402        1        2
1323        1429        1        2
1349        1455        1        2
1349        1482        1        2
1349        1508        1        2
1376        1508        1        2
1376        1535        1        2
1376        1561        1        2
1402        1588        1        2
1402        1614        1        2
1429        1614        1        2
1429        1640        1        2
1455        1667        1        2
1455        1693        1        2
1455        1720        1        2
1482        1720        1        2
1482        1746        1        2
1482        1773        1        2
1508        1773        1        2
1508        1799        1        2
1508        1826        1        2
1508        1852        1        2
1535        1852        1        2
1535        1879        1        2
1535        1905        1        2
1535        1931        1        2
1561        1958        1        2
1561        1984        1        2
1561        2011        1        2
1561        2037        1        2
1561        2064        1        2
1561        2090        1        2
1561        2117        1        2
1561        2143        1        2
1561        2170        1        2
1561        2196        1        2
1588        2223        1        2
1588        2249        1        2
1588        2275        1        2
1588        2302        1        2
1588        2328        1        2
1588        2355        1        2
1588        2381        1        2
1588        2434        1        2
1588        2461        1        2
1588        2487        1        2
1588        2514        1        2
1588        2540        1        2
1588        2593        1        2
1588        2619        1        2
1588        2646        1        2
1588        2672        1        2
1588        2699        1        2
1588        2725        1        2
1588        2752        1        2
1561        2778        1        2
1561        2805        1        2
1561        2831        1        2
1561        2858        1        2
1535        2884        1        2
1535        2910        1        2
1508        2937        1        2
1508        2963        1        2
1482        2963        1        2
1482        2990        1        2
1455        2990        1        2
1455        3016        1        2
1429        3016        1        2
1429        3043        1        2
1402        3043        1        2
1376        3016        1        2
1349        3016        1        2
1349        2990        1        2
1323        2990        1        2
1323        2963        1        2
1296        2963        1        2
1296        2937        1        2
1296        2910        1        2
1270        2910        1        2
1270        2884        1        2
1296        2858        1        2
1296        2831        1        2
1296        2805        1        2
1296        2778        1        2
1323        2778        1        2
1323        2752        1        2
1323        2725        1        2
1349        2725        1        2
1349        2699        1        2
1376        2699        1        2
1376        2672        1        2
1402        2672        1        2
1402        2646        1        2
1429        2646        1        2
1455        2646        1        2
1455        2619        1        2
1482        2619        1        2
1508        2619        1        2
1535        2619        1        2
1535        2593        1        2
1561        2593        1        2
1588        2593        1        2
1614        2593        1        2
1640        2593        1        2
1667        2566        1        2
1693        2566        1        2
1720        2566        1        2
1746        2566        1        2
1746        2593        1        2
1773        2593        1        2
1799        2593        1        2
1826        2593        1        2
1852        2593        1        2
1852        2619        1        2
1879        2619        1        2
1905        2619        1        2
1931        2646        1        2
1958        2646        1        2
1984        2646        1        2
2011        2646        1        2
2037        2672        1        2
2090        2672        1        2
2117        2672        1        2
2143        2672        1        2
2170        2699        1        2
2196        2699        1        2
2223        2699        1        2
2249        2725        1        2
2275        2725        1        2
2302        2752        1        2
2328        2752        1        2
2328        2778        1        2
2355        2805        1        2
2381        2831        1        2
2381        2858        1        2
2408        2858        1        2
2408        2884        1        2
2434        2910        1        2
2461        2937        1        2
2461        2963        1        2
2487        2990        1        2
2487        3016        1        2
2514        3016        1        2
2514        3043        1        2
2514        3069        1        2
2540        3096        1        2
2540        3122        1        2
2566        3149        1        2
2566        3175        1        2
2593        3175        1        2
2593        3201        1        2
2593        3228        1        2
2619        3228        1        2
2619        3254        1        2
2646        3281        1        2
2646        3254        1        2
2619        3254        1        2
2646        3228        1        2
2619        3201        1        2
2646        3201        1        2
2646        3175        1        2
2619        3175        1        2
2646        3149        1        2
2619        3149        1        2
2646        3122        1        2
2646        3096        1        2
2646        3069        1        2
2646        3043        1        2
2646        3016        1        2
2646        2990        1        2
2646        2963        1        2
2646        2937        1        2
2646        2910        1        2
2619        2884        1        2
2619        2858        1        2
2619        2831        1        2
2619        2805        1        2
2619        2778        1        2
2619        2752        1        2
2619        2725        1        2
2619        2699        1        2
2619        2672        1        2
2619        2646        1        2
2619        2619        1        2
2619        2593        1        2
2619        2540        1        2
2619        2514        1        2
2619        2487        1        2
2619        2434        1        2
2619        2408        1        2
2619        2381        1        2
2593        2328        1        2
2593        2302        1        2
2593        2249        1        2
2593        2223        1        2
2593        2170        1        2
2593        2143        1        2
2619        2090        1        2
2619        2064        1        2
2619        2037        1        2
2619        2011        1        2
2619        1958        1        2
2619        1931        1        2
2619        1905        1        2
2619        1879        1        2
2619        1852        1        2
2619        1826        1        2
2619        1799        1        2
2619        1773        1        2
2619        1746        1        2
2619        1720        1        2
2619        1693        1        2
2646        1693        1        2
2646        1667        1        2
2646        1640        1        2
2646        1614        1        2
2646        1588        1        2
2672        1561        1        2
2672        1535        1        2
2672        1508        1        2
2672        1482        1        2
2672        1455        1        2
2672        1429        1        2
2699        1402        1        2
2699        1376        1        2
2699        1349        1        2
2699        1323        1        2
2699        1296        1        2
2699        1270        1        2
2699        1244        1        2
2699        1217        1        2
2699        1191        1        2
2699        1164        1        2
2699        1138        1        2
2699        1111        1        2
2699        1085        1        2
2699        1058        1        2
2699        1032        1        2
2699        1005        1        2
2699         979        1        2
2699         953        1        2
2699         926        1        2
2699         900        1        2
2699         873        1        2
2699         847        1        2
PEN_UP                  0
PEN_DOWN
2646        3334        1        3
2646        3307        1        3
2646        3281        1        3
2619        3281        1        3
2619        3254        1        3
2619        3228        1        3
2619        3201        1        3
2593        3175        1        3
2593        3149        1        3
2566        3122        1        3
2566        3096        1        3
2540        3096        1        3
2514        3096        1        3
2487        3096        1        3
2461        3096        1        3
2434        3122        1        3
2408        3122        1        3
2381        3122        1        3
2355        3122        1        3
2328        3122        1        3
2328        3149        1        3
2302        3149        1        3
2275        3149        1        3
2249        3175        1        3
2223        3175        1        3
2196        3201        1        3
2170        3201        1        3
2143        3201        1        3
2117        3228        1        3
2090        3228        1        3
2064        3228        1        3
2037        3254        1        3
2011        3254        1        3
2011        3281        1        3
1984        3281        1        3
1958        3307        1        3
1931        3307        1        3
1905        3334        1        3
1879        3334        1        3
1852        3360        1        3
1826        3387        1        3
1799        3387        1        3
1773        3413        1        3
1746        3413        1        3
1720        3440        1        3
1667        3466        1        3
1640        3466        1        3
1614        3493        1        3
1588        3519        1        3
1561        3519        1        3
1535        3545        1        3
1508        3545        1        3
1482        3572        1        3
1455        3572        1        3
1429        3598        1        3
1402        3598        1        3
1376        3598        1        3
1349        3598        1        3
1323        3598        1        3
1296        3598        1        3
1270        3572        1        3
1244        3572        1        3
1217        3572        1        3
1191        3572        1        3
1164        3545        1        3
1111        3545        1        3
1085        3519        1        3
1032        3519        1        3
1005        3493        1        3
 979        3493        1        3
 926        3466        1        3
 900        3466        1        3
 873        3440        1        3
 820        3440        1        3
 794        3413        1        3
 767        3387        1        3
 741        3360        1        3
 714        3360        1        3
 714        3334        1        3
 688        3281        1        3
 661        3254        1        3
 661        3228        1        3
 635        3201        1        3
 635        3149        1        3
 635        3122        1        3
 609        3069        1        3
 609        3043        1        3
 609        3016        1        3
 609        2990        1        3
 582        2937        1        3
 582        2910        1        3
 556        2884        1        3
 556        2858        1        3
 556        2831        1        3
 529        2831        1        3
 529        2805        1        3
PEN_UP                  0
END_CHARACTER: MRR
