CHARACTER_NAME: EK
STROKE_COUNT: 1
  X           Y   STYLUS_STATE STROKE
PEN_DOWN
1984         661        1        1
1984         688        1        1
1958         688        1        1
1931         688        1        1
1931         714        1        1
1905         714        1        1
1879         714        1        1
1879         741        1        1
1852         741        1        1
1852         767        1        1
1826         767        1        1
1826         794        1        1
1799         794        1        1
1799         820        1        1
1773         847        1        1
1773         873        1        1
1773         900        1        1
1746         900        1        1
1746         926        1        1
1720         953        1        1
1720         979        1        1
1720        1005        1        1
1720        1032        1        1
1693        1058        1        1
1693        1085        1        1
1693        1111        1        1
1693        1138        1        1
1667        1164        1        1
1667        1191        1        1
1667        1217        1        1
1667        1244        1        1
1667        1270        1        1
1667        1296        1        1
1667        1323        1        1
1667        1349        1        1
1667        1402        1        1
1667        1429        1        1
1667        1455        1        1
1667        1482        1        1
1693        1508        1        1
1693        1535        1        1
1693        1561        1        1
1693        1588        1        1
1693        1614        1        1
1693        1640        1        1
1720        1667        1        1
1720        1693        1        1
1720        1720        1        1
1746        1746        1        1
1746        1773        1        1
1773        1799        1        1
1799        1826        1        1
1826        1852        1        1
1852        1905        1        1
1879        1931        1        1
1905        1958        1        1
1931        1984        1        1
1958        2011        1        1
2011        2037        1        1
2037        2037        1        1
2090        2064        1        1
2117        2090        1        1
2170        2090        1        1
2196        2117        1        1
2223        2143        1        1
2249        2143        1        1
2275        2170        1        1
2302        2170        1        1
2328        2196        1        1
2355        2223        1        1
2381        2223        1        1
2381        2249        1        1
2408        2249        1        1
2434        2275        1        1
2434        2302        1        1
2461        2302        1        1
2461        2328        1        1
2487        2355        1        1
2487        2381        1        1
2487        2408        1        1
2514        2434        1        1
2514        2461        1        1
2514        2487        1        1
2540        2514        1        1
2540        2540        1        1
2566        2566        1        1
2566        2593        1        1
2566        2619        1        1
2540        2646        1        1
2540        2672        1        1
2540        2699        1        1
2514        2725        1        1
2514        2752        1        1
2487        2778        1        1
2461        2805        1        1
2434        2831        1        1
2434        2858        1        1
2408        2884        1        1
2381        2910        1        1
2355        2937        1        1
2328        2963        1        1
2302        2990        1        1
2275        2990        1        1
2249        3016        1        1
2223        3043        1        1
2196        3069        1        1
2170        3096        1        1
2143        3122        1        1
2117        3122        1        1
2090        3149        1        1
2064        3149        1        1
2037        3175        1        1
2011        3201        1        1
1984        3201        1        1
1958        3228        1        1
1931        3228        1        1
1905        3228        1        1
1879        3254        1        1
1852        3254        1        1
1826        3254        1        1
1799        3254        1        1
1773        3254        1        1
1746        3254        1        1
1720        3254        1        1
1720        3228        1        1
1693        3228        1        1
1667        3228        1        1
1640        3201        1        1
1614        3201        1        1
1614        3175        1        1
1588        3175        1        1
1561        3149        1        1
1561        3122        1        1
1535        3096        1        1
1535        3069        1        1
1508        3043        1        1
1482        3016        1        1
1482        2990        1        1
1482        2963        1        1
1482        2937        1        1
1482        2910        1        1
1508        2884        1        1
1508        2858        1        1
1535        2858        1        1
1535        2831        1        1
1535        2805        1        1
1561        2805        1        1
1561        2778        1        1
1588        2778        1        1
1614        2752        1        1
1640        2752        1        1
1667        2752        1        1
1667        2778        1        1
1693        2778        1        1
1720        2778        1        1
1746        2805        1        1
1773        2805        1        1
1773        2831        1        1
1799        2858        1        1
1826        2884        1        1
1826        2910        1        1
1826        2937        1        1
1799        2963        1        1
1799        2990        1        1
1799        3016        1        1
1773        3043        1        1
1773        3069        1        1
1746        3096        1        1
1746        3122        1        1
1720        3122        1        1
1720        3149        1        1
1720        3175        1        1
1693        3175        1        1
1667        3201        1        1
1640        3201        1        1
1640        3228        1        1
1614        3228        1        1
1614        3201        1        1
1588        3201        1        1
1588        3175        1        1
1561        3175        1        1
1561        3149        1        1
1561        3122        1        1
1535        3122        1        1
1535        3096        1        1
1561        3096        1        1
PEN_UP                  0
END_CHARACTER: EK
