CHARACTER_NAME: ATH
STROKE_COUNT: 1
  X           Y   STYLUS_STATE STROKE
PEN_DOWN
 900         926        1        1
 900         900        1        1
 900         926        1        1
 900         953        1        1
 900         979        1        1
 900        1005        1        1
 900        1032        1        1
 900        1058        1        1
 900        1085        1        1
 900        1111        1        1
 900        1138        1        1
 900        1164        1        1
 900        1191        1        1
 900        1217        1        1
 900        1244        1        1
 900        1270        1        1
 900        1296        1        1
 900        1323        1        1
 900        1349        1        1
 900        1402        1        1
 900        1429        1        1
 900        1455        1        1
 900        1482        1        1
 900        1508        1        1
 900        1535        1        1
 900        1588        1        1
 900        1614        1        1
 900        1640        1        1
 900        1667        1        1
 900        1720        1        1
 926        1746        1        1
 926        1773        1        1
 926        1826        1        1
 926        1852        1        1
 926        1905        1        1
 926        1931        1        1
 926        1984        1        1
 926        2011        1        1
 926        2064        1        1
 926        2090        1        1
 926        2143        1        1
 926        2170        1        1
 926        2223        1        1
 926        2249        1        1
 926        2302        1        1
 926        2328        1        1
 926        2381        1        1
 926        2408        1        1
 926        2434        1        1
 926        2487        1        1
 926        2514        1        1
 926        2540        1        1
 953        2566        1        1
 953        2619        1        1
 953        2646        1        1
 953        2672        1        1
 953        2699        1        1
 953        2725        1        1
 979        2752        1        1
 979        2778        1        1
 979        2805        1        1
1005        2831        1        1
1005        2858        1        1
1005        2884        1        1
1032        2884        1        1
1032        2910        1        1
1058        2937        1        1
1058        2963        1        1
1085        2990        1        1
1085        3016        1        1
1111        3016        1        1
1138        3043        1        1
1138        3069        1        1
1164        3069        1        1
1191        3096        1        1
1217        3122        1        1
1244        3122        1        1
1270        3149        1        1
1296        3149        1        1
1323        3175        1        1
1349        3175        1        1
1376        3175        1        1
1402        3201        1        1
1429        3201        1        1
1455        3201        1        1
1482        3201        1        1
1508        3201        1        1
1535        3228        1        1
1561        3228        1        1
1588        3228        1        1
1614        3228        1        1
1640        3228        1        1
1667        3228        1        1
1693        3228        1        1
1720        3228        1        1
1720        3201        1        1
1746        3201        1        1
1773        3201        1        1
1799        3201        1        1
1826        3175        1        1
1852        3175        1        1
1879        3149        1        1
1905        3149        1        1
1905        3122        1        1
1931        3122        1        1
1958        3096        1        1
1984        3069        1        1
1984        3043        1        1
2011        3043        1        1
2011        3016        1        1
2037        2990        1        1
2037        2963        1        1
2037        2937        1        1
2064        2937        1        1
2064        2910        1        1
2064        2884        1        1
2090        2858        1        1
2090        2831        1        1
2090        2805        1        1
2117        2778        1        1
2117        2752        1        1
2117        2725        1        1
2117        2699        1        1
2143        2699        1        1
2143        2672        1        1
2143        2646        1        1
2143        2619        1        1
2143        2593        1        1
2143        2566        1        1
2143        2540        1        1
2143        2514        1        1
2143        2487        1        1
2143        2461        1        1
2143        2434        1        1
2117        2408        1        1
2117        2381        1        1
2090        2355        1        1
2090        2328        1        1
2064        2302        1        1
2064        2275        1        1
2037        2249        1        1
2037        2223        1        1
2011        2223        1        1
2011        2196        1        1
1984        2170        1        1
1958        2143        1        1
1958        2117        1        1
1931        2117        1        1
1931        2090        1        1
1905        2064        1        1
1905        2037        1        1
1879        2037        1        1
1852        2011        1        1
1826        1984        1        1
1799        1984        1        1
1773        1958        1        1
1746        1958        1        1
1720        1958        1        1
1693        1958        1        1
1667        1958        1        1
1640        1958        1        1
1614        1958        1        1
1588        1958        1        1
1561        1958        1        1
1535        1958        1        1
1535        1984        1        1
1508        1984        1        1
1508        1958        1        1
1508        1984        1        1
1482        1984        1        1
1455        1984        1        1
1455        1958        1        1
1429        1958        1        1
1402        1958        1        1
1376        1958        1        1
1349        1958        1        1
1323        1958        1        1
1296        1958        1        1
1270        1958        1        1
1270        1931        1        1
1244        1931        1        1
1217        1931        1        1
1191        1931        1        1
1191        1905        1        1
1164        1905        1        1
1138        1905        1        1
1111        1905        1        1
1085        1905        1        1
1058        1905        1        1
1058        1879        1        1
1058        1905        1        1
1058        1879        1        1
1032        1879        1        1
1005        1879        1        1
 979        1879        1        1
1005        1879        1        1
1032        1879        1        1
1058        1879        1        1
1058        1905        1        1
1085        1905        1        1
1111        1905        1        1
1138        1905        1        1
1164        1905        1        1
1191        1905        1        1
1217        1905        1        1
1217        1931        1        1
1244        1931        1        1
1270        1931        1        1
1296        1931        1        1
1323        1931        1        1
1349        1958        1        1
1376        1958        1        1
1402        1958        1        1
1429        1958        1        1
1429        1984        1        1
1455        1984        1        1
1482        1984        1        1
1508        1984        1        1
1535        2011        1        1
1561        2011        1        1
1588        2011        1        1
1614        2011        1        1
1640        2011        1        1
1667        2011        1        1
1693        2037        1        1
1720        2037        1        1
1746        2037        1        1
1773        2037        1        1
1799        2037        1        1
1826        2037        1        1
1852        2064        1        1
1879        2064        1        1
1905        2064        1        1
1931        2064        1        1
1958        2064        1        1
1984        2064        1        1
2037        2064        1        1
2064        2064        1        1
2090        2064        1        1
2117        2064        1        1
2170        2064        1        1
2196        2090        1        1
2223        2090        1        1
2275        2090        1        1
2302        2090        1        1
2328        2090        1        1
2355        2090        1        1
2381        2090        1        1
2434        2090        1        1
2461        2090        1        1
2487        2090        1        1
2514        2117        1        1
2566        2117        1        1
2593        2117        1        1
2619        2117        1        1
2646        2117        1        1
2699        2117        1        1
2725        2117        1        1
2752        2117        1        1
2778        2117        1        1
2805        2117        1        1
2831        2117        1        1
2858        2117        1        1
2884        2117        1        1
2910        2117        1        1
2937        2117        1        1
2963        2117        1        1
2990        2117        1        1
3016        2117        1        1
3043        2143        1        1
3016        2143        1        1
2990        2143        1        1
PEN_UP                  0
END_CHARACTER: ATH
