CHARACTER_NAME: NA
STROKE_COUNT: 2
  X           Y   STYLUS_STATE STROKE
PEN_DOWN
1429        3096        1        1
1429        3069        1        1
1429        3096        1        1
1429        3122        1        1
1455        3122        1        1
1455        3149        1        1
1455        3175        1        1
1455        3201        1        1
1429        3201        1        1
1429        3228        1        1
1429        3254        1        1
1402        3254        1        1
1402        3281        1        1
1402        3307        1        1
1376        3334        1        1
1349        3307        1        1
1323        3281        1        1
1323        3254        1        1
1323        3228        1        1
1323        3201        1        1
1323        3175        1        1
1323        3149        1        1
1349        3149        1        1
1349        3122        1        1
1376        3122        1        1
1376        3096        1        1
1402        3096        1        1
1402        3069        1        1
1429        3069        1        1
1455        3069        1        1
1482        3069        1        1
1508        3043        1        1
1535        3043        1        1
1561        3043        1        1
1588        3043        1        1
1614        3043        1        1
1640        3043        1        1
1667        3043        1        1
1693        3043        1        1
1720        3043        1        1
1746        3043        1        1
1746        3069        1        1
1773        3069        1        1
1799        3069        1        1
1826        3069        1        1
1852        3096        1        1
1879        3096        1        1
1905        3122        1        1
1931        3122        1        1
1958        3122        1        1
1958        3149        1        1
1984        3149        1        1
2011        3175        1        1
2037        3175        1        1
2037        3201        1        1
2064        3228        1        1
2090        3228        1        1
2090        3254        1        1
2117        3254        1        1
2117        3281        1        1
2143        3307        1        1
2170        3334        1        1
2170        3360        1        1
2196        3360        1        1
2196        3387        1        1
2223        3413        1        1
2223        3440        1        1
2223        3466        1        1
2249        3466        1        1
2249        3493        1        1
2275        3519        1        1
2275        3545        1        1
2302        3572        1        1
2302        3598        1        1
2302        3625        1        1
2328        3625        1        1
2328        3651        1        1
2328        3678        1        1
2355        3678        1        1
2355        3704        1        1
2355        3731        1        1
2381        3731        1        1
2381        3757        1        1
2381        3784        1        1
2408        3784        1        1
2408        3810        1        1
2408        3836        1        1
2434        3836        1        1
2434        3863        1        1
2434        3836        1        1
2434        3810        1        1
2434        3784        1        1
2434        3757        1        1
2461        3757        1        1
2461        3731        1        1
2461        3704        1        1
2461        3651        1        1
2461        3625        1        1
2461        3598        1        1
2461        3545        1        1
2487        3519        1        1
2487        3493        1        1
2487        3440        1        1
2487        3413        1        1
2487        3360        1        1
2487        3334        1        1
2487        3281        1        1
2487        3254        1        1
2487        3228        1        1
2487        3201        1        1
2487        3175        1        1
2487        3149        1        1
2487        3122        1        1
2487        3096        1        1
2487        3069        1        1
2487        3043        1        1
2487        3016        1        1
2487        2990        1        1
2487        2963        1        1
2487        2937        1        1
2487        2910        1        1
2487        2884        1        1
2487        2858        1        1
2461        2831        1        1
2461        2805        1        1
2461        2778        1        1
2487        2752        1        1
2487        2725        1        1
2487        2699        1        1
2487        2672        1        1
2487        2646        1        1
2487        2619        1        1
2487        2593        1        1
2487        2566        1        1
2487        2540        1        1
2487        2514        1        1
2487        2487        1        1
2487        2461        1        1
2487        2434        1        1
2487        2408        1        1
2487        2381        1        1
2487        2355        1        1
2487        2328        1        1
2487        2302        1        1
2487        2275        1        1
2487        2249        1        1
2487        2223        1        1
2487        2196        1        1
2487        2170        1        1
2487        2143        1        1
2487        2117        1        1
2487        2090        1        1
2487        2064        1        1
2514        2064        1        1
2514        2037        1        1
2514        2011        1        1
2514        1984        1        1
2514        1958        1        1
2514        1931        1        1
2514        1905        1        1
PEN_UP                  0
PEN_DOWN
1720        1826        1        2
1693        1826        1        2
1667        1826        1        2
1640        1826        1        2
1614        1826        1        2
1588        1826        1        2
1614        1826        1        2
1640        1826        1        2
1667        1826        1        2
1693        1826        1        2
1720        1826        1        2
1746        1826        1        2
1773        1826        1        2
1799        1826        1        2
1852        1826        1        2
1879        1826        1        2
1905        1826        1        2
1958        1826        1        2
1984        1826        1        2
2037        1826        1        2
2064        1826        1        2
2117        1826        1        2
2170        1826        1        2
2196        1852        1        2
2249        1852        1        2
2275        1852        1        2
2328        1852        1        2
2355        1852        1        2
2381        1852        1        2
2434        1852        1        2
2461        1852        1        2
2487        1852        1        2
2514        1852        1        2
2540        1879        1        2
2566        1879        1        2
2593        1879        1        2
2646        1879        1        2
2672        1879        1        2
2699        1879        1        2
2725        1879        1        2
2752        1879        1        2
2778        1905        1        2
2805        1905        1        2
2831        1905        1        2
2858        1905        1        2
2884        1905        1        2
2910        1905        1        2
2937        1905        1        2
2963        1905        1        2
2990        1931        1        2
3016        1931        1        2
3043        1931        1        2
3069        1931        1        2
3096        1931        1        2
3122        1931        1        2
3149        1931        1        2
3175        1931        1        2
3201        1931        1        2
PEN_UP                  0
END_CHARACTER: NA
