CHARACTER_NAME: PA
STROKE_COUNT: 3
  X           Y   STYLUS_STATE STROKE
PEN_DOWN
 979        1905        1        1
1005        1905        1        1
1032        1905        1        1
1058        1905        1        1
1085        1905        1        1
1085        1931        1        1
1111        1931        1        1
1138        1931        1        1
1164        1931        1        1
1164        1958        1        1
1191        1958        1        1
1217        1984        1        1
1244        1984        1        1
1244        2011        1        1
1270        2011        1        1
1270        2037        1        1
1296        2037        1        1
1296        2064        1        1
1323        2064        1        1
1323        2090        1        1
1349        2117        1        1
1349        2143        1        1
1349        2170        1        1
1349        2196        1        1
1376        2223        1        1
1376        2249        1        1
1376        2275        1        1
1376        2302        1        1
1402        2328        1        1
1402        2355        1        1
1402        2381        1        1
1402        2408        1        1
1402        2434        1        1
1402        2461        1        1
1402        2487        1        1
1402        2514        1        1
1402        2540        1        1
1402        2566        1        1
1402        2593        1        1
1402        2619        1        1
1402        2646        1        1
1402        2672        1        1
1402        2699        1        1
1402        2725        1        1
1376        2725        1        1
1376        2752        1        1
1376        2778        1        1
1376        2805        1        1
1349        2805        1        1
1349        2831        1        1
1349        2858        1        1
1349        2884        1        1
1323        2884        1        1
1349        2884        1        1
1349        2858        1        1
1349        2831        1        1
1376        2831        1        1
1376        2805        1        1
1376        2778        1        1
1402        2778        1        1
1402        2752        1        1
1429        2752        1        1
1429        2725        1        1
1455        2699        1        1
1482        2672        1        1
1508        2646        1        1
1535        2619        1        1
1561        2593        1        1
1614        2566        1        1
1640        2514        1        1
1693        2487        1        1
1720        2461        1        1
1773        2408        1        1
1826        2381        1        1
1852        2328        1        1
1905        2302        1        1
1931        2249        1        1
1984        2223        1        1
2011        2196        1        1
2037        2170        1        1
2064        2170        1        1
2090        2143        1        1
2117        2117        1        1
2143        2117        1        1
2170        2090        1        1
2196        2090        1        1
2196        2064        1        1
2223        2064        1        1
2249        2064        1        1
2249        2037        1        1
2275        2037        1        1
2302        2011        1        1
2328        2011        1        1
2328        1984        1        1
2355        1984        1        1
2381        1958        1        1
2408        1958        1        1
2434        1931        1        1
2461        1931        1        1
2487        1931        1        1
2487        1905        1        1
2514        1905        1        1
2540        1905        1        1
2540        1879        1        1
2566        1879        1        1
2566        1905        1        1
2540        1905        1        1
PEN_UP                  0
PEN_DOWN
 767        2064        1        2
 767        2037        1        2
 794        2037        1        2
 794        2011        1        2
 820        2011        1        2
 847        1984        1        2
 873        1958        1        2
 900        1958        1        2
 926        1931        1        2
 953        1931        1        2
 979        1931        1        2
1005        1931        1        2
1005        1905        1        2
1032        1905        1        2
1058        1905        1        2
1085        1879        1        2
1111        1879        1        2
1138        1879        1        2
1164        1879        1        2
1164        1852        1        2
1191        1852        1        2
1217        1852        1        2
1244        1852        1        2
1270        1852        1        2
1296        1826        1        2
1323        1826        1        2
1349        1826        1        2
1376        1826        1        2
1402        1826        1        2
1429        1826        1        2
1455        1799        1        2
1482        1799        1        2
1508        1799        1        2
1535        1799        1        2
1561        1799        1        2
1588        1799        1        2
1614        1799        1        2
1640        1799        1        2
1693        1799        1        2
1720        1799        1        2
1746        1799        1        2
1773        1799        1        2
1826        1799        1        2
1852        1799        1        2
1879        1799        1        2
1931        1799        1        2
1958        1799        1        2
1984        1799        1        2
2011        1799        1        2
2037        1799        1        2
2064        1799        1        2
2090        1826        1        2
2117        1826        1        2
2143        1826        1        2
2170        1826        1        2
2196        1852        1        2
2223        1852        1        2
2249        1852        1        2
2275        1879        1        2
2302        1879        1        2
2328        1879        1        2
2355        1905        1        2
2381        1905        1        2
2408        1905        1        2
2408        1931        1        2
2434        1931        1        2
2461        1931        1        2
2461        1958        1        2
2487        1958        1        2
2514        1958        1        2
2540        1984        1        2
2566        1984        1        2
2593        1984        1        2
2619        2011        1        2
2646        2011        1        2
2672        2037        1        2
2699        2037        1        2
2699        2064        1        2
2725        2064        1        2
2752        2090        1        2
2752        2064        1        2
2752        2037        1        2
2752        2011        1        2
2752        1984        1        2
2752        1958        1        2
2752        1931        1        2
2752        1905        1        2
2752        1879        1        2
2752        1852        1        2
2752        1826        1        2
2752        1799        1        2
2752        1773        1        2
2752        1746        1        2
2752        1720        1        2
2752        1693        1        2
2752        1667        1        2
2752        1640        1        2
2752        1614        1        2
2752        1588        1        2
2752        1561        1        2
2752        1535        1        2
2752        1508        1        2
2752        1535        1        2
2752        1561        1        2
2752        1588        1        2
2752        1614        1        2
2752        1640        1        2
2752        1667        1        2
2752        1693        1        2
2752        1720        1        2
2752        1773        1        2
2752        1799        1        2
2752        1826        1        2
2752        1852        1        2
2752        1879        1        2
2725        1931        1        2
2725        1958        1        2
2725        1984        1        2
2725        2037        1        2
2725        2064        1        2
2699        2090        1        2
2699        2117        1        2
2699        2170        1        2
2699        2196        1        2
2699        2223        1        2
2699        2249        1        2
2699        2302        1        2
2699        2328        1        2
2672        2355        1        2
2672        2381        1        2
2672        2408        1        2
2672        2434        1        2
2672        2487        1        2
2672        2514        1        2
2672        2540        1        2
2672        2566        1        2
2672        2593        1        2
2672        2619        1        2
2672        2646        1        2
2672        2672        1        2
2672        2699        1        2
2672        2725        1        2
2672        2752        1        2
2672        2778        1        2
2672        2805        1        2
2672        2831        1        2
2672        2858        1        2
2672        2884        1        2
2646        2910        1        2
2672        2910        1        2
2646        2937        1        2
2646        2963        1        2
2646        2990        1        2
2646        3016        1        2
2646        3043        1        2
2646        3069        1        2
2646        3096        1        2
2646        3122        1        2
2646        3149        1        2
2646        3175        1        2
2646        3201        1        2
2646        3228        1        2
2646        3254        1        2
2646        3281        1        2
2646        3307        1        2
2646        3334        1        2
2646        3360        1        2
2646        3387        1        2
2646        3413        1        2
2646        3440        1        2
2619        3440        1        2
2619        3413        1        2
2619        3387        1        2
PEN_UP                  0
PEN_DOWN
2725        1667        1        3
2752        1667        1        3
2778        1667        1        3
2805        1667        1        3
2831        1667        1        3
2858        1667        1        3
2884        1667        1        3
2910        1667        1        3
2937        1667        1        3
2963        1667        1        3
2990        1667        1        3
3016        1667        1        3
3043        1667        1        3
PEN_UP                  0
END_CHARACTER: PA
