CHARACTER_NAME: TN
STROKE_COUNT: 3
  X           Y   STYLUS_STATE STROKE
PEN_DOWN
1323        1244        1        1
1323        1217        1        1
1349        1217        1        1
1376        1217        1        1
1402        1217        1        1
1429        1217        1        1
1482        1217        1        1
1535        1217        1        1
1588        1244        1        1
1667        1244        1        1
1746        1244        1        1
1826        1244        1        1
1931        1244        1        1
2064        1244        1        1
2170        1217        1        1
2275        1217        1        1
2381        1217        1        1
2487        1217        1        1
2593        1217        1        1
2699        1217        1        1
2778        1191        1        1
2831        1191        1        1
2910        1191        1        1
2937        1217        1        1
2990        1217        1        1
3016        1217        1        1
3043        1217        1        1
3043        1191        1        1
3043        1217        1        1
PEN_UP                  0
PEN_DOWN
2752        1270        1        2
2725        1270        1        2
2725        1244        1        2
2725        1217        1        2
2725        1244        1        2
2725        1270        1        2
2725        1296        1        2
2725        1323        1        2
2725        1349        1        2
2725        1376        1        2
2725        1402        1        2
2699        1429        1        2
2699        1482        1        2
2699        1508        1        2
2699        1535        1        2
2672        1561        1        2
2672        1588        1        2
2672        1614        1        2
2646        1667        1        2
2646        1693        1        2
2619        1720        1        2
2619        1746        1        2
2619        1773        1        2
2593        1773        1        2
2593        1799        1        2
2566        1799        1        2
2566        1826        1        2
2540        1826        1        2
2540        1852        1        2
2514        1852        1        2
2487        1826        1        2
2487        1799        1        2
2461        1773        1        2
2461        1746        1        2
2461        1720        1        2
2461        1693        1        2
2487        1640        1        2
2487        1614        1        2
2487        1588        1        2
2514        1561        1        2
2514        1535        1        2
2540        1508        1        2
2566        1482        1        2
2593        1482        1        2
2593        1455        1        2
2619        1429        1        2
2646        1429        1        2
2672        1429        1        2
2699        1429        1        2
2725        1429        1        2
2752        1429        1        2
2778        1429        1        2
2778        1455        1        2
2805        1455        1        2
2831        1482        1        2
2858        1482        1        2
2884        1508        1        2
2884        1535        1        2
2910        1561        1        2
2937        1588        1        2
2937        1614        1        2
2963        1614        1        2
2990        1640        1        2
2990        1667        1        2
3016        1720        1        2
3016        1746        1        2
3016        1773        1        2
3043        1799        1        2
3043        1826        1        2
3043        1852        1        2
3043        1879        1        2
3043        1931        1        2
3043        1958        1        2
3016        1984        1        2
3016        2011        1        2
2990        2037        1        2
2990        2090        1        2
2990        2117        1        2
2963        2143        1        2
2937        2196        1        2
2937        2223        1        2
2910        2249        1        2
2884        2302        1        2
2858        2328        1        2
2831        2355        1        2
2805        2381        1        2
2778        2434        1        2
2752        2461        1        2
2725        2487        1        2
2699        2487        1        2
2699        2514        1        2
2672        2540        1        2
2646        2540        1        2
2619        2566        1        2
2593        2566        1        2
2566        2593        1        2
2540        2593        1        2
2487        2619        1        2
2461        2619        1        2
2434        2619        1        2
2381        2646        1        2
2355        2619        1        2
2302        2619        1        2
2275        2619        1        2
2249        2619        1        2
2196        2619        1        2
2170        2593        1        2
2143        2566        1        2
2117        2566        1        2
2064        2540        1        2
2037        2487        1        2
2011        2461        1        2
1984        2408        1        2
1958        2355        1        2
1931        2302        1        2
1905        2249        1        2
1879        2196        1        2
1879        2143        1        2
1852        2090        1        2
1852        2037        1        2
1852        1984        1        2
1826        1931        1        2
1826        1879        1        2
1826        1826        1        2
1799        1773        1        2
1799        1720        1        2
1799        1693        1        2
1799        1640        1        2
1799        1614        1        2
1799        1588        1        2
1799        1561        1        2
1799        1535        1        2
1799        1508        1        2
1799        1482        1        2
1799        1455        1        2
1799        1429        1        2
1799        1402        1        2
1773        1402        1        2
PEN_UP                  0
PEN_DOWN
2672        2540        1        3
2672        2514        1        3
2672        2487        1        3
2672        2461        1        3
2672        2487        1        3
2672        2514        1        3
2672        2540        1        3
2672        2566        1        3
2646        2593        1        3
2646        2619        1        3
2646        2646        1        3
2646        2672        1        3
2646        2725        1        3
2646        2752        1        3
2619        2805        1        3
2619        2831        1        3
2619        2884        1        3
2619        2910        1        3
2619        2937        1        3
2619        2963        1        3
2619        3016        1        3
2593        3043        1        3
2593        3069        1        3
2593        3096        1        3
2593        3122        1        3
2593        3149        1        3
2593        3175        1        3
2593        3201        1        3
2566        3228        1        3
2566        3254        1        3
2566        3281        1        3
2566        3307        1        3
2540        3307        1        3
2540        3281        1        3
2514        3281        1        3
2514        3254        1        3
2487        3254        1        3
2487        3228        1        3
2461        3201        1        3
2434        3175        1        3
2434        3149        1        3
2408        3149        1        3
2381        3122        1        3
2381        3096        1        3
2355        3069        1        3
2328        3069        1        3
2302        3043        1        3
2275        3016        1        3
2249        2990        1        3
2223        2990        1        3
2196        2963        1        3
2143        2937        1        3
2117        2937        1        3
2090        2910        1        3
2064        2910        1        3
2037        2910        1        3
2011        2910        1        3
1984        2884        1        3
1958        2884        1        3
1931        2910        1        3
1905        2910        1        3
1879        2910        1        3
1852        2937        1        3
1826        2937        1        3
1799        2937        1        3
1773        2963        1        3
1746        2963        1        3
1720        2990        1        3
1693        3016        1        3
1667        3043        1        3
1640        3069        1        3
1614        3096        1        3
1614        3122        1        3
1588        3149        1        3
1614        3175        1        3
1614        3201        1        3
1614        3228        1        3
1640        3228        1        3
1667        3254        1        3
1693        3228        1        3
1720        3228        1        3
1746        3228        1        3
1773        3228        1        3
1799        3201        1        3
1826        3175        1        3
1826        3149        1        3
1826        3122        1        3
1799        3096        1        3
1799        3069        1        3
1773        3069        1        3
1773        3043        1        3
1746        3043        1        3
1773        3043        1        3
PEN_UP                  0
END_CHARACTER: TN
