CHARACTER_NAME: NT
STROKE_COUNT: 4
  X           Y   STYLUS_STATE STROKE
PEN_DOWN
2143         953        1        1
2143         926        1        1
2170         926        1        1
2170         900        1        1
2196         900        1        1
2223         873        1        1
2249         873        1        1
2275         873        1        1
2302         873        1        1
2355         873        1        1
2408         873        1        1
2434         873        1        1
2487         873        1        1
2540         873        1        1
2593         873        1        1
2646         873        1        1
2699         873        1        1
2725         873        1        1
2778         873        1        1
2805         873        1        1
2831         873        1        1
2858         873        1        1
2884         873        1        1
2910         873        1        1
2937         873        1        1
2937         900        1        1
PEN_UP                  0
PEN_DOWN
2170         900        1        2
2196         900        1        2
2196         926        1        2
2223         953        1        2
2223         979        1        2
2223        1005        1        2
2249        1005        1        2
2249        1032        1        2
2249        1058        1        2
2249        1111        1        2
2275        1138        1        2
2275        1164        1        2
2275        1217        1        2
2275        1244        1        2
2275        1270        1        2
2275        1323        1        2
2275        1349        1        2
2275        1402        1        2
2275        1429        1        2
2275        1482        1        2
2275        1508        1        2
2275        1561        1        2
2275        1588        1        2
2275        1614        1        2
2275        1667        1        2
2275        1693        1        2
2275        1720        1        2
2275        1746        1        2
2275        1773        1        2
2249        1799        1        2
2249        1826        1        2
2249        1879        1        2
2249        1905        1        2
2249        1931        1        2
2249        1958        1        2
2249        1984        1        2
2249        2011        1        2
2249        2037        1        2
2249        2064        1        2
2249        2090        1        2
2249        2117        1        2
2249        2143        1        2
2249        2170        1        2
2275        2196        1        2
2275        2223        1        2
2275        2249        1        2
2275        2275        1        2
2275        2302        1        2
2275        2328        1        2
2302        2328        1        2
2302        2355        1        2
2302        2381        1        2
2302        2408        1        2
2328        2434        1        2
2355        2461        1        2
2355        2487        1        2
2381        2514        1        2
2408        2514        1        2
2434        2540        1        2
2461        2540        1        2
2487        2540        1        2
2514        2540        1        2
2540        2540        1        2
2566        2514        1        2
2593        2514        1        2
2619        2514        1        2
2646        2487        1        2
2672        2487        1        2
2699        2487        1        2
2699        2461        1        2
2725        2461        1        2
2752        2434        1        2
2778        2408        1        2
2805        2381        1        2
2805        2355        1        2
2831        2328        1        2
2858        2302        1        2
2858        2275        1        2
2884        2275        1        2
2884        2249        1        2
2910        2223        1        2
2910        2196        1        2
2910        2170        1        2
2937        2143        1        2
2937        2117        1        2
2937        2090        1        2
2963        2064        1        2
2963        2037        1        2
2963        2011        1        2
2990        1984        1        2
2990        1958        1        2
2990        1931        1        2
2990        1905        1        2
3016        1879        1        2
3016        1852        1        2
3016        1826        1        2
3016        1799        1        2
3016        1773        1        2
3016        1746        1        2
2990        1720        1        2
2990        1693        1        2
2990        1667        1        2
2963        1640        1        2
2963        1614        1        2
2937        1614        1        2
2937        1588        1        2
2910        1561        1        2
2884        1535        1        2
2858        1535        1        2
2831        1535        1        2
2831        1561        1        2
2805        1561        1        2
2778        1588        1        2
2752        1588        1        2
2752        1614        1        2
2725        1640        1        2
2725        1667        1        2
2699        1667        1        2
2699        1693        1        2
2699        1720        1        2
2699        1746        1        2
2725        1746        1        2
2752        1746        1        2
2778        1720        1        2
2805        1720        1        2
2805        1693        1        2
2831        1693        1        2
2805        1667        1        2
PEN_UP                  0
PEN_DOWN
2963        1032        1        3
2963        1005        1        3
2963         979        1        3
2990         979        1        3
2990         953        1        3
3016         926        1        3
3016         900        1        3
3016         873        1        3
3016         847        1        3
3016         820        1        3
3016         794        1        3
2990         767        1        3
2990         741        1        3
2990         714        1        3
2963         714        1        3
2963         688        1        3
2963         661        1        3
2937         661        1        3
2937         635        1        3
2910         635        1        3
2910         609        1        3
2884         582        1        3
2858         582        1        3
2858         556        1        3
2831         556        1        3
2805         529        1        3
2778         529        1        3
2752         503        1        3
2725         503        1        3
2699         476        1        3
2672         476        1        3
2646         476        1        3
2619         476        1        3
2593         476        1        3
2566         476        1        3
2540         450        1        3
2514         450        1        3
2487         450        1        3
2461         450        1        3
2434         450        1        3
2408         450        1        3
2381         476        1        3
2355         476        1        3
2328         476        1        3
2302         476        1        3
2275         476        1        3
2275         503        1        3
2249         503        1        3
2223         503        1        3
2196         503        1        3
2170         503        1        3
2143         503        1        3
2117         529        1        3
2090         529        1        3
2064         529        1        3
2037         529        1        3
2011         556        1        3
1984         556        1        3
1958         556        1        3
1931         556        1        3
1905         556        1        3
1879         582        1        3
1852         582        1        3
1826         582        1        3
1799         582        1        3
1773         582        1        3
1746         582        1        3
1720         582        1        3
1693         582        1        3
1667         556        1        3
1640         556        1        3
1614         556        1        3
1614         529        1        3
1588         529        1        3
1561         503        1        3
1535         476        1        3
1535         450        1        3
1508         450        1        3
1508         423        1        3
1508         397        1        3
1482         397        1        3
1482         370        1        3
1482         344        1        3
1455         318        1        3
1455         291        1        3
1455         265        1        3
1455         238        1        3
PEN_UP                  0
PEN_DOWN
1561        1244        1        4
1535        1244        1        4
1561        1244        1        4
1561        1270        1        4
1561        1296        1        4
1588        1296        1        4
1588        1323        1        4
1588        1349        1        4
1588        1376        1        4
1588        1402        1        4
1588        1429        1        4
1588        1455        1        4
1588        1482        1        4
1561        1482        1        4
1561        1508        1        4
1561        1535        1        4
1535        1561        1        4
1508        1561        1        4
1508        1535        1        4
1482        1508        1        4
1455        1508        1        4
1455        1482        1        4
1455        1455        1        4
1429        1455        1        4
1429        1429        1        4
1429        1402        1        4
1429        1376        1        4
1455        1376        1        4
1455        1349        1        4
1455        1323        1        4
1482        1296        1        4
1508        1270        1        4
1508        1244        1        4
1535        1244        1        4
1561        1217        1        4
1588        1191        1        4
1614        1191        1        4
1614        1164        1        4
1640        1164        1        4
1667        1138        1        4
1693        1138        1        4
1720        1138        1        4
1746        1111        1        4
1773        1111        1        4
1799        1111        1        4
1826        1085        1        4
1852        1085        1        4
1879        1085        1        4
1905        1085        1        4
1931        1085        1        4
1958        1085        1        4
1984        1085        1        4
2011        1085        1        4
2037        1085        1        4
2064        1085        1        4
2090        1085        1        4
2090        1111        1        4
2117        1111        1        4
2143        1111        1        4
2143        1138        1        4
2170        1138        1        4
2196        1138        1        4
2196        1164        1        4
2223        1191        1        4
2249        1191        1        4
2249        1217        1        4
2275        1217        1        4
2275        1244        1        4
2302        1244        1        4
2302        1270        1        4
2328        1296        1        4
2355        1323        1        4
2355        1349        1        4
2381        1376        1        4
2381        1402        1        4
2381        1429        1        4
2381        1455        1        4
2408        1455        1        4
2408        1482        1        4
2408        1508        1        4
2408        1535        1        4
2408        1561        1        4
2408        1588        1        4
2408        1614        1        4
2408        1640        1        4
2408        1667        1        4
2408        1693        1        4
2381        1720        1        4
2408        1720        1        4
PEN_UP                  0
END_CHARACTER: NT
