CHARACTER_NAME: MB
STROKE_COUNT: 3
  X           Y   STYLUS_STATE STROKE
PEN_DOWN
 926        1058        1        1
 953        1058        1        1
 979        1058        1        1
1005        1058        1        1
1032        1085        1        1
1058        1085        1        1
1085        1085        1        1
1138        1085        1        1
1164        1085        1        1
1191        1085        1        1
1244        1085        1        1
1270        1085        1        1
1296        1085        1        1
1349        1085        1        1
1376        1085        1        1
1402        1085        1        1
1429        1085        1        1
1455        1085        1        1
1482        1085        1        1
1508        1085        1        1
1535        1085        1        1
1588        1085        1        1
1614        1085        1        1
1640        1085        1        1
1667        1085        1        1
1693        1085        1        1
1720        1085        1        1
1746        1085        1        1
1773        1085        1        1
1799        1085        1        1
1826        1085        1        1
1852        1085        1        1
1879        1085        1        1
1905        1085        1        1
1931        1085        1        1
1905        1085        1        1
1879        1085        1        1
1879        1111        1        1
1852        1111        1        1
1826        1111        1        1
1826        1138        1        1
1799        1138        1        1
1773        1164        1        1
1746        1191        1        1
1720        1217        1        1
1693        1244        1        1
1640        1270        1        1
1614        1296        1        1
1588        1323        1        1
1561        1349        1        1
1535        1349        1        1
1508        1376        1        1
1482        1402        1        1
1455        1402        1        1
1429        1402        1        1
1429        1429        1        1
1455        1402        1        1
1482        1402        1        1
1508        1376        1        1
1535        1376        1        1
1561        1349        1        1
1588        1349        1        1
1614        1349        1        1
1640        1349        1        1
1667        1349        1        1
1693        1349        1        1
1720        1349        1        1
1746        1349        1        1
1773        1349        1        1
1799        1376        1        1
1826        1376        1        1
1826        1402        1        1
1852        1429        1        1
1879        1455        1        1
1879        1482        1        1
1879        1508        1        1
1879        1535        1        1
1879        1561        1        1
1879        1588        1        1
1852        1614        1        1
1826        1667        1        1
1799        1693        1        1
1773        1720        1        1
1746        1746        1        1
1693        1773        1        1
1667        1799        1        1
1614        1826        1        1
1588        1826        1        1
1535        1852        1        1
1508        1852        1        1
1455        1852        1        1
1429        1852        1        1
1402        1852        1        1
1376        1826        1        1
1376        1799        1        1
1376        1773        1        1
1402        1773        1        1
1429        1746        1        1
1455        1746        1        1
1508        1720        1        1
1535        1720        1        1
1561        1720        1        1
1614        1693        1        1
1640        1693        1        1
1693        1693        1        1
1746        1720        1        1
1773        1720        1        1
1826        1720        1        1
1852        1746        1        1
1905        1746        1        1
1931        1773        1        1
1958        1799        1        1
1984        1826        1        1
2011        1852        1        1
2037        1879        1        1
2064        1905        1        1
2090        1958        1        1
2117        1984        1        1
2117        2011        1        1
2143        2064        1        1
2143        2090        1        1
2170        2117        1        1
2170        2143        1        1
2196        2196        1        1
2196        2223        1        1
2223        2249        1        1
2223        2275        1        1
2249        2275        1        1
2249        2302        1        1
2249        2275        1        1
2223        2275        1        1
2223        2249        1        1
2223        2223        1        1
2223        2196        1        1
2223        2170        1        1
2223        2143        1        1
2223        2117        1        1
2223        2064        1        1
2223        2037        1        1
2196        2011        1        1
2196        1958        1        1
2196        1931        1        1
2196        1879        1        1
2196        1852        1        1
2196        1799        1        1
2196        1773        1        1
2196        1746        1        1
2196        1720        1        1
2196        1693        1        1
2196        1667        1        1
2170        1640        1        1
2170        1614        1        1
2170        1588        1        1
2170        1561        1        1
2143        1535        1        1
2143        1508        1        1
2143        1482        1        1
2143        1455        1        1
2117        1429        1        1
2117        1402        1        1
2117        1376        1        1
2090        1349        1        1
2090        1323        1        1
2090        1296        1        1
2090        1270        1        1
2090        1244        1        1
2064        1244        1        1
2064        1217        1        1
2064        1191        1        1
2064        1164        1        1
2064        1138        1        1
2064        1111        1        1
2037        1085        1        1
2037        1111        1        1
2011        1138        1        1
PEN_UP                  0
PEN_DOWN
2223        2090        1        2
2196        2090        1        2
2196        2117        1        2
2170        2117        1        2
2170        2143        1        2
2143        2143        1        2
2117        2170        1        2
2090        2196        1        2
2064        2223        1        2
2037        2249        1        2
2011        2275        1        2
1984        2302        1        2
1958        2328        1        2
1931        2355        1        2
1905        2381        1        2
1852        2381        1        2
1826        2408        1        2
1799        2434        1        2
1773        2461        1        2
1720        2487        1        2
1693        2487        1        2
1693        2514        1        2
1667        2514        1        2
1640        2540        1        2
1614        2540        1        2
1588        2566        1        2
1561        2566        1        2
1535        2593        1        2
1561        2593        1        2
1561        2619        1        2
1588        2619        1        2
1614        2646        1        2
1640        2646        1        2
1667        2646        1        2
1693        2646        1        2
1720        2672        1        2
1746        2672        1        2
1773        2699        1        2
1799        2699        1        2
1826        2725        1        2
1852        2725        1        2
1879        2725        1        2
1905        2752        1        2
1931        2752        1        2
1931        2778        1        2
1958        2778        1        2
1984        2805        1        2
2011        2805        1        2
2011        2831        1        2
2037        2831        1        2
2037        2858        1        2
2064        2884        1        2
2090        2910        1        2
2090        2937        1        2
2117        2963        1        2
2117        2990        1        2
2143        3016        1        2
2143        3043        1        2
2143        3069        1        2
2143        3096        1        2
2143        3122        1        2
2170        3122        1        2
2143        3122        1        2
2143        3096        1        2
2143        3069        1        2
2143        3043        1        2
2143        3016        1        2
2143        2990        1        2
2143        2963        1        2
2143        2937        1        2
2143        2910        1        2
2143        2884        1        2
2143        2858        1        2
2143        2831        1        2
2143        2805        1        2
2143        2778        1        2
2170        2778        1        2
2170        2752        1        2
2170        2725        1        2
2170        2699        1        2
2170        2672        1        2
2170        2646        1        2
2170        2619        1        2
2170        2593        1        2
2196        2566        1        2
2196        2540        1        2
2196        2514        1        2
2196        2487        1        2
2223        2487        1        2
2223        2461        1        2
2223        2434        1        2
2223        2408        1        2
2223        2381        1        2
2223        2355        1        2
2249        2328        1        2
2249        2302        1        2
2249        2275        1        2
2249        2249        1        2
2249        2223        1        2
2249        2196        1        2
2275        2196        1        2
2249        2196        1        2
PEN_UP                  0
PEN_DOWN
2117        1111        1        3
2143        1111        1        3
2170        1111        1        3
2196        1111        1        3
2223        1111        1        3
2249        1111        1        3
2275        1111        1        3
2302        1111        1        3
2328        1111        1        3
2355        1111        1        3
2381        1111        1        3
2408        1111        1        3
PEN_UP                  0
END_CHARACTER: MB
