CHARACTER_NAME: NGK
STROKE_COUNT: 4
  X           Y   STYLUS_STATE STROKE
PEN_DOWN
2064        1746        1        1
2064        1773        1        1
2037        1773        1        1
2037        1799        1        1
2037        1826        1        1
2011        1852        1        1
1984        1879        1        1
1958        1905        1        1
1931        1931        1        1
1931        1905        1        1
1905        1905        1        1
1905        1879        1        1
1905        1852        1        1
1905        1826        1        1
1931        1799        1        1
1931        1773        1        1
1958        1773        1        1
1984        1746        1        1
1984        1720        1        1
2011        1720        1        1
2037        1693        1        1
2064        1693        1        1
2090        1693        1        1
2090        1667        1        1
2117        1667        1        1
2143        1667        1        1
2170        1667        1        1
2196        1667        1        1
2223        1667        1        1
2249        1693        1        1
2275        1693        1        1
2302        1720        1        1
2328        1720        1        1
2355        1720        1        1
2381        1746        1        1
2408        1773        1        1
2434        1773        1        1
2461        1799        1        1
2461        1826        1        1
2487        1826        1        1
2487        1852        1        1
2514        1879        1        1
2514        1905        1        1
2540        1931        1        1
2540        1958        1        1
2566        1984        1        1
2566        2011        1        1
2566        2037        1        1
2540        2037        1        1
2540        2064        1        1
2514        2090        1        1
2487        2117        1        1
2461        2143        1        1
2434        2170        1        1
2408        2196        1        1
2355        2223        1        1
2328        2249        1        1
2302        2302        1        1
2275        2328        1        1
2249        2355        1        1
2223        2381        1        1
2196        2381        1        1
2170        2408        1        1
2143        2434        1        1
2143        2461        1        1
2117        2461        1        1
2117        2487        1        1
2090        2487        1        1
2090        2514        1        1
2064        2514        1        1
2064        2540        1        1
2090        2540        1        1
2117        2540        1        1
2143        2566        1        1
2170        2566        1        1
2196        2566        1        1
2223        2593        1        1
2275        2593        1        1
2302        2593        1        1
2328        2619        1        1
2355        2619        1        1
2381        2646        1        1
2408        2646        1        1
2434        2672        1        1
2461        2672        1        1
2487        2699        1        1
2514        2699        1        1
2514        2725        1        1
2540        2752        1        1
2566        2778        1        1
2593        2778        1        1
2593        2805        1        1
2619        2831        1        1
2646        2831        1        1
2672        2858        1        1
2672        2884        1        1
2699        2884        1        1
2725        2910        1        1
2725        2937        1        1
2752        2937        1        1
2752        2963        1        1
2778        2963        1        1
2752        2937        1        1
2752        2910        1        1
2752        2884        1        1
2725        2858        1        1
2725        2831        1        1
2725        2778        1        1
2699        2752        1        1
2699        2725        1        1
2699        2699        1        1
2672        2672        1        1
2672        2619        1        1
2672        2593        1        1
2646        2566        1        1
2646        2514        1        1
2619        2487        1        1
2619        2461        1        1
2619        2408        1        1
2593        2381        1        1
2593        2355        1        1
2593        2328        1        1
2593        2302        1        1
2566        2275        1        1
2566        2249        1        1
2566        2223        1        1
2566        2196        1        1
2540        2170        1        1
2540        2143        1        1
2540        2117        1        1
2540        2090        1        1
2514        2064        1        1
2514        2037        1        1
2514        2011        1        1
2514        1984        1        1
2487        1958        1        1
2514        1958        1        1
2540        1958        1        1
2566        1958        1        1
2593        1958        1        1
2619        1958        1        1
2646        1984        1        1
2672        1984        1        1
2699        1984        1        1
2752        1984        1        1
2778        1984        1        1
2805        1984        1        1
2831        2011        1        1
2858        2011        1        1
2884        2037        1        1
2910        2037        1        1
2910        2064        1        1
2937        2064        1        1
2937        2090        1        1
2937        2117        1        1
2963        2117        1        1
2963        2143        1        1
2990        2170        1        1
2990        2196        1        1
2990        2223        1        1
3016        2223        1        1
3016        2249        1        1
3016        2275        1        1
3043        2275        1        1
3043        2302        1        1
3043        2328        1        1
3016        2328        1        1
3016        2355        1        1
2990        2355        1        1
2963        2355        1        1
2937        2355        1        1
2910        2355        1        1
PEN_UP                  0
PEN_DOWN
2619        1614        1        2
2646        1640        1        2
2672        1667        1        2
2672        1693        1        2
2699        1693        1        2
2725        1720        1        2
2752        1746        1        2
2778        1746        1        2
2778        1773        1        2
2805        1773        1        2
2831        1773        1        2
2858        1746        1        2
2884        1746        1        2
2910        1746        1        2
2910        1720        1        2
2937        1720        1        2
2963        1693        1        2
2990        1693        1        2
2990        1667        1        2
3016        1640        1        2
3016        1614        1        2
3043        1588        1        2
3043        1561        1        2
3043        1535        1        2
3043        1508        1        2
3043        1482        1        2
3043        1455        1        2
PEN_UP                  0
PEN_DOWN
1614        1561        1        3
1640        1561        1        3
1667        1561        1        3
1693        1561        1        3
1720        1561        1        3
1746        1561        1        3
1773        1561        1        3
1799        1535        1        3
1826        1535        1        3
1879        1535        1        3
1905        1535        1        3
1931        1535        1        3
1984        1535        1        3
2011        1508        1        3
2037        1508        1        3
2090        1508        1        3
2117        1508        1        3
2143        1482        1        3
2196        1482        1        3
2223        1482        1        3
2249        1455        1        3
2302        1455        1        3
2328        1455        1        3
2355        1455        1        3
2408        1429        1        3
2434        1429        1        3
2461        1429        1        3
2514        1429        1        3
2540        1402        1        3
2566        1402        1        3
2593        1402        1        3
2646        1402        1        3
2672        1376        1        3
2699        1376        1        3
2725        1376        1        3
2752        1376        1        3
2805        1349        1        3
2831        1349        1        3
2858        1349        1        3
2884        1349        1        3
2910        1349        1        3
2937        1349        1        3
2963        1349        1        3
2990        1349        1        3
3016        1349        1        3
3043        1323        1        3
3069        1323        1        3
3096        1323        1        3
3122        1323        1        3
3149        1323        1        3
3201        1323        1        3
3228        1296        1        3
3254        1296        1        3
3281        1296        1        3
3307        1296        1        3
3334        1296        1        3
3360        1296        1        3
3387        1296        1        3
3413        1270        1        3
3440        1270        1        3
PEN_UP                  0
PEN_DOWN
2646        1640        1        4
2619        1640        1        4
2619        1614        1        4
2593        1614        1        4
2593        1588        1        4
2566        1561        1        4
2540        1561        1        4
2540        1535        1        4
2540        1508        1        4
2514        1508        1        4
PEN_UP                  0
END_CHARACTER: NGK
