CHARACTER_NAME: GA
STROKE_COUNT: 3
  X           Y   STYLUS_STATE STROKE
PEN_DOWN
PEN_UP                  0
1984        1720        1        1
PEN_DOWN
2064        1482        1        2
2064        1455        1        2
2037        1455        1        2
2037        1429        1        2
2011        1429        1        2
1984        1429        1        2
1958        1429        1        2
1931        1429        1        2
1905        1455        1        2
1879        1455        1        2
1852        1455        1        2
1826        1482        1        2
1799        1482        1        2
1773        1482        1        2
1773        1508        1        2
1746        1508        1        2
1720        1535        1        2
1693        1561        1        2
1667        1561        1        2
1667        1588        1        2
1640        1614        1        2
1614        1640        1        2
1614        1667        1        2
1614        1693        1        2
1640        1693        1        2
1667        1693        1        2
1693        1693        1        2
1720        1693        1        2
1746        1693        1        2
1773        1720        1        2
1799        1720        1        2
1826        1720        1        2
1852        1720        1        2
1879        1720        1        2
1905        1720        1        2
1905        1746        1        2
1931        1746        1        2
1958        1746        1        2
1984        1746        1        2
2011        1746        1        2
2037        1746        1        2
2064        1773        1        2
2090        1773        1        2
2117        1773        1        2
2143        1799        1        2
2170        1799        1        2
2170        1826        1        2
2170        1852        1        2
2170        1879        1        2
2170        1905        1        2
2170        1931        1        2
2170        1958        1        2
2143        1958        1        2
2143        1984        1        2
2117        2011        1        2
2117        2037        1        2
2090        2064        1        2
2064        2090        1        2
2064        2117        1        2
2037        2117        1        2
2037        2143        1        2
2011        2170        1        2
2011        2196        1        2
1984        2196        1        2
1958        2223        1        2
1931        2249        1        2
1905        2249        1        2
1879        2275        1        2
1852        2302        1        2
1826        2302        1        2
1799        2328        1        2
1746        2328        1        2
1720        2328        1        2
1693        2355        1        2
1667        2355        1        2
1614        2355        1        2
1614        2381        1        2
1588        2381        1        2
1561        2381        1        2
1535        2381        1        2
1535        2355        1        2
1508        2355        1        2
1508        2328        1        2
PEN_UP                  0
PEN_DOWN
2117        1429        1        3
2143        1455        1        3
2170        1455        1        3
2170        1482        1        3
2196        1482        1        3
2223        1508        1        3
2249        1535        1        3
2249        1561        1        3
2275        1588        1        3
2302        1588        1        3
2328        1614        1        3
2355        1640        1        3
2381        1667        1        3
2381        1693        1        3
2408        1720        1        3
2434        1746        1        3
2434        1773        1        3
2461        1799        1        3
2461        1826        1        3
2487        1852        1        3
2514        1879        1        3
2514        1905        1        3
2540        1958        1        3
2540        1984        1        3
2566        2011        1        3
2566        2037        1        3
2566        2064        1        3
2593        2090        1        3
2593        2117        1        3
2619        2143        1        3
2619        2170        1        3
2646        2196        1        3
2646        2223        1        3
2672        2249        1        3
2672        2275        1        3
2672        2302        1        3
2699        2302        1        3
2699        2328        1        3
2699        2355        1        3
2725        2355        1        3
2725        2381        1        3
2725        2408        1        3
2752        2434        1        3
2752        2461        1        3
2752        2487        1        3
2778        2514        1        3
2778        2540        1        3
2778        2566        1        3
2805        2593        1        3
2805        2619        1        3
2805        2646        1        3
2831        2672        1        3
2831        2699        1        3
2858        2725        1        3
2831        2725        1        3
2831        2699        1        3
2831        2672        1        3
2831        2646        1        3
2831        2619        1        3
2831        2593        1        3
2831        2566        1        3
2831        2540        1        3
2831        2487        1        3
2858        2434        1        3
2858        2381        1        3
2858        2328        1        3
2858        2302        1        3
2858        2249        1        3
2858        2196        1        3
2858        2143        1        3
2884        2117        1        3
2884        2064        1        3
2884        2037        1        3
2884        1984        1        3
2884        1958        1        3
2884        1905        1        3
2884        1879        1        3
2884        1826        1        3
2884        1799        1        3
2910        1773        1        3
2910        1746        1        3
2910        1720        1        3
2910        1693        1        3
2910        1667        1        3
2910        1614        1        3
2910        1588        1        3
2910        1561        1        3
2937        1535        1        3
2937        1508        1        3
2937        1482        1        3
2937        1455        1        3
2937        1429        1        3
2937        1402        1        3
2937        1376        1        3
2937        1349        1        3
2937        1323        1        3
2937        1296        1        3
2937        1270        1        3
2937        1244        1        3
2963        1244        1        3
2990        1244        1        3
3016        1244        1        3
3043        1270        1        3
3096        1270        1        3
3149        1270        1        3
3201        1270        1        3
3254        1270        1        3
3281        1270        1        3
3334        1270        1        3
3360        1270        1        3
3413        1270        1        3
3440        1270        1        3
3440        1244        1        3
3466        1244        1        3
3493        1244        1        3
3493        1270        1        3
3493        1244        1        3
3466        1270        1        3
PEN_UP                  0
END_CHARACTER: GA
