CHARACTER_NAME: DD
STROKE_COUNT: 3
  X           Y   STYLUS_STATE STROKE
PEN_DOWN
1376         688        1        1
1376         661        1        1
1376         635        1        1
1376         609        1        1
1376         635        1        1
1402         635        1        1
1402         661        1        1
1402         688        1        1
1402         714        1        1
1402         741        1        1
1402         767        1        1
1402         794        1        1
1402         847        1        1
1429         900        1        1
1402         953        1        1
1429        1005        1        1
1402        1058        1        1
1402        1111        1        1
1402        1164        1        1
1402        1217        1        1
1402        1270        1        1
1402        1323        1        1
1402        1376        1        1
1402        1402        1        1
1402        1455        1        1
1402        1482        1        1
1402        1508        1        1
1402        1535        1        1
1402        1561        1        1
1429        1588        1        1
1429        1614        1        1
1429        1640        1        1
1455        1640        1        1
1455        1667        1        1
1482        1667        1        1
1508        1640        1        1
1535        1640        1        1
1561        1640        1        1
1588        1614        1        1
1614        1588        1        1
1667        1561        1        1
1693        1535        1        1
1746        1508        1        1
1799        1482        1        1
1826        1429        1        1
1879        1402        1        1
1905        1349        1        1
1958        1323        1        1
1984        1296        1        1
2011        1270        1        1
2037        1244        1        1
2064        1217        1        1
2090        1191        1        1
2117        1191        1        1
2143        1191        1        1
2170        1191        1        1
2196        1217        1        1
2223        1244        1        1
2223        1270        1        1
2249        1296        1        1
2249        1323        1        1
2249        1349        1        1
2249        1376        1        1
2249        1402        1        1
2223        1455        1        1
2223        1482        1        1
2223        1535        1        1
2196        1561        1        1
2170        1614        1        1
2170        1640        1        1
2143        1693        1        1
2143        1746        1        1
2117        1799        1        1
2090        1852        1        1
2090        1905        1        1
2090        1958        1        1
2064        2037        1        1
2064        2090        1        1
2064        2143        1        1
2064        2170        1        1
2090        2223        1        1
2090        2249        1        1
2090        2275        1        1
2090        2302        1        1
2117        2328        1        1
2117        2355        1        1
2117        2381        1        1
PEN_UP                  0
PEN_DOWN
2143        2461        1        2
2170        2461        1        2
2170        2434        1        2
2196        2434        1        2
2196        2408        1        2
2223        2381        1        2
2249        2355        1        2
2275        2328        1        2
2302        2302        1        2
2328        2275        1        2
2355        2223        1        2
2381        2196        1        2
2408        2170        1        2
2434        2143        1        2
2461        2117        1        2
2487        2090        1        2
2514        2090        1        2
2514        2064        1        2
2540        2064        1        2
2566        2037        1        2
2593        2037        1        2
2619        2037        1        2
2646        2064        1        2
2672        2064        1        2
2699        2090        1        2
2725        2090        1        2
2725        2117        1        2
2725        2143        1        2
2699        2170        1        2
2699        2223        1        2
2672        2249        1        2
2672        2275        1        2
2646        2328        1        2
2619        2355        1        2
2619        2408        1        2
2593        2434        1        2
2566        2487        1        2
2540        2540        1        2
2540        2593        1        2
2514        2646        1        2
2514        2672        1        2
2514        2725        1        2
2514        2778        1        2
2514        2831        1        2
2540        2884        1        2
2540        2910        1        2
2540        2963        1        2
2566        2990        1        2
2593        3043        1        2
2619        3069        1        2
2646        3096        1        2
2672        3122        1        2
2699        3122        1        2
2725        3149        1        2
2778        3149        1        2
2805        3122        1        2
2831        3122        1        2
2884        3096        1        2
2910        3069        1        2
2937        3016        1        2
PEN_UP                  0
PEN_DOWN
1111         688        1        3
1138         661        1        3
1191         661        1        3
1217         661        1        3
1270         661        1        3
1296         661        1        3
1376         661        1        3
1429         661        1        3
1508         661        1        3
1588         661        1        3
1640         661        1        3
1720         661        1        3
1799         661        1        3
1852         661        1        3
1931         661        1        3
1984         661        1        3
2037         661        1        3
2117         661        1        3
2170         661        1        3
2223         688        1        3
2302         688        1        3
2355         688        1        3
2408         714        1        3
2461         714        1        3
2540         714        1        3
2593         714        1        3
2646         714        1        3
2699         714        1        3
2752         714        1        3
2805         714        1        3
2858         714        1        3
2884         714        1        3
2910         714        1        3
2937         714        1        3
2963         714        1        3
2990         714        1        3
3016         714        1        3
2990         741        1        3
PEN_UP                  0
END_CHARACTER: DD
