CHARACTER_NAME: LM
STROKE_COUNT: 4
  X           Y   STYLUS_STATE STROKE
PEN_DOWN
1826        1508        1        1
1826        1535        1        1
1826        1561        1        1
1799        1535        1        1
1799        1508        1        1
1826        1482        1        1
1826        1455        1        1
1852        1429        1        1
1852        1402        1        1
1879        1376        1        1
1905        1323        1        1
1931        1296        1        1
1984        1270        1        1
2011        1244        1        1
2064        1244        1        1
2090        1217        1        1
2143        1217        1        1
2170        1191        1        1
2196        1217        1        1
2223        1217        1        1
2249        1217        1        1
2275        1244        1        1
2275        1270        1        1
2302        1296        1        1
2302        1323        1        1
2328        1349        1        1
2328        1402        1        1
2302        1429        1        1
2302        1455        1        1
2302        1482        1        1
2275        1508        1        1
2275        1535        1        1
2249        1561        1        1
2249        1588        1        1
2223        1588        1        1
2196        1588        1        1
2196        1561        1        1
2196        1535        1        1
2223        1508        1        1
2223        1482        1        1
2223        1455        1        1
2249        1429        1        1
2275        1429        1        1
2302        1402        1        1
2355        1376        1        1
2381        1376        1        1
2434        1376        1        1
2487        1376        1        1
2540        1376        1        1
2566        1376        1        1
2619        1402        1        1
2672        1429        1        1
2699        1455        1        1
2725        1482        1        1
2778        1535        1        1
2805        1561        1        1
2805        1588        1        1
2831        1640        1        1
2858        1667        1        1
2858        1693        1        1
2858        1720        1        1
2884        1720        1        1
2884        1746        1        1
2858        1746        1        1
2858        1720        1        1
2858        1693        1        1
2858        1667        1        1
2858        1640        1        1
2858        1614        1        1
2858        1561        1        1
2884        1508        1        1
2884        1455        1        1
2910        1402        1        1
2910        1349        1        1
2937        1323        1        1
2963        1270        1        1
2963        1244        1        1
2990        1217        1        1
2990        1191        1        1
2990        1164        1        1
2990        1138        1        1
2963        1138        1        1
2963        1111        1        1
2963        1085        1        1
2937        1032        1        1
2937        1005        1        1
2910         953        1        1
2910         926        1        1
2884         873        1        1
2884         847        1        1
2858         820        1        1
2858         794        1        1
2831         767        1        1
2858         767        1        1
2858         794        1        1
PEN_UP                  0
PEN_DOWN
2910        1852        1        2
2910        1879        1        2
2910        1905        1        2
2910        1931        1        2
2910        1984        1        2
2910        2037        1        2
2884        2064        1        2
2884        2117        1        2
2858        2170        1        2
2831        2223        1        2
2805        2302        1        2
2752        2328        1        2
2699        2381        1        2
2646        2434        1        2
2593        2461        1        2
2540        2487        1        2
2514        2487        1        2
2461        2514        1        2
2434        2514        1        2
2381        2487        1        2
2355        2487        1        2
2355        2461        1        2
2328        2434        1        2
2328        2381        1        2
2328        2355        1        2
2328        2328        1        2
2355        2302        1        2
2381        2275        1        2
2434        2249        1        2
2461        2223        1        2
2514        2196        1        2
2566        2196        1        2
2619        2196        1        2
2699        2196        1        2
2752        2196        1        2
2805        2196        1        2
2858        2223        1        2
2910        2249        1        2
2963        2275        1        2
3016        2302        1        2
3069        2328        1        2
3122        2355        1        2
3149        2381        1        2
3201        2434        1        2
3228        2461        1        2
3281        2514        1        2
3307        2540        1        2
3334        2593        1        2
3334        2619        1        2
3360        2646        1        2
3360        2672        1        2
3387        2699        1        2
3387        2725        1        2
3387        2699        1        2
3387        2672        1        2
3387        2619        1        2
3387        2540        1        2
3387        2434        1        2
3387        2328        1        2
3387        2196        1        2
3387        2064        1        2
3387        1931        1        2
3360        1799        1        2
3360        1693        1        2
3360        1588        1        2
3360        1482        1        2
3334        1376        1        2
3334        1296        1        2
3334        1217        1        2
3307        1138        1        2
3307        1111        1        2
3307        1058        1        2
3307        1032        1        2
3307        1005        1        2
3307         979        1        2
3307        1005        1        2
3307        1032        1        2
3307        1058        1        2
PEN_UP                  0
PEN_DOWN
1931         873        1        3
1958         847        1        3
2011         847        1        3
2037         847        1        3
2090         820        1        3
2143         820        1        3
2223         820        1        3
2302         820        1        3
2408         820        1        3
2514         794        1        3
2646         794        1        3
2778         794        1        3
2884         794        1        3
2990         794        1        3
3096         794        1        3
3175         820        1        3
3254         820        1        3
3334         820        1        3
3387         820        1        3
3440         820        1        3
3466         820        1        3
3519         820        1        3
3545         820        1        3
3572         820        1        3
3598         820        1        3
PEN_UP                  0
PEN_DOWN
3334        1085        1        4
3334        1058        1        4
3334        1032        1        4
3334        1005        1        4
3360        1005        1        4
3360         979        1        4
3360         953        1        4
3360         926        1        4
3360         900        1        4
3360         873        1        4
PEN_UP                  0
END_CHARACTER: LM
