CHARACTER_NAME: CARI
STROKE_COUNT: 1
  X           Y   STYLUS_STATE STROKE
PEN_DOWN
2328        1561        1        1
2302        1588        1        1
2275        1588        1        1
2249        1614        1        1
2223        1640        1        1
2196        1640        1        1
2170        1640        1        1
2143        1667        1        1
2117        1667        1        1
2090        1693        1        1
2064        1693        1        1
2037        1693        1        1
1984        1693        1        1
1958        1693        1        1
1905        1667        1        1
1879        1667        1        1
1852        1640        1        1
1799        1614        1        1
1773        1588        1        1
1746        1561        1        1
1746        1535        1        1
1720        1508        1        1
1720        1482        1        1
1720        1429        1        1
1720        1402        1        1
1746        1349        1        1
1773        1296        1        1
1826        1270        1        1
1879        1217        1        1
1931        1164        1        1
1984        1138        1        1
2037        1111        1        1
2090        1085        1        1
2143        1058        1        1
2170        1058        1        1
2223        1058        1        1
2249        1058        1        1
2302        1058        1        1
2328        1085        1        1
2355        1111        1        1
2381        1138        1        1
2408        1164        1        1
2434        1191        1        1
2461        1217        1        1
2461        1244        1        1
2461        1270        1        1
2487        1296        1        1
2461        1349        1        1
2461        1376        1        1
2461        1402        1        1
2434        1429        1        1
2408        1455        1        1
2408        1482        1        1
2381        1508        1        1
2355        1535        1        1
2328        1561        1        1
2275        1561        1        1
2249        1588        1        1
2223        1614        1        1
2170        1640        1        1
2143        1667        1        1
2117        1693        1        1
2064        1720        1        1
2037        1773        1        1
1984        1799        1        1
1958        1826        1        1
1931        1852        1        1
1905        1879        1        1
1852        1931        1        1
1826        1958        1        1
1799        2011        1        1
1799        2037        1        1
1773        2090        1        1
1746        2117        1        1
1720        2170        1        1
1720        2196        1        1
1693        2249        1        1
1693        2302        1        1
1667        2328        1        1
1667        2355        1        1
1640        2408        1        1
1640        2434        1        1
1640        2461        1        1
1640        2487        1        1
1640        2514        1        1
1667        2540        1        1
1667        2566        1        1
1667        2593        1        1
1693        2619        1        1
1693        2646        1        1
1720        2672        1        1
1720        2699        1        1
1746        2699        1        1
1773        2725        1        1
1799        2725        1        1
1826        2725        1        1
1879        2752        1        1
1905        2752        1        1
1931        2752        1        1
1984        2752        1        1
2011        2752        1        1
2037        2752        1        1
2090        2752        1        1
2117        2725        1        1
2143        2725        1        1
2170        2725        1        1
2196        2699        1        1
2223        2699        1        1
2249        2672        1        1
2275        2646        1        1
2302        2619        1        1
2328        2593        1        1
2328        2566        1        1
2355        2540        1        1
2355        2514        1        1
2381        2487        1        1
2381        2434        1        1
2408        2381        1        1
2408        2355        1        1
2434        2302        1        1
2434        2249        1        1
2434        2223        1        1
2434        2170        1        1
2461        2143        1        1
2434        2117        1        1
2434        2090        1        1
2434        2037        1        1
2434        2011        1        1
2434        1984        1        1
2408        1958        1        1
2408        1905        1        1
2381        1879        1        1
2355        1852        1        1
2355        1799        1        1
2328        1773        1        1
2328        1746        1        1
2302        1720        1        1
2275        1693        1        1
2275        1667        1        1
2249        1640        1        1
2223        1614        1        1
2223        1588        1        1
2196        1561        1        1
2196        1535        1        1
2170        1535        1        1
2170        1508        1        1
2143        1508        1        1
2143        1482        1        1
2143        1508        1        1
2170        1508        1        1
2170        1535        1        1
PEN_UP                  0
END_CHARACTER: CARI
