CHARACTER_NAME: TTT
STROKE_COUNT: 2
  X           Y   STYLUS_STATE STROKE
PEN_DOWN
2170        1588        1        1
2170        1614        1        1
2170        1640        1        1
2170        1667        1        1
2143        1667        1        1
2143        1693        1        1
2143        1667        1        1
2143        1640        1        1
2170        1640        1        1
2170        1614        1        1
2196        1588        1        1
2196        1561        1        1
2223        1535        1        1
2249        1535        1        1
2275        1508        1        1
2302        1482        1        1
2355        1482        1        1
2381        1455        1        1
2408        1429        1        1
2461        1429        1        1
2487        1402        1        1
2514        1402        1        1
2540        1402        1        1
2566        1402        1        1
2566        1376        1        1
2593        1376        1        1
2619        1402        1        1
2646        1402        1        1
2646        1429        1        1
2672        1455        1        1
2672        1482        1        1
2672        1508        1        1
2672        1535        1        1
2672        1561        1        1
2646        1561        1        1
2646        1588        1        1
2619        1614        1        1
2619        1640        1        1
2593        1667        1        1
2566        1693        1        1
2540        1720        1        1
2514        1746        1        1
2487        1773        1        1
2487        1799        1        1
2461        1826        1        1
2434        1826        1        1
2434        1852        1        1
2408        1852        1        1
2408        1879        1        1
2381        1879        1        1
2381        1905        1        1
2381        1879        1        1
2408        1879        1        1
2434        1852        1        1
2461        1852        1        1
2487        1826        1        1
2514        1826        1        1
2540        1799        1        1
2566        1799        1        1
2593        1773        1        1
2619        1773        1        1
2646        1773        1        1
2672        1773        1        1
2699        1773        1        1
2725        1773        1        1
2752        1773        1        1
2752        1799        1        1
2778        1799        1        1
2805        1799        1        1
2831        1826        1        1
2831        1852        1        1
2858        1852        1        1
2858        1879        1        1
2884        1905        1        1
2884        1931        1        1
2884        1958        1        1
2910        1984        1        1
2910        2011        1        1
2910        2037        1        1
2910        2064        1        1
2910        2090        1        1
2910        2117        1        1
2910        2143        1        1
2910        2170        1        1
2910        2196        1        1
2910        2223        1        1
2884        2249        1        1
2884        2275        1        1
2884        2302        1        1
2884        2328        1        1
2858        2355        1        1
2858        2381        1        1
2858        2408        1        1
2831        2434        1        1
2831        2461        1        1
2805        2487        1        1
2778        2487        1        1
2778        2514        1        1
2752        2540        1        1
2725        2566        1        1
2699        2593        1        1
2672        2593        1        1
2672        2619        1        1
2646        2619        1        1
2619        2646        1        1
2593        2646        1        1
2566        2646        1        1
2540        2672        1        1
2514        2672        1        1
2487        2699        1        1
2461        2699        1        1
2434        2699        1        1
2408        2725        1        1
2355        2725        1        1
2328        2725        1        1
2302        2699        1        1
2275        2699        1        1
2249        2699        1        1
2223        2699        1        1
2196        2672        1        1
2170        2672        1        1
2143        2646        1        1
2117        2619        1        1
2090        2593        1        1
2064        2566        1        1
2037        2514        1        1
2011        2487        1        1
2011        2434        1        1
1984        2381        1        1
1958        2302        1        1
1958        2249        1        1
1931        2170        1        1
1931        2090        1        1
1905        2011        1        1
1879        1931        1        1
1879        1879        1        1
1852        1799        1        1
1852        1746        1        1
1852        1720        1        1
1826        1667        1        1
1826        1640        1        1
1826        1614        1        1
1826        1588        1        1
PEN_UP                  0
PEN_DOWN
2064        1217        1        2
2090        1217        1        2
2090        1244        1        2
2117        1244        1        2
2143        1244        1        2
2170        1244        1        2
2196        1244        1        2
2223        1244        1        2
2249        1244        1        2
2275        1244        1        2
2302        1244        1        2
2355        1244        1        2
2381        1244        1        2
2408        1244        1        2
2461        1244        1        2
2487        1244        1        2
2540        1244        1        2
2566        1244        1        2
2593        1244        1        2
2646        1244        1        2
2672        1244        1        2
2725        1244        1        2
2778        1217        1        2
2831        1217        1        2
2858        1217        1        2
2910        1217        1        2
2937        1217        1        2
2990        1217        1        2
3016        1217        1        2
3043        1217        1        2
3069        1217        1        2
3096        1217        1        2
3122        1217        1        2
3149        1217        1        2
3175        1217        1        2
3201        1217        1        2
3228        1217        1        2
3254        1217        1        2
3281        1217        1        2
3281        1244        1        2
PEN_UP                  0
END_CHARACTER: TTT
