CHARACTER_NAME: BL
STROKE_COUNT: 3
  X           Y   STYLUS_STATE STROKE
PEN_DOWN
1588        1270        1        1
1614        1270        1        1
1640        1244        1        1
1667        1244        1        1
1720        1244        1        1
1773        1217        1        1
1852        1217        1        1
1905        1217        1        1
1984        1191        1        1
2037        1191        1        1
2090        1191        1        1
2143        1191        1        1
2223        1191        1        1
2275        1217        1        1
2302        1217        1        1
2355        1217        1        1
2408        1217        1        1
2434        1217        1        1
2487        1217        1        1
2514        1244        1        1
2540        1244        1        1
2566        1244        1        1
2593        1244        1        1
2619        1244        1        1
2646        1244        1        1
2646        1270        1        1
2646        1296        1        1
2619        1296        1        1
2619        1323        1        1
2593        1323        1        1
2593        1349        1        1
2566        1349        1        1
2514        1376        1        1
2487        1376        1        1
2461        1402        1        1
2408        1402        1        1
2381        1429        1        1
2355        1429        1        1
2302        1455        1        1
2275        1455        1        1
2249        1482        1        1
2223        1482        1        1
2196        1482        1        1
2143        1508        1        1
2117        1508        1        1
2090        1535        1        1
2037        1561        1        1
2011        1561        1        1
1984        1588        1        1
1958        1588        1        1
1931        1614        1        1
1879        1640        1        1
1852        1640        1        1
1826        1667        1        1
1799        1667        1        1
1773        1693        1        1
1746        1693        1        1
1720        1720        1        1
1693        1720        1        1
1693        1746        1        1
1693        1773        1        1
1720        1773        1        1
1720        1799        1        1
1746        1799        1        1
1773        1826        1        1
1799        1826        1        1
1826        1826        1        1
1852        1852        1        1
1905        1852        1        1
1931        1852        1        1
1984        1879        1        1
2011        1905        1        1
2037        1905        1        1
2090        1905        1        1
2117        1931        1        1
2143        1931        1        1
2170        1958        1        1
2196        1984        1        1
2223        1984        1        1
2249        2011        1        1
2275        2037        1        1
2302        2064        1        1
2328        2090        1        1
2355        2117        1        1
2381        2143        1        1
2408        2170        1        1
2434        2196        1        1
2487        2223        1        1
2487        2249        1        1
2514        2275        1        1
2540        2302        1        1
2566        2328        1        1
2593        2355        1        1
2619        2355        1        1
2619        2381        1        1
2646        2408        1        1
2672        2434        1        1
2699        2461        1        1
2699        2487        1        1
2725        2487        1        1
2725        2514        1        1
2725        2540        1        1
2752        2540        1        1
2778        2566        1        1
2752        2540        1        1
2752        2514        1        1
2752        2487        1        1
2725        2461        1        1
2725        2434        1        1
2725        2408        1        1
2725        2381        1        1
2725        2355        1        1
2725        2328        1        1
2699        2302        1        1
2699        2275        1        1
2699        2249        1        1
2699        2196        1        1
2699        2170        1        1
2672        2143        1        1
2672        2090        1        1
2672        2064        1        1
2672        2037        1        1
2672        2011        1        1
2672        1984        1        1
2646        1958        1        1
2646        1931        1        1
2646        1905        1        1
2646        1879        1        1
2646        1852        1        1
2619        1826        1        1
2619        1799        1        1
2619        1773        1        1
2619        1746        1        1
2619        1720        1        1
2619        1693        1        1
2619        1667        1        1
2619        1640        1        1
2593        1614        1        1
2593        1588        1        1
2593        1561        1        1
2593        1535        1        1
2593        1508        1        1
2593        1482        1        1
2593        1455        1        1
2593        1482        1        1
PEN_UP                  0
PEN_DOWN
2725        2593        1        2
2752        2593        1        2
2752        2619        1        2
2752        2646        1        2
2752        2672        1        2
2778        2699        1        2
2752        2699        1        2
2752        2672        1        2
2725        2646        1        2
2699        2619        1        2
2672        2593        1        2
2646        2593        1        2
2646        2566        1        2
2619        2566        1        2
2593        2566        1        2
2566        2540        1        2
2540        2540        1        2
2514        2540        1        2
2487        2540        1        2
2461        2514        1        2
2434        2514        1        2
2408        2514        1        2
2381        2514        1        2
2328        2514        1        2
2302        2540        1        2
2275        2540        1        2
2249        2540        1        2
2223        2540        1        2
2196        2566        1        2
2170        2566        1        2
2170        2593        1        2
2143        2593        1        2
2143        2619        1        2
2143        2646        1        2
2117        2646        1        2
2117        2672        1        2
2117        2699        1        2
2117        2725        1        2
2117        2752        1        2
2143        2752        1        2
2143        2778        1        2
2143        2805        1        2
2170        2805        1        2
2170        2831        1        2
2196        2831        1        2
2196        2858        1        2
2223        2858        1        2
2223        2884        1        2
2249        2884        1        2
2249        2858        1        2
2249        2831        1        2
2249        2805        1        2
2249        2778        1        2
2223        2752        1        2
2223        2725        1        2
2196        2725        1        2
2196        2699        1        2
2170        2699        1        2
2143        2672        1        2
2117        2646        1        2
2090        2646        1        2
2064        2619        1        2
2011        2619        1        2
1984        2619        1        2
1931        2593        1        2
1879        2593        1        2
1852        2593        1        2
1826        2619        1        2
1773        2619        1        2
1746        2646        1        2
1720        2672        1        2
1693        2699        1        2
1693        2725        1        2
1693        2752        1        2
1693        2805        1        2
1693        2831        1        2
1693        2884        1        2
1720        2910        1        2
1720        2937        1        2
1746        2963        1        2
1799        2990        1        2
1826        2990        1        2
1879        2990        1        2
PEN_UP                  0
PEN_DOWN
2699        1296        1        3
2725        1296        1        3
2752        1296        1        3
2778        1296        1        3
2831        1296        1        3
2884        1296        1        3
2937        1296        1        3
2990        1296        1        3
3043        1270        1        3
3069        1270        1        3
3122        1270        1        3
3149        1270        1        3
3175        1270        1        3
3201        1270        1        3
3228        1270        1        3
PEN_UP                  0
END_CHARACTER: BL
