CHARACTER_NAME: SM
STROKE_COUNT: 3
  X           Y   STYLUS_STATE STROKE
PEN_DOWN
1138        1482        1        1
1164        1482        1        1
1217        1482        1        1
1270        1482        1        1
1296        1482        1        1
1349        1482        1        1
1402        1455        1        1
1455        1455        1        1
1535        1455        1        1
1588        1455        1        1
1614        1455        1        1
1667        1455        1        1
1720        1455        1        1
1746        1455        1        1
1773        1455        1        1
1799        1482        1        1
1826        1482        1        1
1852        1482        1        1
1879        1508        1        1
1879        1535        1        1
1905        1561        1        1
1905        1588        1        1
1879        1614        1        1
1879        1640        1        1
1852        1667        1        1
1826        1693        1        1
1799        1693        1        1
1773        1720        1        1
1720        1720        1        1
1693        1746        1        1
1640        1746        1        1
1614        1746        1        1
1588        1746        1        1
1561        1746        1        1
1535        1746        1        1
1508        1720        1        1
1482        1720        1        1
1482        1693        1        1
1508        1693        1        1
1508        1667        1        1
1535        1640        1        1
1561        1640        1        1
1614        1614        1        1
1667        1614        1        1
1693        1614        1        1
1746        1614        1        1
1799        1614        1        1
1852        1614        1        1
1905        1640        1        1
1931        1640        1        1
1958        1640        1        1
1984        1667        1        1
2011        1693        1        1
2037        1720        1        1
2037        1746        1        1
2037        1773        1        1
2011        1799        1        1
1984        1826        1        1
1958        1826        1        1
1931        1826        1        1
1905        1826        1        1
1879        1826        1        1
1852        1826        1        1
1852        1799        1        1
1826        1799        1        1
1826        1773        1        1
1826        1746        1        1
1852        1720        1        1
1852        1667        1        1
1879        1640        1        1
1905        1614        1        1
1958        1588        1        1
1984        1588        1        1
2037        1561        1        1
2090        1561        1        1
2117        1535        1        1
2170        1535        1        1
2223        1561        1        1
2249        1561        1        1
2275        1561        1        1
2328        1588        1        1
2355        1614        1        1
2381        1640        1        1
PEN_UP                  0
PEN_DOWN
2487        1376        1        2
2514        1376        1        2
2514        1402        1        2
2514        1429        1        2
2514        1455        1        2
2514        1482        1        2
2514        1508        1        2
2514        1535        1        2
2514        1561        1        2
2514        1614        1        2
2540        1640        1        2
2540        1693        1        2
2540        1746        1        2
2540        1799        1        2
2540        1852        1        2
2540        1905        1        2
2540        1931        1        2
2540        1984        1        2
2540        2037        1        2
2566        2064        1        2
2566        2090        1        2
2566        2117        1        2
2566        2143        1        2
2566        2170        1        2
2566        2143        1        2
2540        2117        1        2
2540        2090        1        2
2514        2090        1        2
2514        2064        1        2
2487        2064        1        2
2461        2037        1        2
2434        2037        1        2
2408        2037        1        2
2381        2037        1        2
2355        2037        1        2
2302        2037        1        2
2275        2064        1        2
2249        2064        1        2
2223        2090        1        2
2196        2090        1        2
2196        2117        1        2
2170        2143        1        2
2143        2170        1        2
2143        2196        1        2
2170        2196        1        2
2170        2223        1        2
2196        2223        1        2
2223        2249        1        2
2249        2249        1        2
2275        2275        1        2
2328        2275        1        2
2381        2302        1        2
2408        2302        1        2
2461        2328        1        2
2514        2355        1        2
2540        2355        1        2
2566        2381        1        2
2593        2408        1        2
2619        2434        1        2
2646        2461        1        2
2619        2461        1        2
2619        2487        1        2
2593        2514        1        2
2566        2540        1        2
2514        2566        1        2
2461        2566        1        2
2434        2593        1        2
2381        2593        1        2
2355        2593        1        2
2328        2593        1        2
2302        2593        1        2
2275        2566        1        2
2275        2540        1        2
2275        2514        1        2
2302        2487        1        2
2328        2461        1        2
2355        2434        1        2
2408        2381        1        2
2461        2355        1        2
2514        2328        1        2
2566        2302        1        2
2619        2275        1        2
2672        2249        1        2
2752        2249        1        2
2805        2249        1        2
2858        2249        1        2
2884        2249        1        2
2937        2249        1        2
2963        2275        1        2
2990        2302        1        2
3016        2328        1        2
3043        2355        1        2
3069        2408        1        2
3096        2434        1        2
3122        2461        1        2
3122        2487        1        2
3122        2514        1        2
3149        2540        1        2
3149        2566        1        2
3149        2540        1        2
3149        2514        1        2
3149        2487        1        2
3122        2461        1        2
3122        2408        1        2
3122        2328        1        2
3122        2249        1        2
3122        2170        1        2
3122        2090        1        2
3122        2011        1        2
3122        1905        1        2
3122        1852        1        2
3122        1773        1        2
3122        1720        1        2
3122        1667        1        2
3122        1614        1        2
3122        1561        1        2
3122        1535        1        2
3122        1508        1        2
3122        1482        1        2
3122        1508        1        2
3096        1508        1        2
3069        1535        1        2
3043        1535        1        2
PEN_UP                  0
PEN_DOWN
2487        1429        1        3
2514        1455        1        3
2540        1455        1        3
2566        1455        1        3
2646        1455        1        3
2699        1482        1        3
2805        1482        1        3
2910        1482        1        3
3016        1482        1        3
3122        1508        1        3
3228        1508        1        3
3334        1508        1        3
3440        1508        1        3
3519        1508        1        3
3572        1508        1        3
3651        1508        1        3
3678        1508        1        3
3731        1508        1        3
3757        1508        1        3
3784        1508        1        3
3784        1535        1        3
3757        1535        1        3
PEN_UP                  0
END_CHARACTER: SM
