CHARACTER_NAME: SB
STROKE_COUNT: 3
  X           Y   STYLUS_STATE STROKE
PEN_DOWN
1138        1323        1        1
1138        1349        1        1
1138        1376        1        1
1164        1376        1        1
1164        1402        1        1
1191        1429        1        1
1217        1429        1        1
1244        1455        1        1
1270        1455        1        1
1296        1455        1        1
1349        1482        1        1
1376        1482        1        1
1429        1455        1        1
1482        1455        1        1
1508        1455        1        1
1561        1455        1        1
1614        1429        1        1
1667        1429        1        1
1693        1429        1        1
1720        1402        1        1
1746        1402        1        1
1773        1402        1        1
1799        1402        1        1
1826        1402        1        1
1852        1429        1        1
1879        1429        1        1
1905        1455        1        1
1931        1455        1        1
1931        1482        1        1
1958        1508        1        1
1984        1535        1        1
1984        1561        1        1
1984        1588        1        1
1984        1614        1        1
1958        1640        1        1
1931        1640        1        1
1905        1667        1        1
1879        1693        1        1
1852        1693        1        1
1826        1693        1        1
1799        1693        1        1
1773        1693        1        1
1746        1693        1        1
1720        1693        1        1
1720        1667        1        1
1693        1667        1        1
1693        1640        1        1
1693        1614        1        1
1720        1588        1        1
1720        1561        1        1
1746        1535        1        1
1746        1508        1        1
1773        1482        1        1
1826        1455        1        1
1852        1455        1        1
1879        1429        1        1
1931        1402        1        1
1984        1402        1        1
2037        1402        1        1
2064        1376        1        1
2117        1376        1        1
2170        1402        1        1
2223        1402        1        1
2249        1402        1        1
2275        1429        1        1
2302        1429        1        1
2302        1455        1        1
2328        1482        1        1
2328        1508        1        1
2328        1535        1        1
2328        1561        1        1
2302        1561        1        1
2302        1588        1        1
2275        1588        1        1
2249        1614        1        1
2223        1614        1        1
2196        1614        1        1
2170        1614        1        1
2143        1614        1        1
2143        1588        1        1
2117        1588        1        1
2117        1561        1        1
2117        1535        1        1
2117        1508        1        1
2143        1482        1        1
2143        1455        1        1
2170        1429        1        1
2196        1402        1        1
2249        1376        1        1
2275        1376        1        1
2328        1349        1        1
2355        1349        1        1
2381        1349        1        1
2434        1376        1        1
2461        1376        1        1
2487        1376        1        1
2514        1402        1        1
2540        1429        1        1
2566        1429        1        1
2593        1455        1        1
2619        1482        1        1
2646        1482        1        1
2646        1508        1        1
PEN_UP                  0
PEN_DOWN
2752        1244        1        2
2725        1244        1        2
2752        1244        1        2
2752        1270        1        2
2752        1296        1        2
2752        1323        1        2
2778        1349        1        2
2778        1402        1        2
2778        1429        1        2
2778        1455        1        2
2805        1508        1        2
2805        1535        1        2
2805        1561        1        2
2805        1588        1        2
2831        1614        1        2
2831        1640        1        2
2831        1667        1        2
2831        1693        1        2
2805        1693        1        2
2805        1667        1        2
2778        1667        1        2
2752        1667        1        2
2699        1667        1        2
2672        1693        1        2
2593        1720        1        2
2540        1746        1        2
2461        1773        1        2
2381        1826        1        2
2302        1879        1        2
2223        1905        1        2
2143        1958        1        2
2064        2011        1        2
2037        2037        1        2
1984        2064        1        2
1958        2090        1        2
1931        2117        1        2
1958        2117        1        2
1984        2090        1        2
2037        2090        1        2
2064        2090        1        2
2117        2064        1        2
2170        2064        1        2
2223        2064        1        2
2302        2064        1        2
2355        2064        1        2
2408        2064        1        2
2487        2090        1        2
2540        2117        1        2
2593        2143        1        2
2646        2170        1        2
2699        2196        1        2
2725        2249        1        2
2778        2275        1        2
2805        2328        1        2
2858        2355        1        2
2884        2381        1        2
2910        2408        1        2
2910        2434        1        2
2937        2434        1        2
2937        2461        1        2
2937        2434        1        2
2910        2434        1        2
2910        2408        1        2
2910        2355        1        2
2884        2328        1        2
2884        2249        1        2
2858        2196        1        2
2858        2117        1        2
2831        2064        1        2
2831        1984        1        2
2831        1931        1        2
2831        1852        1        2
2831        1799        1        2
2831        1746        1        2
2858        1693        1        2
2858        1667        1        2
2858        1640        1        2
2858        1614        1        2
2858        1588        1        2
2858        1561        1        2
PEN_UP                  0
PEN_DOWN
2805        1270        1        3
2805        1244        1        3
2831        1244        1        3
2858        1244        1        3
2910        1244        1        3
2937        1244        1        3
2990        1244        1        3
3069        1244        1        3
3122        1244        1        3
3175        1244        1        3
3228        1244        1        3
3281        1244        1        3
3307        1244        1        3
PEN_UP                  0
END_CHARACTER: SB
