CHARACTER_NAME: STH
STROKE_COUNT: 3
  X           Y   STYLUS_STATE STROKE
PEN_DOWN
1058        1402        1        1
1058        1429        1        1
1085        1429        1        1
1111        1429        1        1
1138        1429        1        1
1191        1429        1        1
1244        1429        1        1
1296        1429        1        1
1376        1429        1        1
1482        1455        1        1
1588        1455        1        1
1693        1455        1        1
1799        1455        1        1
1931        1429        1        1
2037        1429        1        1
2170        1429        1        1
2275        1429        1        1
2381        1429        1        1
2487        1402        1        1
2593        1402        1        1
2672        1402        1        1
2778        1402        1        1
2831        1376        1        1
2884        1376        1        1
2937        1376        1        1
2963        1376        1        1
2990        1376        1        1
3016        1376        1        1
2990        1402        1        1
PEN_UP                  0
PEN_DOWN
1455        1852        1        2
1482        1879        1        2
1482        1905        1        2
1508        1931        1        2
1535        1958        1        2
1588        1984        1        2
1614        1984        1        2
1667        2011        1        2
1720        1984        1        2
1746        1984        1        2
1799        1984        1        2
1852        1958        1        2
1879        1931        1        2
1905        1905        1        2
1931        1879        1        2
1958        1852        1        2
1958        1826        1        2
1984        1799        1        2
1984        1773        1        2
1984        1746        1        2
2011        1746        1        2
2011        1720        1        2
1984        1746        1        2
2011        1746        1        2
2011        1773        1        2
2011        1799        1        2
2011        1826        1        2
2037        1826        1        2
2037        1852        1        2
2037        1879        1        2
2064        1905        1        2
2090        1931        1        2
2117        1931        1        2
2170        1958        1        2
2196        1958        1        2
2223        1958        1        2
2275        1931        1        2
2302        1931        1        2
2355        1905        1        2
2381        1905        1        2
2408        1879        1        2
2434        1852        1        2
2461        1852        1        2
2461        1799        1        2
2487        1773        1        2
2487        1746        1        2
2487        1720        1        2
2487        1693        1        2
2487        1667        1        2
2487        1640        1        2
2487        1614        1        2
2487        1588        1        2
PEN_UP                  0
PEN_DOWN
2328        2355        1        3
2302        2355        1        3
2275        2355        1        3
2249        2328        1        3
2223        2328        1        3
2223        2302        1        3
2223        2275        1        3
2223        2249        1        3
2223        2223        1        3
2223        2196        1        3
2249        2170        1        3
2249        2143        1        3
2275        2143        1        3
2302        2117        1        3
2328        2090        1        3
2355        2090        1        3
2408        2090        1        3
2461        2064        1        3
2514        2090        1        3
2566        2090        1        3
2593        2090        1        3
2646        2117        1        3
2699        2117        1        3
2725        2143        1        3
2778        2170        1        3
2805        2196        1        3
2831        2249        1        3
2858        2275        1        3
2858        2302        1        3
2858        2355        1        3
2858        2381        1        3
2858        2434        1        3
2858        2461        1        3
2831        2514        1        3
2805        2540        1        3
2778        2593        1        3
2725        2619        1        3
2699        2646        1        3
2646        2672        1        3
2593        2699        1        3
2540        2725        1        3
2487        2725        1        3
2434        2752        1        3
2381        2778        1        3
2302        2778        1        3
2249        2778        1        3
2223        2778        1        3
2170        2778        1        3
2143        2778        1        3
2117        2778        1        3
2090        2752        1        3
2064        2752        1        3
2064        2725        1        3
2037        2725        1        3
2037        2699        1        3
2064        2699        1        3
2064        2672        1        3
2090        2646        1        3
2117        2646        1        3
2143        2646        1        3
2196        2646        1        3
2223        2672        1        3
2275        2672        1        3
2328        2699        1        3
2381        2725        1        3
2434        2778        1        3
2487        2805        1        3
2566        2858        1        3
2619        2910        1        3
2672        2963        1        3
2752        3016        1        3
2805        3043        1        3
2858        3096        1        3
2910        3122        1        3
2963        3149        1        3
3016        3149        1        3
3069        3149        1        3
3149        3122        1        3
3201        3096        1        3
3254        3069        1        3
3334        3016        1        3
3387        2937        1        3
PEN_UP                  0
END_CHARACTER: STH
