CHARACTER_NAME: BB
STROKE_COUNT: 3
  X           Y   STYLUS_STATE STROKE
PEN_DOWN
1164        1429        1        1
1191        1429        1        1
1217        1402        1        1
1270        1402        1        1
1349        1402        1        1
1429        1402        1        1
1508        1402        1        1
1614        1402        1        1
1720        1376        1        1
1826        1376        1        1
1931        1376        1        1
2011        1376        1        1
2090        1376        1        1
2170        1376        1        1
2223        1376        1        1
2249        1376        1        1
2275        1402        1        1
2302        1402        1        1
PEN_UP                  0
PEN_DOWN
2037        1455        1        2
2011        1455        1        2
2011        1482        1        2
1984        1482        1        2
1931        1508        1        2
1905        1535        1        2
1826        1588        1        2
1746        1640        1        2
1667        1693        1        2
1561        1746        1        2
1455        1799        1        2
1349        1852        1        2
1270        1905        1        2
1191        1958        1        2
1138        1984        1        2
1085        2011        1        2
1058        2037        1        2
1032        2064        1        2
1058        2064        1        2
1111        2064        1        2
1138        2064        1        2
1191        2064        1        2
1270        2064        1        2
1323        2090        1        2
1402        2090        1        2
1455        2090        1        2
1535        2117        1        2
1614        2143        1        2
1667        2170        1        2
1746        2196        1        2
1799        2223        1        2
1852        2249        1        2
1879        2275        1        2
1905        2302        1        2
1931        2302        1        2
1958        2328        1        2
1984        2328        1        2
1984        2302        1        2
1984        2275        1        2
1958        2249        1        2
1958        2196        1        2
1958        2143        1        2
1931        2090        1        2
1931        2011        1        2
1931        1958        1        2
1905        1879        1        2
1905        1826        1        2
1905        1773        1        2
1879        1746        1        2
1879        1693        1        2
1879        1667        1        2
1879        1640        1        2
1879        1614        1        2
1879        1640        1        2
1905        1640        1        2
PEN_UP                  0
PEN_DOWN
1958        2196        1        3
1931        2196        1        3
1905        2223        1        3
1879        2249        1        3
1852        2275        1        3
1799        2302        1        3
1746        2328        1        3
1693        2381        1        3
1640        2434        1        3
1561        2487        1        3
1482        2514        1        3
1429        2566        1        3
1349        2593        1        3
1296        2646        1        3
1270        2672        1        3
1244        2672        1        3
1217        2699        1        3
1191        2699        1        3
1164        2725        1        3
1191        2725        1        3
1217        2725        1        3
1270        2725        1        3
1296        2725        1        3
1349        2725        1        3
1402        2725        1        3
1455        2752        1        3
1535        2752        1        3
1588        2752        1        3
1640        2778        1        3
1693        2778        1        3
1746        2805        1        3
1799        2831        1        3
1852        2858        1        3
1879        2884        1        3
1905        2910        1        3
1958        2937        1        3
1984        2937        1        3
2011        2963        1        3
2037        2990        1        3
2037        3016        1        3
2064        3016        1        3
2064        3043        1        3
2090        3043        1        3
2090        3069        1        3
2117        3043        1        3
2117        3016        1        3
2117        2990        1        3
2117        2937        1        3
2117        2884        1        3
2090        2831        1        3
2090        2752        1        3
2090        2699        1        3
2064        2619        1        3
2064        2540        1        3
2064        2461        1        3
2037        2381        1        3
2037        2302        1        3
2037        2249        1        3
2037        2196        1        3
2037        2170        1        3
2011        2117        1        3
2011        2090        1        3
PEN_UP                  0
END_CHARACTER: BB
