CHARACTER_NAME: TA
STROKE_COUNT: 2
  X           Y   STYLUS_STATE STROKE
PEN_DOWN
1296        1773        1        1
1323        1773        1        1
1349        1773        1        1
1376        1773        1        1
1402        1773        1        1
1455        1773        1        1
1508        1773        1        1
1588        1773        1        1
1667        1773        1        1
1746        1773        1        1
1852        1773        1        1
1958        1773        1        1
2064        1773        1        1
2170        1773        1        1
2275        1773        1        1
2381        1773        1        1
2487        1773        1        1
2593        1773        1        1
2699        1746        1        1
2805        1746        1        1
2910        1746        1        1
2990        1746        1        1
3043        1746        1        1
3122        1746        1        1
3149        1746        1        1
3201        1746        1        1
3228        1746        1        1
3254        1746        1        1
3228        1746        1        1
PEN_UP                  0
PEN_DOWN
2408        1852        1        2
2434        1852        1        2
2434        1879        1        2
2461        1879        1        2
2461        1905        1        2
2461        1931        1        2
2434        1931        1        2
2434        1958        1        2
2408        1958        1        2
2381        1958        1        2
2381        1931        1        2
2355        1931        1        2
2355        1905        1        2
2381        1905        1        2
2408        1905        1        2
2434        1905        1        2
2461        1905        1        2
2461        1931        1        2
2434        1958        1        2
2408        1958        1        2
2381        1958        1        2
2381        1931        1        2
2381        1905        1        2
2408        1879        1        2
2434        1879        1        2
2461        1852        1        2
2487        1852        1        2
2514        1852        1        2
2540        1852        1        2
2566        1879        1        2
2593        1879        1        2
2619        1879        1        2
2619        1905        1        2
2646        1905        1        2
2672        1931        1        2
2699        1931        1        2
2725        1958        1        2
2752        1984        1        2
2778        2037        1        2
2805        2064        1        2
2805        2117        1        2
2831        2143        1        2
2831        2196        1        2
2831        2249        1        2
2858        2302        1        2
2858        2328        1        2
2858        2381        1        2
2884        2408        1        2
2858        2461        1        2
2858        2487        1        2
2858        2540        1        2
2831        2566        1        2
2831        2619        1        2
2805        2646        1        2
2778        2672        1        2
2752        2699        1        2
2699        2725        1        2
2646        2752        1        2
2619        2752        1        2
2566        2778        1        2
2514        2805        1        2
2487        2805        1        2
2434        2805        1        2
2381        2831        1        2
2328        2831        1        2
2302        2805        1        2
2249        2805        1        2
2196        2778        1        2
2143        2752        1        2
2064        2725        1        2
2011        2699        1        2
1958        2646        1        2
1905        2593        1        2
1852        2540        1        2
1799        2487        1        2
1746        2434        1        2
1720        2355        1        2
1667        2302        1        2
1640        2249        1        2
1614        2196        1        2
1588        2143        1        2
1561        2090        1        2
1535        2037        1        2
1535        1984        1        2
1535        1958        1        2
1508        1931        1        2
1508        1905        1        2
1508        1879        1        2
1508        1905        1        2
PEN_UP                  0
END_CHARACTER: TA
