CHARACTER_NAME: PHA
STROKE_COUNT: 3
  X           Y   STYLUS_STATE STROKE
PEN_DOWN
1244        1561        1        1
1244        1535        1        1
1244        1508        1        1
1270        1508        1        1
1296        1508        1        1
1323        1482        1        1
1349        1482        1        1
1376        1482        1        1
1402        1455        1        1
1455        1455        1        1
1482        1455        1        1
1508        1455        1        1
1561        1429        1        1
1588        1429        1        1
1614        1455        1        1
1667        1455        1        1
1693        1455        1        1
1746        1455        1        1
1773        1482        1        1
1799        1482        1        1
1852        1482        1        1
1879        1482        1        1
1905        1508        1        1
1931        1508        1        1
1958        1535        1        1
1984        1535        1        1
1984        1561        1        1
2011        1561        1        1
2011        1588        1        1
2037        1614        1        1
2037        1640        1        1
2037        1667        1        1
2037        1693        1        1
2011        1720        1        1
2011        1746        1        1
1984        1773        1        1
1958        1799        1        1
1905        1826        1        1
1879        1852        1        1
1826        1905        1        1
1773        1931        1        1
1720        1958        1        1
1693        1984        1        1
1640        2011        1        1
1614        2011        1        1
1588        2037        1        1
1561        2037        1        1
1535        2037        1        1
1535        2064        1        1
1508        2064        1        1
1508        2037        1        1
1482        2011        1        1
1482        1984        1        1
1482        1958        1        1
1508        1958        1        1
1535        1931        1        1
1561        1931        1        1
1614        1931        1        1
1640        1905        1        1
1693        1905        1        1
1746        1931        1        1
1799        1931        1        1
1852        1931        1        1
1879        1931        1        1
1931        1958        1        1
1984        1984        1        1
2037        2011        1        1
2064        2037        1        1
2117        2064        1        1
2170        2090        1        1
2196        2143        1        1
2223        2170        1        1
2275        2196        1        1
2302        2249        1        1
2328        2275        1        1
2355        2302        1        1
2381        2328        1        1
2408        2355        1        1
2434        2381        1        1
2434        2408        1        1
2461        2434        1        1
2461        2461        1        1
2487        2461        1        1
2487        2487        1        1
2487        2461        1        1
2461        2434        1        1
2461        2381        1        1
2434        2355        1        1
2434        2302        1        1
2434        2249        1        1
2408        2196        1        1
2408        2143        1        1
2408        2064        1        1
2381        2011        1        1
2381        1958        1        1
2381        1905        1        1
2381        1852        1        1
2381        1799        1        1
2381        1746        1        1
2381        1693        1        1
2381        1667        1        1
2381        1640        1        1
2381        1614        1        1
2381        1588        1        1
2381        1561        1        1
2381        1588        1        1
2381        1614        1        1
2381        1640        1        1
2381        1667        1        1
2355        1667        1        1
2355        1693        1        1
2328        1693        1        1
2328        1667        1        1
2328        1640        1        1
2355        1614        1        1
2381        1614        1        1
2408        1614        1        1
2434        1614        1        1
2461        1614        1        1
2487        1614        1        1
2514        1614        1        1
2566        1640        1        1
2593        1640        1        1
2646        1640        1        1
2672        1667        1        1
2725        1693        1        1
2752        1720        1        1
2805        1746        1        1
2831        1773        1        1
2858        1799        1        1
2858        1826        1        1
2884        1852        1        1
2884        1905        1        1
2858        1931        1        1
2831        1958        1        1
2805        1984        1        1
2778        2011        1        1
2725        2011        1        1
2699        2037        1        1
2672        2011        1        1
2646        2011        1        1
2619        1984        1        1
2593        1958        1        1
2593        1931        1        1
2593        1905        1        1
2593        1879        1        1
2619        1879        1        1
2646        1879        1        1
2672        1879        1        1
2672        1905        1        1
PEN_UP                  0
PEN_DOWN
2434        1561        1        2
2408        1561        1        2
PEN_UP                  0
PEN_DOWN
1693        1323        1        3
1720        1349        1        3
1746        1349        1        3
1773        1376        1        3
1826        1376        1        3
1879        1376        1        3
1958        1376        1        3
2037        1376        1        3
2117        1376        1        3
2223        1376        1        3
2328        1376        1        3
2434        1376        1        3
2566        1376        1        3
2672        1349        1        3
2805        1349        1        3
2910        1349        1        3
2990        1349        1        3
3069        1349        1        3
3149        1349        1        3
3201        1349        1        3
3254        1349        1        3
3281        1349        1        3
3307        1349        1        3
3334        1349        1        3
3360        1349        1        3
3334        1349        1        3
3334        1323        1        3
3307        1323        1        3
PEN_UP                  0
END_CHARACTER: PHA
