CHARACTER_NAME: LA
STROKE_COUNT: 2
  X           Y   STYLUS_STATE STROKE
PEN_DOWN
1323        1640        1        1
1349        1640        1        1
1376        1640        1        1
1402        1640        1        1
1429        1640        1        1
1482        1640        1        1
1561        1640        1        1
1640        1640        1        1
1746        1640        1        1
1826        1614        1        1
1958        1614        1        1
2064        1614        1        1
2196        1614        1        1
2355        1614        1        1
2487        1588        1        1
2646        1588        1        1
2805        1588        1        1
2937        1588        1        1
3069        1588        1        1
3201        1588        1        1
3307        1588        1        1
3413        1588        1        1
3493        1561        1        1
3572        1561        1        1
3625        1561        1        1
3651        1561        1        1
3704        1561        1        1
3731        1561        1        1
3757        1561        1        1
3784        1561        1        1
3757        1561        1        1
3731        1588        1        1
PEN_UP                  0
PEN_DOWN
2143        2540        1        2
2143        2566        1        2
2117        2566        1        2
2090        2566        1        2
2064        2566        1        2
2037        2566        1        2
2011        2566        1        2
1984        2566        1        2
1958        2540        1        2
1931        2540        1        2
1931        2514        1        2
1905        2487        1        2
1905        2461        1        2
1905        2434        1        2
1905        2408        1        2
1905        2355        1        2
1931        2328        1        2
1958        2302        1        2
1984        2249        1        2
2011        2223        1        2
2037        2196        1        2
2064        2170        1        2
2117        2170        1        2
2170        2143        1        2
2196        2143        1        2
2249        2117        1        2
2302        2117        1        2
2355        2117        1        2
2381        2143        1        2
2434        2143        1        2
2487        2170        1        2
2514        2170        1        2
2540        2196        1        2
2593        2223        1        2
2619        2249        1        2
2646        2275        1        2
2672        2302        1        2
2672        2328        1        2
2699        2355        1        2
2725        2381        1        2
2725        2408        1        2
2725        2434        1        2
2725        2461        1        2
2725        2487        1        2
2725        2514        1        2
2725        2540        1        2
2725        2514        1        2
2752        2487        1        2
2752        2461        1        2
2752        2434        1        2
2778        2434        1        2
2778        2408        1        2
2805        2381        1        2
2831        2355        1        2
2884        2328        1        2
2910        2302        1        2
2937        2275        1        2
2990        2249        1        2
3016        2249        1        2
3043        2249        1        2
3096        2223        1        2
3122        2223        1        2
3149        2223        1        2
3175        2249        1        2
3228        2249        1        2
3254        2275        1        2
3281        2302        1        2
3307        2328        1        2
3334        2355        1        2
3360        2381        1        2
3387        2434        1        2
3413        2487        1        2
3440        2514        1        2
3440        2566        1        2
3466        2593        1        2
3466        2646        1        2
3493        2672        1        2
3493        2699        1        2
3493        2725        1        2
3519        2752        1        2
3519        2778        1        2
3519        2752        1        2
3519        2725        1        2
3519        2699        1        2
3519        2672        1        2
3519        2619        1        2
3519        2540        1        2
3493        2487        1        2
3493        2408        1        2
3493        2328        1        2
3493        2223        1        2
3466        2143        1        2
3466        2064        1        2
3466        1984        1        2
3466        1905        1        2
3440        1852        1        2
3440        1799        1        2
3440        1746        1        2
3440        1693        1        2
3440        1667        1        2
3440        1640        1        2
3413        1614        1        2
3413        1588        1        2
3413        1561        1        2
3413        1588        1        2
PEN_UP                  0
END_CHARACTER: LA
