CHARACTER_NAME: RRG
STROKE_COUNT: 6
  X           Y   STYLUS_STATE STROKE
PEN_DOWN
1640        1482        1        1
1667        1482        1        1
1693        1482        1        1
1746        1482        1        1
1773        1482        1        1
1852        1482        1        1
1905        1482        1        1
2011        1482        1        1
2090        1482        1        1
2196        1482        1        1
2328        1455        1        1
2434        1455        1        1
2566        1455        1        1
2699        1455        1        1
2831        1455        1        1
2937        1429        1        1
3043        1429        1        1
3149        1429        1        1
3254        1429        1        1
3307        1429        1        1
3387        1402        1        1
3440        1402        1        1
3493        1402        1        1
3519        1429        1        1
3493        1455        1        1
PEN_UP                  0
PEN_DOWN
2566        1508        1        2
2540        1508        1        2
2540        1535        1        2
2514        1561        1        2
2514        1588        1        2
2514        1614        1        2
2487        1640        1        2
2487        1667        1        2
2487        1693        1        2
2461        1746        1        2
2461        1773        1        2
2461        1799        1        2
2461        1826        1        2
2461        1852        1        2
2487        1852        1        2
2514        1852        1        2
2540        1826        1        2
2593        1826        1        2
2619        1799        1        2
2672        1799        1        2
2725        1799        1        2
2778        1773        1        2
2831        1773        1        2
2858        1746        1        2
2910        1746        1        2
2937        1773        1        2
2990        1773        1        2
3016        1773        1        2
3043        1799        1        2
3069        1826        1        2
3096        1852        1        2
3122        1879        1        2
3122        1931        1        2
3149        1984        1        2
3149        2037        1        2
3149        2090        1        2
3122        2143        1        2
3096        2196        1        2
3069        2223        1        2
3043        2275        1        2
2990        2328        1        2
2937        2355        1        2
2858        2381        1        2
2778        2408        1        2
2699        2408        1        2
2619        2434        1        2
2514        2408        1        2
2408        2408        1        2
2302        2381        1        2
2223        2355        1        2
2117        2302        1        2
2011        2249        1        2
1958        2170        1        2
1879        2117        1        2
1826        2037        1        2
1773        1984        1        2
1746        1931        1        2
1720        1879        1        2
1693        1852        1        2
1693        1799        1        2
1720        1773        1        2
1746        1773        1        2
1773        1773        1        2
1799        1773        1        2
PEN_UP                  0
PEN_DOWN
2725        2699        1        3
2752        2699        1        3
2725        2699        1        3
2725        2725        1        3
2699        2725        1        3
2672        2725        1        3
2699        2725        1        3
2699        2699        1        3
PEN_UP                  0
PEN_DOWN
3281        1984        1        4
3307        1984        1        4
3334        1984        1        4
3360        1984        1        4
3387        1984        1        4
3413        1958        1        4
3440        1958        1        4
3466        1958        1        4
3493        1931        1        4
3519        1931        1        4
3519        1905        1        4
3493        1905        1        4
3493        1879        1        4
3466        1879        1        4
3413        1879        1        4
3360        1852        1        4
3307        1852        1        4
3254        1826        1        4
3201        1826        1        4
3175        1799        1        4
3122        1773        1        4
3069        1746        1        4
3043        1720        1        4
3043        1693        1        4
3016        1667        1        4
3016        1640        1        4
3043        1588        1        4
3069        1561        1        4
3096        1561        1        4
3122        1535        1        4
3175        1508        1        4
3228        1508        1        4
3254        1508        1        4
3307        1508        1        4
3360        1508        1        4
3413        1535        1        4
3466        1535        1        4
3519        1561        1        4
3572        1588        1        4
3625        1614        1        4
3651        1640        1        4
3678        1667        1        4
3704        1693        1        4
3731        1746        1        4
3757        1773        1        4
3757        1799        1        4
PEN_UP                  0
PEN_DOWN
3836        1429        1        5
3863        1429        1        5
3863        1455        1        5
3863        1482        1        5
3889        1508        1        5
3889        1561        1        5
3889        1614        1        5
3889        1667        1        5
3889        1746        1        5
3889        1826        1        5
3889        1931        1        5
3889        2011        1        5
3889        2117        1        5
3889        2196        1        5
3889        2275        1        5
3916        2355        1        5
3916        2434        1        5
3942        2487        1        5
3942        2540        1        5
3942        2593        1        5
3969        2646        1        5
3969        2672        1        5
3995        2699        1        5
3995        2725        1        5
4022        2752        1        5
4022        2725        1        5
3995        2725        1        5
3995        2672        1        5
3995        2593        1        5
PEN_UP                  0
PEN_DOWN
3916        1508        1        6
3969        1508        1        6
4022        1508        1        6
4075        1508        1        6
4128        1482        1        6
4180        1482        1        6
4233        1482        1        6
PEN_UP                  0
END_CHARACTER: RRG
