CHARACTER_NAME: NDH
STROKE_COUNT: 4
  X           Y   STYLUS_STATE STROKE
PEN_DOWN
1455        1640        1        1
1482        1640        1        1
1508        1614        1        1
1535        1614        1        1
1614        1614        1        1
1667        1614        1        1
1746        1588        1        1
1852        1588        1        1
1931        1588        1        1
2064        1588        1        1
2170        1588        1        1
2275        1561        1        1
2408        1561        1        1
2514        1561        1        1
2593        1561        1        1
2672        1535        1        1
2725        1535        1        1
2778        1535        1        1
2831        1535        1        1
2858        1561        1        1
2831        1561        1        1
2831        1588        1        1
PEN_UP                  0
PEN_DOWN
2196        2064        1        2
2196        2090        1        2
2170        2090        1        2
2143        2117        1        2
2117        2117        1        2
2090        2117        1        2
2064        2090        1        2
2037        2090        1        2
2037        2064        1        2
2011        2037        1        2
2011        2011        1        2
2011        1984        1        2
2011        1958        1        2
2011        1905        1        2
2037        1879        1        2
2037        1852        1        2
2064        1826        1        2
2117        1799        1        2
2143        1773        1        2
2170        1746        1        2
2223        1720        1        2
2275        1720        1        2
2328        1720        1        2
2355        1720        1        2
2408        1720        1        2
2461        1720        1        2
2514        1746        1        2
2540        1746        1        2
2593        1773        1        2
2619        1799        1        2
2672        1826        1        2
2699        1852        1        2
2725        1852        1        2
2752        1879        1        2
2752        1905        1        2
PEN_UP                  0
PEN_DOWN
2805        1640        1        3
2805        1667        1        3
2831        1667        1        3
2831        1693        1        3
2831        1720        1        3
2831        1746        1        3
2858        1799        1        3
2858        1852        1        3
2858        1905        1        3
2884        1958        1        3
2884        2011        1        3
2884        2064        1        3
2884        2117        1        3
2884        2143        1        3
2910        2170        1        3
2910        2196        1        3
2910        2223        1        3
2910        2249        1        3
2884        2249        1        3
2858        2249        1        3
2831        2249        1        3
2805        2249        1        3
2778        2249        1        3
2725        2275        1        3
2672        2275        1        3
2593        2328        1        3
2514        2355        1        3
2461        2381        1        3
2381        2434        1        3
2302        2487        1        3
2223        2540        1        3
2170        2566        1        3
2117        2619        1        3
2064        2646        1        3
2037        2672        1        3
2011        2672        1        3
1984        2699        1        3
2011        2699        1        3
2037        2699        1        3
2064        2699        1        3
2117        2672        1        3
2143        2672        1        3
2196        2672        1        3
2275        2672        1        3
2328        2646        1        3
2408        2646        1        3
2487        2672        1        3
2540        2672        1        3
2619        2672        1        3
2699        2699        1        3
2752        2725        1        3
2805        2725        1        3
2858        2752        1        3
2910        2778        1        3
2937        2805        1        3
2963        2831        1        3
2990        2858        1        3
3016        2858        1        3
3043        2884        1        3
3069        2910        1        3
3069        2884        1        3
3069        2831        1        3
3069        2805        1        3
3043        2752        1        3
3043        2699        1        3
3016        2646        1        3
3016        2566        1        3
2990        2514        1        3
2990        2434        1        3
2963        2381        1        3
2963        2328        1        3
2937        2275        1        3
2937        2249        1        3
2937        2196        1        3
2937        2170        1        3
2937        2143        1        3
2937        2117        1        3
2937        2090        1        3
2910        2090        1        3
2910        2117        1        3
2910        2090        1        3
2937        2117        1        3
2963        2117        1        3
2963        2143        1        3
2990        2170        1        3
3016        2170        1        3
3043        2196        1        3
3069        2196        1        3
3096        2196        1        3
3122        2223        1        3
3149        2223        1        3
3201        2223        1        3
3228        2223        1        3
3254        2223        1        3
3281        2223        1        3
3334        2223        1        3
3360        2196        1        3
3387        2196        1        3
3413        2196        1        3
3440        2170        1        3
3466        2143        1        3
3466        2117        1        3
3440        2090        1        3
3413        2090        1        3
3413        2117        1        3
3387        2117        1        3
3360        2143        1        3
3334        2170        1        3
3307        2196        1        3
3281        2249        1        3
3281        2275        1        3
3254        2328        1        3
3254        2381        1        3
3228        2434        1        3
3254        2487        1        3
3254        2540        1        3
3281        2593        1        3
3307        2646        1        3
3334        2672        1        3
3387        2699        1        3
3440        2725        1        3
3493        2725        1        3
3545        2725        1        3
3598        2725        1        3
3651        2699        1        3
3704        2699        1        3
3757        2646        1        3
3784        2619        1        3
PEN_UP                  0
PEN_DOWN
2963        1561        1        4
2990        1561        1        4
3016        1561        1        4
3069        1561        1        4
3122        1561        1        4
3175        1561        1        4
3228        1561        1        4
3281        1561        1        4
3360        1561        1        4
3413        1561        1        4
3466        1561        1        4
3519        1561        1        4
PEN_UP                  0
END_CHARACTER: NDH
