CHARACTER_NAME: LK
STROKE_COUNT: 4
  X           Y   STYLUS_STATE STROKE
PEN_DOWN
1614        1852        1        1
1614        1826        1        1
1588        1826        1        1
1561        1799        1        1
1561        1773        1        1
1561        1746        1        1
1588        1720        1        1
1614        1693        1        1
1640        1693        1        1
1667        1667        1        1
1693        1667        1        1
1746        1640        1        1
1773        1640        1        1
1799        1667        1        1
1852        1667        1        1
1879        1693        1        1
1905        1693        1        1
1905        1720        1        1
1905        1746        1        1
1931        1773        1        1
1931        1799        1        1
1905        1826        1        1
1905        1852        1        1
1905        1879        1        1
1905        1852        1        1
1931        1826        1        1
1931        1799        1        1
1958        1773        1        1
1984        1746        1        1
2037        1746        1        1
2064        1746        1        1
2117        1720        1        1
2143        1746        1        1
2196        1746        1        1
2223        1746        1        1
2275        1773        1        1
2302        1799        1        1
2328        1799        1        1
2328        1826        1        1
2355        1852        1        1
2355        1879        1        1
2381        1879        1        1
2381        1905        1        1
2355        1905        1        1
2328        1905        1        1
2328        1879        1        1
2328        1852        1        1
2328        1826        1        1
2302        1826        1        1
2302        1799        1        1
2302        1773        1        1
2275        1746        1        1
2275        1720        1        1
2249        1667        1        1
2249        1614        1        1
2249        1561        1        1
2249        1482        1        1
2275        1429        1        1
2275        1376        1        1
2275        1296        1        1
2275        1270        1        1
2275        1217        1        1
2275        1191        1        1
2275        1164        1        1
2275        1138        1        1
2275        1111        1        1
2275        1138        1        1
PEN_UP                  0
PEN_DOWN
1349        1270        1        2
1376        1244        1        2
1402        1244        1        2
1429        1244        1        2
1455        1244        1        2
1482        1244        1        2
1535        1244        1        2
1588        1217        1        2
1640        1217        1        2
1720        1217        1        2
1773        1217        1        2
1852        1191        1        2
1931        1191        1        2
1984        1191        1        2
2064        1164        1        2
2117        1164        1        2
2143        1164        1        2
2196        1164        1        2
2223        1138        1        2
2275        1138        1        2
2302        1138        1        2
2328        1111        1        2
2355        1111        1        2
2381        1111        1        2
2408        1111        1        2
2434        1111        1        2
2434        1085        1        2
2461        1085        1        2
2487        1085        1        2
2514        1085        1        2
2514        1111        1        2
2487        1111        1        2
PEN_UP                  0
PEN_DOWN
2355        1852        1        3
2328        1879        1        3
2302        1905        1        3
2302        1931        1        3
2275        1958        1        3
2249        1984        1        3
2196        2037        1        3
2170        2064        1        3
2117        2117        1        3
2090        2170        1        3
2037        2223        1        3
1984        2249        1        3
1958        2302        1        3
1905        2328        1        3
1879        2381        1        3
1852        2381        1        3
1826        2408        1        3
1799        2434        1        3
1773        2434        1        3
1799        2434        1        3
1826        2408        1        3
1879        2408        1        3
1905        2408        1        3
1958        2408        1        3
2011        2408        1        3
2064        2408        1        3
2117        2434        1        3
2170        2434        1        3
2223        2461        1        3
2275        2487        1        3
2302        2487        1        3
2328        2514        1        3
2355        2514        1        3
2381        2540        1        3
2408        2540        1        3
2408        2566        1        3
2434        2566        1        3
2408        2540        1        3
2408        2514        1        3
2381        2514        1        3
2381        2487        1        3
2355        2434        1        3
2355        2381        1        3
2355        2328        1        3
2328        2249        1        3
2328        2170        1        3
2328        2090        1        3
2328        2037        1        3
2328        1984        1        3
2328        1931        1        3
2328        1879        1        3
2328        1852        1        3
2328        1799        1        3
2328        1773        1        3
2328        1746        1        3
2328        1773        1        3
PEN_UP                  0
PEN_DOWN
2328        2064        1        4
2355        2037        1        4
2355        2011        1        4
2381        1984        1        4
2381        1958        1        4
2408        1958        1        4
2461        1931        1        4
2487        1905        1        4
2540        1905        1        4
2566        1879        1        4
2619        1879        1        4
2672        1879        1        4
2699        1879        1        4
2752        1905        1        4
2805        1905        1        4
2831        1931        1        4
2884        1958        1        4
2884        2011        1        4
2910        2037        1        4
2910        2064        1        4
2910        2117        1        4
2884        2143        1        4
2831        2170        1        4
2805        2196        1        4
2778        2223        1        4
2725        2223        1        4
2699        2223        1        4
2672        2196        1        4
2672        2170        1        4
2672        2143        1        4
2672        2117        1        4
2699        2090        1        4
2725        2090        1        4
2752        2064        1        4
2778        2064        1        4
2805        2037        1        4
2805        2064        1        4
2831        2064        1        4
2858        2090        1        4
2858        2117        1        4
2858        2143        1        4
PEN_UP                  0
END_CHARACTER: LK
