CHARACTER_NAME: FK
STROKE_COUNT: 5
  X           Y   STYLUS_STATE STROKE
PEN_DOWN
1085        1826        1        1
1111        1826        1        1
1138        1826        1        1
1164        1852        1        1
1191        1852        1        1
1217        1852        1        1
1270        1852        1        1
1296        1879        1        1
1349        1879        1        1
1429        1879        1        1
1482        1879        1        1
1561        1879        1        1
1640        1879        1        1
1720        1879        1        1
1826        1879        1        1
1905        1879        1        1
1984        1879        1        1
2064        1905        1        1
2117        1905        1        1
2170        1905        1        1
2223        1905        1        1
2249        1905        1        1
2275        1905        1        1
2302        1905        1        1
2328        1905        1        1
2328        1931        1        1
2302        1931        1        1
2275        1958        1        1
2223        2011        1        1
2170        2064        1        1
2090        2117        1        1
1984        2170        1        1
1905        2249        1        1
1826        2328        1        1
1746        2381        1        1
1667        2434        1        1
1614        2487        1        1
1561        2514        1        1
1535        2540        1        1
1508        2566        1        1
1482        2593        1        1
1455        2593        1        1
1429        2619        1        1
1455        2619        1        1
1482        2619        1        1
1508        2646        1        1
1561        2646        1        1
1614        2672        1        1
1667        2699        1        1
1746        2752        1        1
1799        2778        1        1
1879        2831        1        1
1931        2858        1        1
1984        2884        1        1
2037        2937        1        1
2064        2963        1        1
2090        2990        1        1
2117        3016        1        1
2143        3043        1        1
2143        3069        1        1
2143        3096        1        1
2170        3122        1        1
2170        3149        1        1
2196        3149        1        1
2196        3122        1        1
2223        3096        1        1
2249        3043        1        1
2275        2963        1        1
2302        2884        1        1
2355        2778        1        1
2381        2672        1        1
2408        2566        1        1
2434        2434        1        1
2461        2355        1        1
2487        2249        1        1
2514        2170        1        1
2514        2090        1        1
2540        2037        1        1
2540        2011        1        1
2540        1984        1        1
2566        1958        1        1
2540        1958        1        1
2540        1984        1        1
PEN_UP                  0
PEN_DOWN
2461        2381        1        2
2487        2381        1        2
2540        2355        1        2
2593        2381        1        2
2672        2381        1        2
2725        2408        1        2
2805        2434        1        2
2858        2461        1        2
2910        2514        1        2
2963        2566        1        2
2963        2593        1        2
2990        2646        1        2
2990        2672        1        2
2963        2699        1        2
2937        2725        1        2
2910        2752        1        2
2884        2778        1        2
2858        2778        1        2
2858        2805        1        2
2831        2805        1        2
2805        2805        1        2
PEN_UP                  0
PEN_DOWN
1349        2117        1        3
1323        2143        1        3
1323        2170        1        3
1296        2196        1        3
1296        2223        1        3
1296        2275        1        3
1270        2302        1        3
1270        2328        1        3
1270        2381        1        3
1270        2408        1        3
1296        2434        1        3
1296        2461        1        3
1296        2487        1        3
1323        2487        1        3
1323        2514        1        3
1349        2514        1        3
1376        2514        1        3
1402        2540        1        3
1429        2540        1        3
1482        2540        1        3
1508        2540        1        3
1561        2540        1        3
1614        2514        1        3
1667        2514        1        3
1693        2514        1        3
1746        2514        1        3
1799        2514        1        3
1826        2487        1        3
1879        2487        1        3
1905        2487        1        3
1931        2461        1        3
1958        2461        1        3
1984        2461        1        3
2011        2434        1        3
2037        2434        1        3
2064        2434        1        3
2090        2408        1        3
2117        2408        1        3
2143        2381        1        3
2170        2381        1        3
2196        2381        1        3
2196        2355        1        3
2223        2355        1        3
PEN_UP                  0
PEN_DOWN
1323        2090        1        4
1349        2064        1        4
1402        2064        1        4
1429        2037        1        4
1482        2037        1        4
1535        2011        1        4
1588        2011        1        4
1640        2011        1        4
1693        1984        1        4
1746        2011        1        4
1799        2011        1        4
1852        2011        1        4
1905        2011        1        4
1958        2011        1        4
2011        2011        1        4
2064        2011        1        4
2117        2037        1        4
2143        2037        1        4
2170        2037        1        4
2196        2037        1        4
PEN_UP                  0
PEN_DOWN
2170        2143        1        5
2143        2170        1        5
2143        2196        1        5
2143        2223        1        5
2143        2249        1        5
2170        2275        1        5
2170        2302        1        5
2170        2328        1        5
2170        2355        1        5
2170        2381        1        5
2170        2408        1        5
2170        2434        1        5
2170        2461        1        5
2196        2487        1        5
2196        2514        1        5
2196        2540        1        5
2170        2566        1        5
2170        2593        1        5
2170        2619        1        5
2143        2619        1        5
2170        2619        1        5
2170        2593        1        5
PEN_UP                  0
END_CHARACTER: FK
