CHARACTER_NAME: SN
STROKE_COUNT: 2
  X           Y   STYLUS_STATE STROKE
PEN_DOWN
1085        1720        1        1
1111        1720        1        1
1111        1693        1        1
1138        1667        1        1
1138        1640        1        1
1164        1640        1        1
1191        1614        1        1
1217        1614        1        1
1244        1588        1        1
1270        1588        1        1
1323        1588        1        1
1376        1614        1        1
1429        1640        1        1
1455        1667        1        1
1508        1720        1        1
1535        1773        1        1
1561        1826        1        1
1561        1879        1        1
1561        1958        1        1
1535        2011        1        1
1508        2064        1        1
1482        2117        1        1
1455        2143        1        1
1429        2170        1        1
1402        2196        1        1
1376        2196        1        1
1349        2196        1        1
1349        2170        1        1
1323        2143        1        1
1323        2117        1        1
1323        2090        1        1
1349        2064        1        1
1376        2037        1        1
1402        2011        1        1
1455        1984        1        1
1508        1958        1        1
1561        1931        1        1
1640        1931        1        1
1693        1931        1        1
1746        1958        1        1
1799        1958        1        1
1826        1984        1        1
1852        2011        1        1
1852        2064        1        1
1852        2090        1        1
1852        2117        1        1
1826        2143        1        1
1799        2170        1        1
1773        2196        1        1
1746        2196        1        1
1693        2196        1        1
1667        2196        1        1
1640        2170        1        1
1614        2143        1        1
1588        2117        1        1
1561        2090        1        1
1561        2037        1        1
1535        1984        1        1
1561        1958        1        1
1561        1931        1        1
1588        1879        1        1
1614        1852        1        1
1640        1826        1        1
1693        1799        1        1
1773        1799        1        1
1826        1773        1        1
1905        1773        1        1
1984        1773        1        1
2064        1773        1        1
2143        1799        1        1
2196        1826        1        1
2249        1826        1        1
2302        1852        1        1
2355        1852        1        1
2381        1852        1        1
2408        1879        1        1
2434        1852        1        1
2434        1826        1        1
2434        1799        1        1
2461        1773        1        1
2434        1746        1        1
2434        1720        1        1
2434        1667        1        1
2434        1640        1        1
2434        1614        1        1
2434        1588        1        1
2434        1614        1        1
2434        1640        1        1
2434        1667        1        1
2434        1693        1        1
2434        1746        1        1
2434        1799        1        1
2434        1852        1        1
2408        1931        1        1
2408        1984        1        1
2381        2090        1        1
2355        2170        1        1
2355        2249        1        1
2328        2328        1        1
2328        2381        1        1
2328        2434        1        1
2302        2487        1        1
2302        2540        1        1
2302        2566        1        1
2302        2593        1        1
2302        2619        1        1
2302        2646        1        1
2275        2646        1        1
2275        2672        1        1
2275        2699        1        1
2249        2699        1        1
2249        2725        1        1
2249        2752        1        1
2223        2752        1        1
2223        2778        1        1
2223        2805        1        1
2196        2805        1        1
PEN_UP                  0
PEN_DOWN
1296        3122        1        2
1296        3096        1        2
1296        3069        1        2
1296        3043        1        2
1323        2990        1        2
1323        2963        1        2
1323        2910        1        2
1349        2884        1        2
1376        2831        1        2
1402        2805        1        2
1429        2752        1        2
1482        2725        1        2
1508        2725        1        2
1561        2699        1        2
1640        2699        1        2
1693        2699        1        2
1746        2725        1        2
1826        2752        1        2
1879        2778        1        2
1931        2831        1        2
1984        2884        1        2
2037        2910        1        2
2064        2963        1        2
2090        3016        1        2
2117        3043        1        2
2117        3096        1        2
2143        3122        1        2
2143        3149        1        2
2170        3149        1        2
2170        3122        1        2
2196        3122        1        2
2196        3096        1        2
2223        3069        1        2
2249        3016        1        2
2275        2963        1        2
2302        2910        1        2
2328        2831        1        2
2355        2778        1        2
2381        2699        1        2
2408        2619        1        2
2434        2566        1        2
2461        2540        1        2
2487        2487        1        2
2487        2461        1        2
PEN_UP                  0
END_CHARACTER: SN
