CHARACTER_NAME: SPH
STROKE_COUNT: 5
  X           Y   STYLUS_STATE STROKE
PEN_DOWN
1191        1482        1        1
1191        1508        1        1
1164        1535        1        1
1164        1588        1        1
1138        1614        1        1
1111        1667        1        1
1085        1693        1        1
1085        1746        1        1
1058        1773        1        1
1032        1799        1        1
1032        1826        1        1
1032        1852        1        1
1032        1879        1        1
1032        1905        1        1
1058        1905        1        1
1085        1931        1        1
1111        1931        1        1
1164        1905        1        1
1217        1905        1        1
1270        1905        1        1
1323        1879        1        1
1376        1852        1        1
1402        1852        1        1
1429        1826        1        1
1455        1826        1        1
1482        1826        1        1
1455        1826        1        1
1429        1852        1        1
1402        1879        1        1
1376        1879        1        1
1349        1931        1        1
1296        1958        1        1
1296        1984        1        1
1270        2011        1        1
1270        2037        1        1
1270        2090        1        1
1270        2117        1        1
1270        2143        1        1
1296        2170        1        1
1323        2196        1        1
1349        2223        1        1
1376        2223        1        1
1402        2249        1        1
1455        2223        1        1
1508        2223        1        1
1588        2196        1        1
1640        2170        1        1
1720        2117        1        1
1799        2090        1        1
1852        2037        1        1
1905        1984        1        1
1958        1958        1        1
2011        1905        1        1
2011        1852        1        1
2037        1799        1        1
2037        1746        1        1
2037        1693        1        1
2011        1640        1        1
2011        1588        1        1
2011        1561        1        1
2011        1535        1        1
1984        1508        1        1
1984        1482        1        1
PEN_UP                  0
PEN_DOWN
1217        1482        1        2
1244        1482        1        2
1270        1455        1        2
1323        1455        1        2
1402        1455        1        2
1508        1455        1        2
1614        1455        1        2
1746        1455        1        2
1879        1455        1        2
2037        1455        1        2
2170        1455        1        2
2275        1429        1        2
2355        1429        1        2
2434        1429        1        2
2514        1429        1        2
2566        1402        1        2
2593        1402        1        2
2619        1402        1        2
2646        1402        1        2
2672        1402        1        2
2672        1429        1        2
2646        1455        1        2
PEN_UP                  0
PEN_DOWN
2037        1746        1        3
2037        1720        1        3
2011        1720        1        3
2037        1720        1        3
2064        1720        1        3
2117        1746        1        3
2143        1746        1        3
2196        1773        1        3
2249        1799        1        3
2275        1852        1        3
2302        1879        1        3
2328        1931        1        3
2328        1984        1        3
2328        2037        1        3
2275        2117        1        3
2249        2170        1        3
2170        2249        1        3
2117        2302        1        3
2037        2355        1        3
1984        2408        1        3
1931        2434        1        3
1905        2461        1        3
1879        2461        1        3
1852        2487        1        3
1826        2487        1        3
1826        2461        1        3
1799        2461        1        3
1826        2434        1        3
1852        2408        1        3
1879        2408        1        3
1931        2381        1        3
1984        2381        1        3
2037        2381        1        3
2117        2381        1        3
2196        2381        1        3
2249        2408        1        3
2302        2434        1        3
2355        2461        1        3
2408        2487        1        3
2434        2487        1        3
2461        2514        1        3
2461        2540        1        3
2487        2540        1        3
2487        2566        1        3
2514        2566        1        3
2514        2540        1        3
2514        2514        1        3
2540        2487        1        3
2540        2461        1        3
2566        2408        1        3
2593        2355        1        3
2619        2275        1        3
2646        2196        1        3
2672        2117        1        3
2699        2037        1        3
2725        1984        1        3
2725        1905        1        3
2752        1852        1        3
2752        1799        1        3
2778        1746        1        3
2778        1720        1        3
2778        1693        1        3
PEN_UP                  0
PEN_DOWN
2752        1931        1        4
2778        1931        1        4
2831        1931        1        4
2858        1931        1        4
2937        1931        1        4
2990        1958        1        4
3069        1984        1        4
3149        2011        1        4
3201        2037        1        4
3254        2090        1        4
3281        2143        1        4
3281        2170        1        4
3281        2223        1        4
3254        2275        1        4
3201        2328        1        4
3149        2355        1        4
3096        2381        1        4
3069        2408        1        4
3016        2408        1        4
2990        2434        1        4
2963        2434        1        4
2990        2434        1        4
3016        2434        1        4
3043        2434        1        4
3069        2434        1        4
3069        2408        1        4
3096        2408        1        4
PEN_UP                  0
PEN_DOWN
2858        1588        1        5
2910        1561        1        5
2937        1535        1        5
2990        1508        1        5
3043        1508        1        5
3069        1508        1        5
PEN_UP                  0
END_CHARACTER: SPH
