CHARACTER_NAME: NGG
STROKE_COUNT: 3
  X           Y   STYLUS_STATE STROKE
PEN_DOWN
1244        1058        1        1
1270        1058        1        1
1296        1058        1        1
1323        1058        1        1
1376        1058        1        1
1429        1058        1        1
1508        1085        1        1
1614        1085        1        1
1720        1085        1        1
1852        1111        1        1
2011        1111        1        1
2143        1138        1        1
2249        1138        1        1
2381        1164        1        1
2461        1164        1        1
2566        1164        1        1
2646        1191        1        1
2699        1191        1        1
2778        1191        1        1
2831        1217        1        1
2884        1217        1        1
2910        1217        1        1
2963        1244        1        1
2990        1244        1        1
3016        1244        1        1
3043        1244        1        1
3016        1244        1        1
2990        1244        1        1
2937        1244        1        1
PEN_UP                  0
PEN_DOWN
1984        1244        1        2
2011        1244        1        2
1984        1244        1        2
1984        1217        1        2
1984        1191        1        2
1958        1191        1        2
1958        1217        1        2
1931        1217        1        2
1905        1217        1        2
1879        1244        1        2
1852        1244        1        2
1879        1270        1        2
1905        1270        1        2
1931        1270        1        2
1958        1244        1        2
1984        1244        1        2
2011        1244        1        2
2037        1244        1        2
2037        1217        1        2
2037        1191        1        2
2011        1191        1        2
2011        1164        1        2
1984        1164        1        2
1958        1164        1        2
1958        1138        1        2
1931        1164        1        2
1905        1164        1        2
1905        1191        1        2
1879        1191        1        2
1879        1217        1        2
1852        1244        1        2
1852        1270        1        2
1826        1270        1        2
1852        1270        1        2
1879        1244        1        2
1905        1244        1        2
1931        1244        1        2
1958        1270        1        2
1984        1270        1        2
1984        1296        1        2
1984        1323        1        2
1984        1349        1        2
1958        1376        1        2
1931        1402        1        2
1905        1429        1        2
1852        1429        1        2
1826        1429        1        2
1826        1455        1        2
1799        1429        1        2
1773        1429        1        2
1746        1429        1        2
1720        1402        1        2
1720        1376        1        2
1720        1349        1        2
1720        1323        1        2
1720        1296        1        2
1746        1296        1        2
1799        1270        1        2
1826        1270        1        2
1879        1270        1        2
1958        1296        1        2
2011        1323        1        2
2064        1349        1        2
2090        1376        1        2
2117        1429        1        2
2143        1455        1        2
2117        1508        1        2
2090        1561        1        2
2064        1614        1        2
2011        1640        1        2
1931        1693        1        2
1879        1720        1        2
1799        1773        1        2
1746        1799        1        2
1693        1826        1        2
1640        1826        1        2
1588        1852        1        2
1561        1852        1        2
1535        1879        1        2
1508        1879        1        2
1482        1879        1        2
1508        1852        1        2
1535        1852        1        2
1561        1826        1        2
1588        1826        1        2
1640        1826        1        2
1693        1826        1        2
1746        1826        1        2
1826        1826        1        2
1879        1852        1        2
1958        1879        1        2
2011        1879        1        2
2064        1905        1        2
2117        1931        1        2
2143        1958        1        2
2170        1958        1        2
2196        1984        1        2
2223        1984        1        2
2249        2011        1        2
2275        2011        1        2
2302        2011        1        2
2328        2011        1        2
2355        1984        1        2
2381        1984        1        2
2408        1984        1        2
2408        1958        1        2
2434        1958        1        2
2408        1958        1        2
2408        1931        1        2
2381        1931        1        2
2355        1931        1        2
2355        1905        1        2
2328        1905        1        2
2302        1905        1        2
2249        1905        1        2
2196        1905        1        2
2143        1905        1        2
2090        1905        1        2
2037        1931        1        2
1984        1958        1        2
1931        1984        1        2
1879        2011        1        2
1826        2037        1        2
1773        2090        1        2
1746        2143        1        2
1720        2196        1        2
1693        2223        1        2
1693        2275        1        2
1693        2328        1        2
1693        2381        1        2
1720        2408        1        2
1773        2434        1        2
1826        2461        1        2
1879        2487        1        2
1984        2514        1        2
2064        2514        1        2
2170        2514        1        2
2249        2514        1        2
2328        2514        1        2
2381        2514        1        2
2408        2514        1        2
2461        2487        1        2
2487        2487        1        2
2514        2487        1        2
2514        2514        1        2
PEN_UP                  0
PEN_DOWN
2249        1217        1        3
2249        1191        1        3
2249        1217        1        3
2223        1244        1        3
2223        1270        1        3
2223        1296        1        3
2223        1323        1        3
2223        1349        1        3
2223        1376        1        3
2223        1402        1        3
2223        1429        1        3
2249        1455        1        3
2249        1482        1        3
2275        1508        1        3
2302        1508        1        3
2328        1535        1        3
2355        1535        1        3
2381        1535        1        3
2408        1535        1        3
2434        1535        1        3
2461        1561        1        3
2487        1561        1        3
2514        1561        1        3
2540        1535        1        3
2566        1535        1        3
2593        1535        1        3
2619        1535        1        3
2646        1535        1        3
2672        1535        1        3
2699        1508        1        3
2725        1508        1        3
2752        1508        1        3
2778        1482        1        3
2805        1482        1        3
2831        1482        1        3
2858        1455        1        3
2884        1455        1        3
2910        1455        1        3
2937        1429        1        3
2963        1429        1        3
2990        1402        1        3
3016        1376        1        3
PEN_UP                  0
END_CHARACTER: NGG
