CHARACTER_NAME: CAY
STROKE_COUNT: 1
  X           Y   STYLUS_STATE STROKE
PEN_DOWN
2381        1323        1        1
2381        1296        1        1
2381        1270        1        1
2381        1296        1        1
2381        1323        1        1
2381        1349        1        1
2381        1376        1        1
2355        1429        1        1
2355        1482        1        1
2355        1535        1        1
2328        1588        1        1
2328        1640        1        1
2328        1667        1        1
2302        1720        1        1
2302        1773        1        1
2302        1799        1        1
2302        1852        1        1
2302        1879        1        1
2328        1905        1        1
2328        1931        1        1
2355        1931        1        1
2381        1931        1        1
2408        1905        1        1
2461        1905        1        1
2487        1879        1        1
2540        1852        1        1
2593        1826        1        1
2646        1799        1        1
2672        1773        1        1
2725        1746        1        1
2752        1720        1        1
2778        1720        1        1
2805        1720        1        1
2805        1693        1        1
2831        1720        1        1
2858        1720        1        1
2884        1746        1        1
2884        1773        1        1
2910        1773        1        1
2910        1799        1        1
2884        1826        1        1
2884        1852        1        1
2858        1905        1        1
2831        1931        1        1
2805        1984        1        1
2752        2037        1        1
2699        2064        1        1
2672        2117        1        1
2619        2170        1        1
2566        2196        1        1
2514        2249        1        1
2461        2275        1        1
2408        2302        1        1
2355        2302        1        1
2328        2328        1        1
2275        2328        1        1
2223        2355        1        1
2170        2355        1        1
2117        2355        1        1
2064        2355        1        1
1984        2328        1        1
1931        2328        1        1
1852        2302        1        1
1799        2249        1        1
1746        2223        1        1
1693        2196        1        1
1640        2143        1        1
1614        2064        1        1
1588        2011        1        1
1561        1958        1        1
1535        1879        1        1
1508        1826        1        1
1508        1746        1        1
1508        1667        1        1
1508        1588        1        1
1508        1508        1        1
1508        1429        1        1
1535        1376        1        1
1535        1323        1        1
1535        1270        1        1
1561        1217        1        1
1561        1191        1        1
1588        1164        1        1
1614        1164        1        1
1640        1138        1        1
PEN_UP                  0
END_CHARACTER: CAY
