CHARACTER_NAME: JA
STROKE_COUNT: 4
  X           Y   STYLUS_STATE STROKE
PEN_DOWN
1296        1640        1        1
1323        1640        1        1
1376        1640        1        1
1429        1614        1        1
1482        1614        1        1
1561        1614        1        1
1667        1614        1        1
1773        1614        1        1
1905        1614        1        1
2037        1614        1        1
2170        1588        1        1
2302        1588        1        1
2408        1588        1        1
2514        1588        1        1
2593        1561        1        1
2672        1561        1        1
2725        1561        1        1
2752        1561        1        1
2778        1561        1        1
2805        1588        1        1
2778        1588        1        1
2752        1614        1        1
PEN_UP                  0
PEN_DOWN
2143        1905        1        2
2090        1958        1        2
2064        2011        1        2
2064        2037        1        2
2037        2090        1        2
2037        2117        1        2
2037        2143        1        2
2064        2170        1        2
2064        2196        1        2
2117        2196        1        2
2170        2223        1        2
2223        2223        1        2
2275        2223        1        2
2355        2223        1        2
2408        2223        1        2
2461        2223        1        2
2514        2223        1        2
2540        2249        1        2
2566        2249        1        2
2593        2275        1        2
2619        2302        1        2
2619        2328        1        2
2619        2355        1        2
2593        2381        1        2
2593        2408        1        2
2566        2461        1        2
2540        2487        1        2
2487        2514        1        2
2461        2540        1        2
2408        2566        1        2
2328        2593        1        2
2275        2619        1        2
2223        2646        1        2
2143        2646        1        2
2090        2646        1        2
2011        2619        1        2
1931        2619        1        2
1879        2566        1        2
1799        2540        1        2
1746        2487        1        2
1693        2408        1        2
1640        2328        1        2
1588        2249        1        2
1561        2170        1        2
1561        2064        1        2
1561        1984        1        2
1561        1905        1        2
1588        1826        1        2
1614        1773        1        2
1640        1720        1        2
1667        1693        1        2
1693        1667        1        2
1720        1667        1        2
PEN_UP                  0
PEN_DOWN
2223        1905        1        3
2249        1879        1        3
2275        1879        1        3
2302        1905        1        3
2355        1905        1        3
2408        1905        1        3
2487        1931        1        3
2540        1931        1        3
2593        1958        1        3
2672        1958        1        3
2752        1984        1        3
2831        1984        1        3
2884        1984        1        3
2963        1984        1        3
3016        1984        1        3
3069        1958        1        3
3096        1958        1        3
3122        1958        1        3
3149        1958        1        3
3149        1931        1        3
3122        1958        1        3
3096        1958        1        3
3069        1958        1        3
3043        1958        1        3
3016        1984        1        3
3016        2011        1        3
2990        2064        1        3
2937        2143        1        3
2910        2223        1        3
2884        2355        1        3
2858        2461        1        3
2831        2566        1        3
2805        2699        1        3
2805        2778        1        3
2778        2858        1        3
2778        2937        1        3
2778        2990        1        3
2778        3016        1        3
PEN_UP                  0
PEN_DOWN
2249        1667        1        4
2249        1640        1        4
2275        1640        1        4
2275        1614        1        4
2249        1640        1        4
2223        1667        1        4
2223        1693        1        4
2170        1720        1        4
2143        1773        1        4
2117        1799        1        4
2090        1826        1        4
2037        1852        1        4
2011        1879        1        4
2011        1905        1        4
1984        1931        1        4
1958        1931        1        4
1931        1958        1        4
PEN_UP                  0
END_CHARACTER: JA
