CHARACTER_NAME: PA
STROKE_COUNT: 4
  X           Y   STYLUS_STATE STROKE
PEN_DOWN
1111        2434        1        1
1138        2434        1        1
1138        2408        1        1
1164        2408        1        1
1191        2381        1        1
1217        2381        1        1
1244        2381        1        1
1296        2381        1        1
1323        2381        1        1
1349        2408        1        1
1402        2434        1        1
1429        2461        1        1
1455        2487        1        1
1455        2540        1        1
1482        2566        1        1
1455        2619        1        1
1455        2672        1        1
1429        2725        1        1
1402        2752        1        1
1376        2805        1        1
1349        2831        1        1
1323        2884        1        1
1296        2910        1        1
1270        2910        1        1
1244        2937        1        1
1244        2963        1        1
1270        2937        1        1
1296        2937        1        1
1349        2937        1        1
1376        2937        1        1
1429        2910        1        1
1482        2910        1        1
1535        2910        1        1
1588        2910        1        1
1614        2884        1        1
1667        2884        1        1
1693        2884        1        1
1720        2884        1        1
1720        2858        1        1
1746        2831        1        1
1746        2805        1        1
1746        2778        1        1
1746        2725        1        1
1773        2672        1        1
1773        2619        1        1
1799        2540        1        1
1826        2487        1        1
1826        2434        1        1
1852        2381        1        1
1879        2328        1        1
1905        2275        1        1
1931        2249        1        1
1958        2223        1        1
1984        2196        1        1
2011        2170        1        1
2037        2143        1        1
2064        2143        1        1
2090        2117        1        1
2117        2117        1        1
2090        2117        1        1
PEN_UP                  0
PEN_DOWN
1244        2328        1        2
1270        2302        1        2
1270        2275        1        2
1296        2275        1        2
1323        2275        1        2
1349        2275        1        2
1376        2275        1        2
1429        2275        1        2
1455        2275        1        2
1508        2302        1        2
1561        2302        1        2
1614        2328        1        2
1667        2328        1        2
1720        2355        1        2
1799        2355        1        2
1852        2381        1        2
1879        2408        1        2
1931        2408        1        2
1958        2434        1        2
PEN_UP                  0
PEN_DOWN
2170        2170        1        3
2170        2143        1        3
2196        2143        1        3
2170        2143        1        3
2170        2170        1        3
2170        2196        1        3
2143        2249        1        3
2143        2302        1        3
2143        2355        1        3
2117        2434        1        3
2117        2487        1        3
2090        2566        1        3
2090        2646        1        3
2064        2699        1        3
2037        2778        1        3
2011        2831        1        3
2011        2884        1        3
1984        2937        1        3
1984        2963        1        3
1984        2990        1        3
1958        3016        1        3
1958        3043        1        3
1958        3016        1        3
PEN_UP                  0
PEN_DOWN
2381        2196        1        4
2461        2143        1        4
2514        2143        1        4
2593        2117        1        4
2646        2090        1        4
2699        2090        1        4
2752        2064        1        4
2778        2064        1        4
2805        2037        1        4
2831        2037        1        4
2858        2037        1        4
2831        2064        1        4
PEN_UP                  0
END_CHARACTER: PA
