CHARACTER_NAME: PL
STROKE_COUNT: 4
  X           Y   STYLUS_STATE STROKE
PEN_DOWN
1164        1799        1        1
1191        1799        1        1
1217        1799        1        1
1217        1826        1        1
1244        1826        1        1
1244        1852        1        1
1244        1879        1        1
1270        1905        1        1
1270        1958        1        1
1270        1984        1        1
1270        2011        1        1
1270        2064        1        1
1270        2090        1        1
1270        2117        1        1
1296        2143        1        1
1296        2170        1        1
1296        2196        1        1
1296        2223        1        1
1296        2249        1        1
1296        2275        1        1
1323        2275        1        1
1323        2249        1        1
1349        2249        1        1
1402        2196        1        1
1429        2170        1        1
1482        2117        1        1
1535        2037        1        1
1614        1984        1        1
1667        1931        1        1
1720        1852        1        1
1773        1826        1        1
1799        1773        1        1
1826        1746        1        1
1852        1720        1        1
1826        1746        1        1
PEN_UP                  0
PEN_DOWN
1058        1905        1        2
1058        1852        1        2
1058        1826        1        2
1058        1799        1        2
1085        1746        1        2
1138        1720        1        2
1164        1720        1        2
1244        1693        1        2
1296        1693        1        2
1349        1720        1        2
1429        1720        1        2
1508        1746        1        2
1561        1773        1        2
1640        1799        1        2
1693        1826        1        2
1773        1852        1        2
1826        1879        1        2
1879        1879        1        2
PEN_UP                  0
PEN_DOWN
2011        1667        1        3
2011        1640        1        3
2011        1614        1        3
2011        1640        1        3
2037        1667        1        3
2037        1720        1        3
2037        1799        1        3
2037        1879        1        3
2037        1958        1        3
2037        2090        1        3
2011        2223        1        3
2011        2328        1        3
1984        2461        1        3
1958        2593        1        3
1958        2699        1        3
1931        2778        1        3
1931        2858        1        3
1905        2910        1        3
1905        2937        1        3
1905        2963        1        3
1931        2937        1        3
PEN_UP                  0
PEN_DOWN
 582        3307        1        4
 582        3281        1        4
 582        3254        1        4
 609        3228        1        4
 609        3201        1        4
 635        3149        1        4
 635        3122        1        4
 635        3069        1        4
 661        3016        1        4
 688        2963        1        4
 714        2910        1        4
 767        2884        1        4
 820        2831        1        4
 900        2805        1        4
 953        2778        1        4
1032        2752        1        4
1085        2752        1        4
1138        2778        1        4
1191        2805        1        4
1244        2858        1        4
1270        2884        1        4
1270        2937        1        4
1296        2990        1        4
1270        3043        1        4
1270        3096        1        4
1244        3122        1        4
1244        3175        1        4
1217        3201        1        4
1217        3228        1        4
1191        3201        1        4
1217        3201        1        4
1217        3175        1        4
1244        3149        1        4
1244        3122        1        4
1296        3096        1        4
1323        3096        1        4
1376        3069        1        4
1429        3069        1        4
1482        3043        1        4
1535        3069        1        4
1588        3069        1        4
1667        3096        1        4
1720        3122        1        4
1773        3149        1        4
1826        3175        1        4
1852        3201        1        4
1879        3228        1        4
1879        3254        1        4
1905        3281        1        4
1931        3281        1        4
1931        3254        1        4
1958        3228        1        4
1958        3175        1        4
1958        3096        1        4
1984        3016        1        4
1984        2937        1        4
2011        2858        1        4
2011        2778        1        4
2037        2699        1        4
2037        2672        1        4
2037        2619        1        4
2037        2593        1        4
2037        2566        1        4
PEN_UP                  0
END_CHARACTER: PL
