CHARACTER_NAME: MM
STROKE_COUNT: 4
  X           Y   STYLUS_STATE STROKE
PEN_DOWN
1402        1535        1        1
1429        1508        1        1
1402        1508        1        1
1402        1482        1        1
1429        1482        1        1
1402        1455        1        1
1402        1482        1        1
1376        1535        1        1
1376        1561        1        1
1349        1588        1        1
1349        1640        1        1
1349        1693        1        1
1323        1746        1        1
1323        1826        1        1
1323        1879        1        1
1296        1931        1        1
1296        2011        1        1
1296        2064        1        1
1296        2143        1        1
1270        2196        1        1
1270        2249        1        1
1244        2302        1        1
1244        2355        1        1
1217        2408        1        1
1164        2461        1        1
1138        2487        1        1
1111        2514        1        1
1058        2540        1        1
1032        2540        1        1
1005        2540        1        1
 979        2540        1        1
 926        2514        1        1
 900        2487        1        1
 873        2461        1        1
 873        2434        1        1
 847        2381        1        1
 847        2328        1        1
 847        2302        1        1
 847        2249        1        1
 873        2223        1        1
 900        2170        1        1
 926        2143        1        1
 979        2117        1        1
1032        2090        1        1
1085        2064        1        1
1164        2064        1        1
1217        2090        1        1
1270        2117        1        1
1323        2143        1        1
1376        2170        1        1
1429        2196        1        1
1482        2249        1        1
1508        2275        1        1
1535        2302        1        1
1535        2328        1        1
1561        2355        1        1
1561        2381        1        1
1561        2355        1        1
1561        2328        1        1
1588        2302        1        1
1588        2275        1        1
1588        2249        1        1
1588        2223        1        1
1588        2170        1        1
1614        2143        1        1
1614        2090        1        1
1614        2011        1        1
1614        1958        1        1
1614        1879        1        1
1640        1826        1        1
1640        1746        1        1
1640        1693        1        1
1640        1640        1        1
1667        1588        1        1
1667        1561        1        1
1667        1535        1        1
1693        1508        1        1
PEN_UP                  0
PEN_DOWN
 900        1535        1        2
 873        1535        1        2
 926        1508        1        2
 953        1508        1        2
1032        1508        1        2
1111        1482        1        2
1217        1482        1        2
1349        1482        1        2
1455        1482        1        2
1588        1482        1        2
1720        1508        1        2
1852        1508        1        2
1958        1508        1        2
2064        1508        1        2
2143        1535        1        2
2196        1535        1        2
2249        1535        1        2
2275        1535        1        2
2302        1535        1        2
2328        1535        1        2
2355        1535        1        2
2381        1535        1        2
2355        1535        1        2
PEN_UP                  0
PEN_DOWN
1588        2381        1        3
1561        2381        1        3
1561        2408        1        3
1561        2434        1        3
1535        2434        1        3
1535        2487        1        3
1535        2514        1        3
1535        2566        1        3
1508        2593        1        3
1508        2646        1        3
1508        2725        1        3
1508        2778        1        3
1508        2831        1        3
1482        2884        1        3
1482        2937        1        3
1482        2963        1        3
1482        3016        1        3
1482        3043        1        3
1455        3096        1        3
1455        3122        1        3
1429        3149        1        3
1402        3175        1        3
1376        3228        1        3
1349        3228        1        3
1323        3254        1        3
1296        3281        1        3
1244        3281        1        3
1217        3281        1        3
1191        3281        1        3
1164        3254        1        3
1138        3254        1        3
1111        3228        1        3
1111        3201        1        3
1111        3149        1        3
1085        3122        1        3
1111        3096        1        3
1111        3069        1        3
1111        3043        1        3
1138        3016        1        3
1164        2990        1        3
1217        2990        1        3
1270        2963        1        3
1323        2990        1        3
1376        2990        1        3
1455        2990        1        3
1535        3016        1        3
1614        3016        1        3
1667        3043        1        3
1720        3069        1        3
1773        3069        1        3
1799        3096        1        3
1826        3096        1        3
1852        3122        1        3
1879        3122        1        3
1905        3096        1        3
1905        3069        1        3
1905        3043        1        3
1931        2990        1        3
1931        2937        1        3
1958        2831        1        3
1984        2725        1        3
2037        2593        1        3
2090        2461        1        3
2117        2355        1        3
2170        2223        1        3
2223        2117        1        3
2275        2037        1        3
2302        1958        1        3
2328        1879        1        3
2381        1826        1        3
2408        1773        1        3
2434        1746        1        3
2434        1720        1        3
2461        1693        1        3
2434        1693        1        3
PEN_UP                  0
PEN_DOWN
2487        1667        1        4
2461        1667        1        4
2461        1640        1        4
2487        1640        1        4
2461        1640        1        4
2434        1667        1        4
2434        1693        1        4
2434        1720        1        4
2408        1720        1        4
2408        1746        1        4
2408        1773        1        4
2408        1799        1        4
2381        1826        1        4
PEN_UP                  0
END_CHARACTER: MM
