CHARACTER_NAME: MB
STROKE_COUNT: 4
  X           Y   STYLUS_STATE STROKE
PEN_DOWN
1164        1429        1        1
1164        1455        1        1
1164        1482        1        1
1191        1482        1        1
1217        1482        1        1
1244        1482        1        1
1270        1482        1        1
1323        1482        1        1
1376        1482        1        1
1455        1482        1        1
1508        1482        1        1
1588        1482        1        1
1667        1482        1        1
1746        1455        1        1
1826        1455        1        1
1931        1455        1        1
2011        1429        1        1
2090        1429        1        1
2170        1429        1        1
2249        1402        1        1
2328        1402        1        1
2408        1402        1        1
2461        1402        1        1
2514        1402        1        1
2540        1402        1        1
2566        1402        1        1
2593        1402        1        1
2619        1402        1        1
2593        1402        1        1
PEN_UP                  0
PEN_DOWN
2223        1482        1        2
2223        1508        1        2
2249        1508        1        2
2249        1535        1        2
2275        1561        1        2
2275        1588        1        2
2302        1614        1        2
2328        1667        1        2
2355        1693        1        2
2355        1746        1        2
2381        1799        1        2
2408        1852        1        2
2408        1879        1        2
2434        1931        1        2
2461        1984        1        2
2461        2011        1        2
2461        2037        1        2
2487        2064        1        2
2487        2090        1        2
2487        2117        1        2
2487        2090        1        2
PEN_UP                  0
PEN_DOWN
1905        1508        1        3
1905        1482        1        3
1905        1455        1        3
1879        1455        1        3
1852        1482        1        3
1826        1482        1        3
1799        1482        1        3
1799        1508        1        3
1773        1508        1        3
1720        1535        1        3
1693        1561        1        3
1667        1561        1        3
1667        1588        1        3
1640        1614        1        3
1614        1640        1        3
1588        1667        1        3
1588        1693        1        3
1614        1693        1        3
1640        1667        1        3
1667        1667        1        3
1693        1640        1        3
1720        1640        1        3
1746        1640        1        3
1773        1614        1        3
1799        1614        1        3
1826        1614        1        3
1852        1614        1        3
1879        1614        1        3
1905        1614        1        3
1905        1640        1        3
1931        1640        1        3
1958        1640        1        3
1984        1667        1        3
2011        1693        1        3
2037        1720        1        3
2037        1746        1        3
2064        1773        1        3
2064        1799        1        3
2064        1826        1        3
2090        1852        1        3
2090        1879        1        3
2064        1905        1        3
2064        1931        1        3
2064        1958        1        3
2064        1984        1        3
2037        1984        1        3
2037        2011        1        3
2011        2037        1        3
1984        2037        1        3
1958        2064        1        3
1931        2064        1        3
1905        2090        1        3
1879        2064        1        3
1852        2064        1        3
1826        2064        1        3
1799        2037        1        3
1773        2037        1        3
1746        2011        1        3
1720        2011        1        3
1720        1984        1        3
1693        1958        1        3
1693        1931        1        3
1720        1931        1        3
1720        1905        1        3
1746        1879        1        3
1773        1879        1        3
1773        1852        1        3
1799        1852        1        3
1826        1852        1        3
1879        1826        1        3
1905        1826        1        3
1931        1826        1        3
1958        1852        1        3
2011        1852        1        3
2037        1852        1        3
2064        1852        1        3
2090        1879        1        3
2117        1879        1        3
2143        1879        1        3
2170        1905        1        3
2196        1905        1        3
2223        1931        1        3
2249        1958        1        3
2275        1958        1        3
2275        1984        1        3
2302        2011        1        3
2328        2037        1        3
2328        2064        1        3
2355        2064        1        3
2355        2090        1        3
2381        2090        1        3
2408        2117        1        3
2434        2117        1        3
PEN_UP                  0
PEN_DOWN
2487        2090        1        4
2487        2064        1        4
2461        2090        1        4
2461        2117        1        4
2434        2117        1        4
2408        2143        1        4
2408        2170        1        4
2381        2196        1        4
2355        2223        1        4
2302        2249        1        4
2275        2302        1        4
2249        2328        1        4
2196        2355        1        4
2170        2381        1        4
2143        2408        1        4
2117        2434        1        4
2090        2461        1        4
2064        2461        1        4
2064        2487        1        4
2037        2487        1        4
2011        2514        1        4
2037        2514        1        4
2037        2487        1        4
2064        2487        1        4
2064        2461        1        4
2090        2461        1        4
2090        2434        1        4
2117        2434        1        4
2143        2434        1        4
2170        2434        1        4
2196        2434        1        4
2223        2434        1        4
2249        2434        1        4
2275        2434        1        4
2302        2434        1        4
2328        2461        1        4
2355        2461        1        4
2381        2461        1        4
2408        2487        1        4
2434        2487        1        4
2461        2514        1        4
2487        2514        1        4
2514        2540        1        4
2540        2540        1        4
2540        2566        1        4
2566        2566        1        4
2593        2593        1        4
2619        2619        1        4
2646        2619        1        4
2646        2646        1        4
2672        2646        1        4
2672        2672        1        4
2699        2672        1        4
2699        2699        1        4
2725        2699        1        4
2752        2725        1        4
2778        2752        1        4
2805        2778        1        4
2831        2778        1        4
2831        2805        1        4
2858        2805        1        4
2831        2805        1        4
2831        2778        1        4
2805        2752        1        4
2805        2725        1        4
2778        2699        1        4
2778        2672        1        4
2778        2646        1        4
2752        2646        1        4
2752        2619        1        4
2725        2593        1        4
2725        2566        1        4
2725        2540        1        4
2699        2514        1        4
2699        2487        1        4
2699        2461        1        4
2672        2434        1        4
2672        2408        1        4
2672        2381        1        4
2646        2381        1        4
2646        2355        1        4
2646        2328        1        4
2646        2302        1        4
2646        2275        1        4
2646        2249        1        4
2619        2223        1        4
2619        2196        1        4
2619        2170        1        4
2619        2143        1        4
2619        2117        1        4
2593        2117        1        4
2593        2090        1        4
2593        2064        1        4
2593        2037        1        4
2593        2011        1        4
2593        1984        1        4
2566        1984        1        4
2566        1958        1        4
2593        1958        1        4
PEN_UP                  0
END_CHARACTER: MB
