CHARACTER_NAME: SB
STROKE_COUNT: 3
  X           Y   STYLUS_STATE STROKE
PEN_DOWN
1349        1508        1        1
1323        1508        1        1
1323        1482        1        1
1349        1482        1        1
1349        1455        1        1
1376        1429        1        1
1376        1402        1        1
1402        1402        1        1
1429        1376        1        1
1455        1349        1        1
1482        1349        1        1
1508        1323        1        1
1535        1323        1        1
1561        1323        1        1
1588        1296        1        1
1614        1296        1        1
1640        1296        1        1
1667        1296        1        1
1693        1296        1        1
1720        1296        1        1
1746        1296        1        1
1773        1296        1        1
1773        1323        1        1
1799        1323        1        1
1826        1349        1        1
1826        1376        1        1
1852        1376        1        1
1879        1402        1        1
1879        1429        1        1
1905        1455        1        1
1905        1482        1        1
1931        1508        1        1
1931        1535        1        1
1931        1561        1        1
1958        1561        1        1
1958        1588        1        1
1958        1614        1        1
1931        1640        1        1
1931        1667        1        1
1905        1693        1        1
1879        1693        1        1
1852        1693        1        1
1826        1693        1        1
1826        1667        1        1
1799        1667        1        1
1799        1640        1        1
1773        1640        1        1
1773        1614        1        1
1773        1588        1        1
1773        1561        1        1
1773        1535        1        1
1773        1508        1        1
1773        1482        1        1
1799        1482        1        1
1799        1455        1        1
1826        1455        1        1
1826        1429        1        1
1852        1429        1        1
1852        1402        1        1
1879        1402        1        1
1879        1376        1        1
1905        1376        1        1
1931        1376        1        1
1931        1349        1        1
1958        1349        1        1
1958        1323        1        1
1984        1323        1        1
2011        1296        1        1
2037        1296        1        1
2064        1296        1        1
2064        1270        1        1
2090        1270        1        1
2117        1270        1        1
2143        1270        1        1
2170        1296        1        1
2196        1296        1        1
2223        1323        1        1
2249        1323        1        1
2249        1349        1        1
2275        1349        1        1
2275        1376        1        1
2302        1376        1        1
2302        1402        1        1
2328        1402        1        1
2328        1429        1        1
2355        1455        1        1
2355        1482        1        1
2381        1508        1        1
2381        1535        1        1
2408        1561        1        1
2408        1588        1        1
2381        1588        1        1
2381        1614        1        1
2381        1640        1        1
2355        1640        1        1
2355        1667        1        1
2328        1667        1        1
2302        1667        1        1
2275        1667        1        1
2249        1640        1        1
2223        1640        1        1
2196        1640        1        1
2196        1614        1        1
2170        1614        1        1
2143        1588        1        1
2143        1561        1        1
2143        1535        1        1
2143        1508        1        1
2170        1508        1        1
2170        1482        1        1
2170        1455        1        1
2196        1455        1        1
2196        1429        1        1
2223        1402        1        1
2223        1376        1        1
2249        1376        1        1
2249        1349        1        1
2275        1349        1        1
2302        1349        1        1
2328        1349        1        1
2355        1349        1        1
2381        1349        1        1
2381        1376        1        1
2408        1376        1        1
2434        1402        1        1
2461        1402        1        1
2487        1429        1        1
2514        1429        1        1
2540        1455        1        1
2566        1482        1        1
2593        1508        1        1
2619        1535        1        1
2646        1561        1        1
2672        1561        1        1
2699        1588        1        1
2725        1588        1        1
2725        1561        1        1
2752        1561        1        1
2752        1535        1        1
2752        1508        1        1
2725        1482        1        1
2725        1429        1        1
2725        1402        1        1
2699        1376        1        1
2699        1349        1        1
2699        1323        1        1
2699        1296        1        1
2672        1270        1        1
2672        1244        1        1
2672        1217        1        1
2646        1217        1        1
2672        1244        1        1
2672        1270        1        1
2672        1296        1        1
2672        1323        1        1
2699        1349        1        1
2699        1376        1        1
2699        1429        1        1
2725        1455        1        1
2725        1508        1        1
2725        1535        1        1
2752        1561        1        1
2752        1614        1        1
2752        1640        1        1
2778        1693        1        1
2778        1720        1        1
2805        1773        1        1
2805        1799        1        1
2831        1826        1        1
2831        1852        1        1
2831        1905        1        1
2858        1931        1        1
2858        1958        1        1
2858        1984        1        1
2884        2011        1        1
2884        2037        1        1
2884        2064        1        1
2910        2064        1        1
2910        2090        1        1
2910        2117        1        1
2910        2143        1        1
2910        2117        1        1
2910        2090        1        1
2910        2064        1        1
2910        2037        1        1
2910        2011        1        1
2910        1958        1        1
PEN_UP                  0
PEN_DOWN
2752        1746        1        2
2752        1773        1        2
2725        1773        1        2
2725        1799        1        2
2699        1826        1        2
2672        1852        1        2
2646        1879        1        2
2619        1905        1        2
2593        1931        1        2
2566        1958        1        2
2540        1984        1        2
2514        1984        1        2
2514        2011        1        2
2487        2037        1        2
2461        2064        1        2
2434        2064        1        2
2434        2090        1        2
2408        2090        1        2
2381        2117        1        2
2355        2143        1        2
2381        2117        1        2
2408        2117        1        2
2408        2090        1        2
2434        2090        1        2
2461        2090        1        2
2487        2090        1        2
2514        2090        1        2
2540        2090        1        2
2566        2090        1        2
2593        2090        1        2
2619        2090        1        2
2646        2090        1        2
2672        2090        1        2
2699        2090        1        2
2725        2090        1        2
2752        2117        1        2
2778        2117        1        2
2805        2117        1        2
2831        2143        1        2
2858        2143        1        2
2884        2143        1        2
2910        2143        1        2
2937        2143        1        2
2910        2143        1        2
PEN_UP                  0
PEN_DOWN
2699        1217        1        3
2725        1217        1        3
2752        1217        1        3
2778        1244        1        3
2805        1244        1        3
2831        1244        1        3
2858        1244        1        3
2884        1244        1        3
2910        1244        1        3
2937        1244        1        3
2963        1244        1        3
2990        1244        1        3
3016        1217        1        3
3043        1217        1        3
3069        1191        1        3
PEN_UP                  0
END_CHARACTER: SB
