CHARACTER_NAME: SSM
STROKE_COUNT: 3
  X           Y   STYLUS_STATE STROKE
PEN_DOWN
1058        1614        1        1
1032        1614        1        1
1032        1640        1        1
1005        1640        1        1
1005        1667        1        1
1032        1667        1        1
1058        1693        1        1
1111        1693        1        1
1164        1667        1        1
1244        1667        1        1
1349        1667        1        1
1455        1667        1        1
1561        1640        1        1
1693        1640        1        1
1799        1614        1        1
1931        1614        1        1
2064        1588        1        1
2196        1561        1        1
2302        1561        1        1
2408        1535        1        1
2514        1535        1        1
2593        1535        1        1
2646        1508        1        1
2699        1508        1        1
2725        1508        1        1
2752        1508        1        1
2778        1508        1        1
2752        1508        1        1
2725        1508        1        1
2699        1508        1        1
2672        1508        1        1
PEN_UP                  0
PEN_DOWN
1614        1640        1        2
1588        1640        1        2
1588        1667        1        2
1561        1667        1        2
1561        1693        1        2
1535        1693        1        2
1535        1720        1        2
1508        1720        1        2
1508        1746        1        2
1482        1773        1        2
1482        1799        1        2
1455        1826        1        2
1455        1852        1        2
1455        1879        1        2
1482        1905        1        2
1482        1931        1        2
1508        1931        1        2
1508        1958        1        2
1535        1958        1        2
1561        1958        1        2
1588        1958        1        2
1640        1958        1        2
1667        1931        1        2
1693        1931        1        2
1746        1931        1        2
1773        1905        1        2
1799        1905        1        2
1826        1879        1        2
1852        1879        1        2
1852        1852        1        2
1879        1826        1        2
1879        1799        1        2
1905        1799        1        2
1905        1773        1        2
1905        1746        1        2
1931        1746        1        2
1931        1720        1        2
1905        1746        1        2
1905        1773        1        2
1905        1799        1        2
1905        1826        1        2
1931        1826        1        2
1931        1852        1        2
1931        1879        1        2
1958        1879        1        2
1984        1905        1        2
2011        1905        1        2
2037        1905        1        2
2064        1905        1        2
2090        1905        1        2
2117        1879        1        2
2143        1879        1        2
2170        1879        1        2
2196        1852        1        2
2223        1826        1        2
2249        1799        1        2
2275        1773        1        2
2275        1746        1        2
2302        1720        1        2
2302        1693        1        2
2328        1640        1        2
2328        1614        1        2
2328        1588        1        2
2328        1561        1        2
2328        1535        1        2
2328        1508        1        2
2302        1535        1        2
PEN_UP                  0
PEN_DOWN
2196        1905        1        3
2196        1879        1        3
2170        1905        1        3
2170        1931        1        3
2143        1958        1        3
2143        1984        1        3
2143        2011        1        3
2117        2037        1        3
2117        2064        1        3
2090        2090        1        3
2090        2117        1        3
2064        2143        1        3
2064        2170        1        3
2064        2196        1        3
2037        2196        1        3
2037        2223        1        3
2064        2196        1        3
2090        2170        1        3
2117        2143        1        3
2117        2117        1        3
2143        2117        1        3
2170        2090        1        3
2170        2064        1        3
2196        2064        1        3
2223        2037        1        3
2249        2037        1        3
2275        2064        1        3
2302        2090        1        3
2328        2117        1        3
2328        2143        1        3
2355        2170        1        3
2355        2196        1        3
2381        2223        1        3
2381        2249        1        3
2381        2275        1        3
2355        2302        1        3
2355        2328        1        3
2355        2355        1        3
2328        2381        1        3
2328        2408        1        3
2302        2434        1        3
2275        2434        1        3
2249        2461        1        3
2223        2461        1        3
2223        2487        1        3
2196        2487        1        3
2170        2487        1        3
2170        2461        1        3
2143        2461        1        3
2143        2434        1        3
2170        2408        1        3
2170        2381        1        3
2196        2355        1        3
2223        2328        1        3
2249        2328        1        3
2275        2302        1        3
2302        2275        1        3
2328        2275        1        3
2355        2249        1        3
2381        2249        1        3
2408        2249        1        3
2434        2249        1        3
2461        2249        1        3
2487        2249        1        3
2514        2275        1        3
2540        2275        1        3
2566        2302        1        3
2593        2302        1        3
2619        2302        1        3
2619        2328        1        3
2646        2328        1        3
2619        2302        1        3
2619        2275        1        3
2619        2249        1        3
2593        2223        1        3
2566        2170        1        3
2566        2117        1        3
2540        2064        1        3
2540        2011        1        3
2514        1958        1        3
2487        1905        1        3
2487        1852        1        3
2461        1799        1        3
2461        1746        1        3
2434        1693        1        3
2434        1667        1        3
2434        1640        1        3
2434        1614        1        3
2434        1588        1        3
2434        1561        1        3
2434        1535        1        3
PEN_UP                  0
END_CHARACTER: SSM
