CHARACTER_NAME: KHA
STROKE_COUNT: 1
  X           Y   STYLUS_STATE STROKE
PEN_DOWN
 953        1138        1        1
 953        1164        1        1
 953        1191        1        1
 979        1191        1        1
 979        1217        1        1
 979        1244        1        1
1005        1244        1        1
1005        1270        1        1
1032        1270        1        1
1032        1296        1        1
1058        1296        1        1
1085        1296        1        1
1111        1323        1        1
1138        1323        1        1
1164        1323        1        1
1191        1323        1        1
1217        1323        1        1
1217        1296        1        1
1244        1296        1        1
1270        1296        1        1
1296        1270        1        1
1323        1244        1        1
1349        1244        1        1
1376        1217        1        1
1402        1191        1        1
1402        1164        1        1
1429        1138        1        1
1429        1111        1        1
1455        1085        1        1
1455        1058        1        1
1482        1032        1        1
1482        1005        1        1
1508         979        1        1
1508         953        1        1
1508         926        1        1
1508         900        1        1
1508         873        1        1
1508         847        1        1
1508         820        1        1
1535         794        1        1
1508         794        1        1
1535         794        1        1
1535         820        1        1
1535         847        1        1
1561         847        1        1
1561         873        1        1
1588         900        1        1
1614         926        1        1
1640         926        1        1
1640         953        1        1
1640         979        1        1
1667         979        1        1
1667        1005        1        1
1667        1032        1        1
1667        1058        1        1
1667        1085        1        1
1693        1111        1        1
1693        1138        1        1
1693        1164        1        1
1693        1191        1        1
1693        1217        1        1
1693        1244        1        1
1693        1270        1        1
1693        1296        1        1
1667        1323        1        1
1667        1349        1        1
1667        1376        1        1
1667        1402        1        1
1640        1429        1        1
1640        1455        1        1
1614        1482        1        1
1614        1508        1        1
1588        1535        1        1
1561        1561        1        1
1535        1588        1        1
1508        1588        1        1
1482        1588        1        1
1429        1614        1        1
1402        1614        1        1
1376        1614        1        1
1349        1640        1        1
1296        1640        1        1
1270        1640        1        1
1244        1614        1        1
1217        1614        1        1
1191        1614        1        1
1164        1614        1        1
1164        1588        1        1
1138        1588        1        1
1138        1561        1        1
1164        1561        1        1
1191        1561        1        1
1217        1561        1        1
1217        1535        1        1
1244        1535        1        1
1270        1561        1        1
1296        1561        1        1
1323        1561        1        1
1349        1561        1        1
1376        1561        1        1
1402        1588        1        1
1429        1588        1        1
1455        1588        1        1
1482        1614        1        1
1508        1614        1        1
1535        1614        1        1
1561        1640        1        1
1614        1640        1        1
1640        1667        1        1
1667        1667        1        1
1720        1693        1        1
1746        1693        1        1
1773        1720        1        1
1826        1720        1        1
1852        1746        1        1
1879        1746        1        1
1905        1773        1        1
1931        1799        1        1
1958        1826        1        1
1984        1826        1        1
1984        1852        1        1
2011        1852        1        1
2037        1879        1        1
2064        1905        1        1
2064        1879        1        1
2064        1852        1        1
2090        1826        1        1
2090        1799        1        1
2090        1773        1        1
2090        1746        1        1
2117        1693        1        1
2117        1667        1        1
2117        1640        1        1
2117        1614        1        1
2117        1561        1        1
2117        1535        1        1
2117        1508        1        1
2117        1455        1        1
2117        1429        1        1
2117        1376        1        1
2090        1349        1        1
2090        1296        1        1
2090        1244        1        1
2090        1217        1        1
2090        1191        1        1
2090        1164        1        1
2090        1138        1        1
2064        1111        1        1
2064        1085        1        1
2064        1058        1        1
2064        1032        1        1
2064        1005        1        1
2064         979        1        1
2064         953        1        1
2064         926        1        1
2064         900        1        1
2064         873        1        1
2090         873        1        1
2090         900        1        1
2117         900        1        1
2143         900        1        1
2170         926        1        1
2196         926        1        1
2223         926        1        1
2275         926        1        1
2328         926        1        1
2355         926        1        1
2408         926        1        1
2434         926        1        1
2461         926        1        1
2487         926        1        1
2514         926        1        1
2540         926        1        1
2566         926        1        1
2593         926        1        1
PEN_UP                  0
END_CHARACTER: KHA
