CHARACTER_NAME: DDH
STROKE_COUNT: 4
  X           Y   STYLUS_STATE STROKE
PEN_DOWN
1323        1561        1        1
1296        1588        1        1
1323        1588        1        1
1376        1588        1        1
1402        1588        1        1
1482        1588        1        1
1535        1561        1        1
1614        1561        1        1
1720        1561        1        1
1799        1535        1        1
1905        1535        1        1
1984        1535        1        1
2090        1508        1        1
2170        1508        1        1
2249        1508        1        1
2302        1482        1        1
2355        1482        1        1
2381        1482        1        1
2408        1482        1        1
2434        1482        1        1
2461        1482        1        1
2461        1455        1        1
2434        1455        1        1
PEN_UP                  0
PEN_DOWN
1826        1561        1        2
1826        1588        1        2
1826        1614        1        2
1826        1640        1        2
1826        1667        1        2
1826        1693        1        2
1826        1746        1        2
1826        1773        1        2
1826        1799        1        2
1826        1852        1        2
1826        1905        1        2
1826        1931        1        2
1826        1984        1        2
1826        2011        1        2
1826        2037        1        2
1826        2064        1        2
1826        2090        1        2
1826        2117        1        2
1852        2090        1        2
1879        2064        1        2
1905        2037        1        2
1931        2011        1        2
1958        1984        1        2
1984        1958        1        2
2037        1931        1        2
2064        1905        1        2
2117        1879        1        2
2170        1852        1        2
2196        1826        1        2
2223        1799        1        2
2249        1799        1        2
2275        1773        1        2
2302        1773        1        2
2328        1773        1        2
2328        1746        1        2
2355        1746        1        2
2381        1746        1        2
2381        1720        1        2
2381        1746        1        2
2381        1773        1        2
2381        1799        1        2
2381        1826        1        2
2381        1852        1        2
2381        1879        1        2
2381        1905        1        2
2381        1958        1        2
2381        2011        1        2
2381        2064        1        2
2381        2117        1        2
2381        2170        1        2
2408        2249        1        2
2408        2302        1        2
2408        2355        1        2
2408        2408        1        2
2434        2461        1        2
2434        2514        1        2
2434        2540        1        2
2461        2593        1        2
2461        2619        1        2
2461        2646        1        2
2487        2646        1        2
2487        2619        1        2
2487        2593        1        2
2514        2593        1        2
2514        2566        1        2
PEN_UP                  0
PEN_DOWN
2434        1931        1        3
2408        1958        1        3
2381        1958        1        3
2381        1984        1        3
2381        2011        1        3
2355        2037        1        3
2328        2037        1        3
2302        2090        1        3
2275        2117        1        3
2249        2143        1        3
2223        2170        1        3
2196        2223        1        3
2170        2249        1        3
2143        2275        1        3
2117        2302        1        3
2090        2328        1        3
2064        2355        1        3
2064        2381        1        3
2064        2355        1        3
2090        2355        1        3
2117        2355        1        3
2143        2355        1        3
2170        2381        1        3
2196        2381        1        3
2223        2381        1        3
2249        2408        1        3
2275        2408        1        3
2275        2434        1        3
2302        2434        1        3
2328        2461        1        3
2355        2487        1        3
2381        2487        1        3
2381        2514        1        3
2408        2514        1        3
PEN_UP                  0
PEN_DOWN
2434        2117        1        4
2461        2117        1        4
2487        2090        1        4
2514        2090        1        4
2540        2064        1        4
2566        2064        1        4
2593        2064        1        4
2619        2037        1        4
2646        2037        1        4
2646        2064        1        4
2619        2090        1        4
2619        2117        1        4
2619        2143        1        4
2619        2170        1        4
2619        2196        1        4
2593        2249        1        4
2619        2275        1        4
2619        2302        1        4
2619        2328        1        4
2619        2355        1        4
2619        2381        1        4
2619        2408        1        4
2619        2434        1        4
2619        2461        1        4
2646        2461        1        4
2646        2434        1        4
PEN_UP                  0
END_CHARACTER: DDH
