CHARACTER_NAME: GHA
STROKE_COUNT: 3
  X           Y   STYLUS_STATE STROKE
PEN_DOWN
1349        1561        1        1
1376        1561        1        1
1376        1588        1        1
1402        1588        1        1
1429        1588        1        1
1455        1588        1        1
1482        1588        1        1
1508        1588        1        1
1561        1614        1        1
1588        1614        1        1
1640        1614        1        1
1693        1614        1        1
1746        1640        1        1
1799        1640        1        1
1879        1614        1        1
1931        1614        1        1
2011        1614        1        1
2064        1614        1        1
2143        1614        1        1
2223        1614        1        1
2275        1614        1        1
2355        1614        1        1
2408        1614        1        1
2487        1640        1        1
2540        1640        1        1
2593        1640        1        1
2672        1640        1        1
2725        1640        1        1
2778        1640        1        1
2831        1640        1        1
2884        1640        1        1
2937        1640        1        1
2990        1640        1        1
3016        1640        1        1
3043        1640        1        1
3069        1640        1        1
PEN_UP                  0
PEN_DOWN
2408        1667        1        2
2434        1667        1        2
2434        1693        1        2
2408        1720        1        2
2408        1746        1        2
2408        1773        1        2
2408        1799        1        2
2434        1826        1        2
2434        1879        1        2
2434        1905        1        2
2434        1958        1        2
2461        2011        1        2
2461        2064        1        2
2461        2090        1        2
2461        2143        1        2
2461        2196        1        2
2461        2223        1        2
2487        2275        1        2
2487        2302        1        2
2487        2328        1        2
2487        2355        1        2
2487        2381        1        2
2487        2408        1        2
PEN_UP                  0
PEN_DOWN
1984        1640        1        3
1958        1667        1        3
1931        1667        1        3
1905        1667        1        3
1905        1693        1        3
1879        1693        1        3
1852        1693        1        3
1826        1720        1        3
1799        1720        1        3
1799        1746        1        3
1773        1746        1        3
1746        1773        1        3
1720        1799        1        3
1720        1826        1        3
1693        1852        1        3
1693        1879        1        3
1693        1905        1        3
1693        1931        1        3
1720        1958        1        3
1720        1984        1        3
1746        1984        1        3
1746        2011        1        3
1773        2011        1        3
1799        2011        1        3
1826        2037        1        3
1852        2037        1        3
1879        2037        1        3
1931        2064        1        3
1958        2064        1        3
1984        2037        1        3
2037        2037        1        3
2064        2037        1        3
2090        2037        1        3
2117        2037        1        3
2143        2037        1        3
2143        2011        1        3
2170        2011        1        3
2196        2011        1        3
2170        2011        1        3
2143        2037        1        3
2117        2037        1        3
2090        2064        1        3
2064        2064        1        3
2064        2090        1        3
2037        2090        1        3
2011        2090        1        3
1984        2117        1        3
1958        2143        1        3
1931        2170        1        3
1905        2196        1        3
1905        2223        1        3
1879        2249        1        3
1879        2275        1        3
1879        2302        1        3
1879        2328        1        3
1905        2328        1        3
1905        2355        1        3
1905        2381        1        3
1931        2408        1        3
1958        2434        1        3
1984        2434        1        3
2011        2434        1        3
2037        2461        1        3
2064        2461        1        3
2090        2461        1        3
2117        2461        1        3
2143        2461        1        3
2170        2461        1        3
2196        2461        1        3
2223        2461        1        3
2249        2461        1        3
2275        2461        1        3
2302        2461        1        3
2328        2461        1        3
2355        2461        1        3
2381        2434        1        3
2408        2434        1        3
2434        2434        1        3
2461        2434        1        3
2487        2434        1        3
2514        2434        1        3
2514        2408        1        3
2540        2434        1        3
2540        2408        1        3
2566        2408        1        3
2593        2408        1        3
2619        2408        1        3
2646        2408        1        3
2619        2408        1        3
2619        2381        1        3
2593        2381        1        3
PEN_UP                  0
END_CHARACTER: GHA
