CHARACTER_NAME: HN
STROKE_COUNT: 3
  X           Y   STYLUS_STATE STROKE
PEN_DOWN
 979        1508        1        1
1005        1508        1        1
1032        1508        1        1
1085        1508        1        1
1138        1508        1        1
1217        1508        1        1
1296        1508        1        1
1402        1508        1        1
1508        1482        1        1
1640        1482        1        1
1746        1482        1        1
1852        1455        1        1
1931        1455        1        1
2011        1455        1        1
2090        1455        1        1
2143        1429        1        1
2170        1429        1        1
2196        1429        1        1
2223        1429        1        1
2196        1402        1        1
2170        1429        1        1
PEN_UP                  0
PEN_DOWN
1588        1535        1        2
1614        1535        1        2
1614        1561        1        2
1640        1561        1        2
1640        1588        1        2
1640        1614        1        2
1614        1640        1        2
1588        1640        1        2
1588        1667        1        2
1561        1667        1        2
1535        1667        1        2
1508        1667        1        2
1482        1640        1        2
1482        1614        1        2
1508        1614        1        2
1508        1588        1        2
1535        1561        1        2
1561        1561        1        2
1588        1535        1        2
1614        1535        1        2
1640        1508        1        2
1693        1508        1        2
1720        1508        1        2
1746        1535        1        2
1773        1535        1        2
1826        1561        1        2
1852        1561        1        2
1879        1588        1        2
1905        1614        1        2
1931        1640        1        2
1931        1667        1        2
1958        1693        1        2
1984        1746        1        2
1984        1773        1        2
1984        1799        1        2
1984        1852        1        2
1984        1879        1        2
1984        1905        1        2
1984        1958        1        2
1958        1984        1        2
1931        2037        1        2
1905        2064        1        2
1879        2090        1        2
1852        2117        1        2
1799        2143        1        2
1773        2170        1        2
1720        2196        1        2
1667        2223        1        2
1614        2223        1        2
1561        2249        1        2
1508        2249        1        2
1455        2249        1        2
1402        2249        1        2
1376        2249        1        2
1349        2223        1        2
1323        2223        1        2
1296        2223        1        2
1296        2196        1        2
1270        2196        1        2
1270        2170        1        2
1270        2143        1        2
1270        2117        1        2
1296        2117        1        2
1296        2090        1        2
1323        2090        1        2
1349        2064        1        2
1376        2064        1        2
1429        2064        1        2
1455        2064        1        2
1508        2090        1        2
1561        2090        1        2
1588        2117        1        2
1640        2143        1        2
1693        2170        1        2
1720        2196        1        2
1773        2249        1        2
1826        2302        1        2
1852        2328        1        2
1905        2381        1        2
1958        2434        1        2
1984        2461        1        2
2011        2514        1        2
2037        2540        1        2
2064        2566        1        2
2090        2566        1        2
2090        2593        1        2
2117        2593        1        2
2117        2619        1        2
2117        2593        1        2
2143        2593        1        2
2170        2566        1        2
2196        2540        1        2
PEN_UP                  0
PEN_DOWN
1984        1905        1        3
1984        1879        1        3
2011        1879        1        3
2011        1852        1        3
2037        1852        1        3
2037        1826        1        3
2064        1799        1        3
2090        1773        1        3
2117        1746        1        3
2143        1746        1        3
2170        1720        1        3
2196        1720        1        3
2223        1720        1        3
2249        1693        1        3
2275        1693        1        3
2302        1693        1        3
2328        1693        1        3
2355        1720        1        3
2381        1720        1        3
2408        1720        1        3
2434        1746        1        3
2461        1746        1        3
2461        1773        1        3
2487        1799        1        3
2487        1826        1        3
2514        1852        1        3
2514        1879        1        3
2514        1905        1        3
2514        1931        1        3
2487        1958        1        3
2487        1984        1        3
2461        2011        1        3
2434        2037        1        3
2408        2037        1        3
2381        2037        1        3
2355        2064        1        3
2328        2037        1        3
2302        2037        1        3
2275        2037        1        3
2302        2064        1        3
2328        2064        1        3
PEN_UP                  0
END_CHARACTER: HN
