CHARACTER_NAME: BB
STROKE_COUNT: 4
  X           Y   STYLUS_STATE STROKE
PEN_DOWN
1588        1693        1        1
1561        1693        1        1
1535        1693        1        1
1508        1693        1        1
1508        1720        1        1
1535        1720        1        1
1535        1746        1        1
1588        1746        1        1
1614        1746        1        1
1667        1746        1        1
1746        1746        1        1
1826        1746        1        1
1905        1746        1        1
1984        1746        1        1
2090        1746        1        1
2196        1746        1        1
2275        1720        1        1
2355        1720        1        1
2434        1720        1        1
2487        1720        1        1
2540        1720        1        1
2566        1720        1        1
2593        1720        1        1
2619        1720        1        1
2619        1693        1        1
2593        1693        1        1
2566        1693        1        1
PEN_UP                  0
PEN_DOWN
2196        1746        1        2
2223        1773        1        2
2223        1799        1        2
2249        1826        1        2
2249        1852        1        2
2249        1905        1        2
2275        1958        1        2
2302        2011        1        2
2328        2090        1        2
2355        2143        1        2
2355        2223        1        2
2381        2302        1        2
2408        2355        1        2
2434        2408        1        2
2434        2461        1        2
2461        2487        1        2
2461        2514        1        2
2487        2540        1        2
2487        2566        1        2
2487        2540        1        2
2461        2514        1        2
2461        2461        1        2
PEN_UP                  0
PEN_DOWN
2328        1746        1        3
2302        1773        1        3
2275        1799        1        3
2249        1826        1        3
2223        1852        1        3
2196        1879        1        3
2170        1905        1        3
2143        1958        1        3
2117        1984        1        3
2090        2037        1        3
2037        2064        1        3
2011        2117        1        3
1958        2143        1        3
1931        2196        1        3
1905        2223        1        3
1879        2249        1        3
1852        2275        1        3
1826        2302        1        3
1799        2328        1        3
1826        2302        1        3
1852        2302        1        3
1879        2302        1        3
1905        2275        1        3
1931        2275        1        3
1984        2249        1        3
2037        2249        1        3
2064        2249        1        3
2117        2249        1        3
2143        2249        1        3
2170        2275        1        3
2223        2275        1        3
2249        2302        1        3
2275        2302        1        3
2302        2328        1        3
2328        2328        1        3
2355        2302        1        3
PEN_UP                  0
PEN_DOWN
2302        2408        1        4
2302        2434        1        4
2302        2461        1        4
2275        2461        1        4
2275        2487        1        4
2249        2487        1        4
2249        2514        1        4
2223        2540        1        4
2196        2566        1        4
2170        2593        1        4
2143        2619        1        4
2117        2646        1        4
2090        2672        1        4
2064        2699        1        4
2037        2699        1        4
2037        2725        1        4
2011        2725        1        4
2037        2725        1        4
2064        2725        1        4
2090        2725        1        4
2117        2725        1        4
2143        2725        1        4
2170        2725        1        4
2196        2725        1        4
2223        2725        1        4
2275        2725        1        4
2302        2725        1        4
2328        2725        1        4
2381        2752        1        4
2408        2752        1        4
2434        2752        1        4
2461        2778        1        4
2487        2778        1        4
2514        2778        1        4
2540        2805        1        4
2566        2805        1        4
2593        2805        1        4
2566        2805        1        4
2566        2778        1        4
2566        2752        1        4
2540        2752        1        4
2540        2725        1        4
2540        2699        1        4
2514        2699        1        4
2514        2672        1        4
2514        2646        1        4
2514        2619        1        4
2514        2593        1        4
2487        2566        1        4
2487        2540        1        4
2487        2514        1        4
2487        2487        1        4
2487        2461        1        4
2461        2461        1        4
2461        2434        1        4
2461        2408        1        4
2461        2381        1        4
PEN_UP                  0
END_CHARACTER: BB
