CHARACTER_NAME: XAT
STROKE_COUNT: 1
  X           Y   STYLUS_STATE STROKE
PEN_DOWN
2381        1773        1        1
2381        1799        1        1
2381        1826        1        1
2408        1852        1        1
2381        1879        1        1
2381        1905        1        1
2381        1931        1        1
2381        1958        1        1
2355        1984        1        1
2355        2011        1        1
2328        2037        1        1
2328        2064        1        1
2302        2090        1        1
2275        2090        1        1
2249        2117        1        1
2223        2143        1        1
2196        2143        1        1
2170        2143        1        1
2117        2170        1        1
2090        2170        1        1
2064        2143        1        1
2011        2143        1        1
1984        2117        1        1
1958        2117        1        1
1931        2090        1        1
1905        2037        1        1
1879        2011        1        1
1852        1984        1        1
1826        1931        1        1
1799        1905        1        1
1799        1879        1        1
1773        1826        1        1
1773        1799        1        1
1773        1773        1        1
1773        1746        1        1
1773        1720        1        1
1773        1693        1        1
1799        1667        1        1
1799        1640        1        1
1826        1614        1        1
1852        1614        1        1
1905        1588        1        1
1931        1588        1        1
1958        1561        1        1
1984        1561        1        1
2011        1561        1        1
2037        1561        1        1
2090        1588        1        1
2117        1588        1        1
2143        1614        1        1
2170        1640        1        1
2223        1640        1        1
2249        1667        1        1
2275        1693        1        1
2302        1746        1        1
2328        1773        1        1
2355        1799        1        1
2381        1826        1        1
2381        1879        1        1
2408        1905        1        1
2434        1958        1        1
2434        2011        1        1
2461        2037        1        1
2487        2090        1        1
2487        2143        1        1
2514        2196        1        1
2514        2249        1        1
2514        2275        1        1
2514        2328        1        1
2540        2381        1        1
2540        2408        1        1
2540        2461        1        1
2540        2487        1        1
2540        2540        1        1
2540        2566        1        1
2540        2593        1        1
2540        2619        1        1
2540        2646        1        1
2514        2646        1        1
2514        2672        1        1
2540        2699        1        1
2514        2699        1        1
2540        2725        1        1
2514        2725        1        1
2514        2699        1        1
2514        2672        1        1
PEN_UP                  0
END_CHARACTER: XAT
