CHARACTER_NAME: MDA
STROKE_COUNT: 2
  X           Y   STYLUS_STATE STROKE
PEN_DOWN
1032        1429        1        1
1058        1455        1        1
1085        1455        1        1
1111        1482        1        1
1164        1482        1        1
1191        1482        1        1
1244        1482        1        1
1296        1482        1        1
1349        1482        1        1
1402        1455        1        1
1482        1455        1        1
1561        1455        1        1
1614        1455        1        1
1693        1455        1        1
1773        1455        1        1
1826        1455        1        1
1905        1429        1        1
1958        1429        1        1
2011        1429        1        1
2090        1429        1        1
2143        1429        1        1
2196        1429        1        1
2249        1402        1        1
2302        1402        1        1
2381        1402        1        1
2434        1402        1        1
2487        1402        1        1
2514        1402        1        1
2566        1402        1        1
2593        1402        1        1
2619        1402        1        1
2646        1402        1        1
2672        1402        1        1
2699        1402        1        1
2725        1376        1        1
2699        1402        1        1
PEN_UP                  0
PEN_DOWN
2170        1482        1        2
2170        1508        1        2
2143        1508        1        2
2143        1535        1        2
2143        1561        1        2
2117        1561        1        2
2117        1588        1        2
2117        1614        1        2
2090        1614        1        2
2090        1640        1        2
2090        1667        1        2
2064        1693        1        2
2064        1720        1        2
2037        1746        1        2
2037        1773        1        2
2037        1799        1        2
2037        1773        1        2
2064        1773        1        2
2090        1746        1        2
2117        1746        1        2
2143        1720        1        2
2170        1720        1        2
2170        1693        1        2
2196        1693        1        2
2223        1693        1        2
2249        1693        1        2
2275        1693        1        2
2302        1693        1        2
2302        1720        1        2
2328        1720        1        2
2328        1746        1        2
2355        1746        1        2
2381        1773        1        2
2408        1799        1        2
2408        1826        1        2
2434        1852        1        2
2434        1879        1        2
2434        1905        1        2
2434        1931        1        2
2434        1958        1        2
2434        1984        1        2
2408        2011        1        2
2408        2037        1        2
2381        2064        1        2
2381        2090        1        2
2355        2117        1        2
2328        2143        1        2
2302        2170        1        2
2275        2196        1        2
2249        2196        1        2
2223        2223        1        2
2196        2223        1        2
2170        2249        1        2
2143        2249        1        2
2117        2249        1        2
2090        2249        1        2
2064        2249        1        2
2037        2249        1        2
1984        2249        1        2
1958        2223        1        2
1931        2223        1        2
1879        2223        1        2
1852        2223        1        2
1826        2196        1        2
1773        2196        1        2
1746        2170        1        2
1720        2170        1        2
1693        2143        1        2
1667        2117        1        2
1640        2117        1        2
1614        2090        1        2
1588        2064        1        2
1588        2037        1        2
1561        2037        1        2
1561        2011        1        2
1535        1984        1        2
1508        1984        1        2
1508        1958        1        2
1482        1931        1        2
1482        1905        1        2
1455        1879        1        2
1429        1852        1        2
1429        1826        1        2
1402        1826        1        2
1402        1799        1        2
1376        1799        1        2
1376        1773        1        2
1376        1746        1        2
1349        1720        1        2
1349        1693        1        2
1349        1667        1        2
1349        1640        1        2
PEN_UP                  0
END_CHARACTER: MDA
