CHARACTER_NAME: TM
STROKE_COUNT: 3
  X           Y   STYLUS_STATE STROKE
PEN_DOWN
1720        1640        1        1
1746        1640        1        1
1773        1640        1        1
1799        1640        1        1
1826        1640        1        1
1879        1640        1        1
1905        1640        1        1
1958        1640        1        1
2011        1614        1        1
2064        1614        1        1
2117        1614        1        1
2170        1614        1        1
2249        1614        1        1
2302        1588        1        1
2355        1588        1        1
2408        1588        1        1
2461        1588        1        1
2514        1561        1        1
2566        1561        1        1
2619        1561        1        1
2672        1561        1        1
2725        1535        1        1
2778        1535        1        1
2805        1535        1        1
2831        1535        1        1
2858        1535        1        1
2884        1535        1        1
2910        1535        1        1
2937        1535        1        1
2937        1508        1        1
2963        1508        1        1
PEN_UP                  0
PEN_DOWN
2328        1693        1        2
2355        1693        1        2
2355        1720        1        2
2381        1720        1        2
2381        1746        1        2
2355        1746        1        2
2355        1773        1        2
2328        1773        1        2
2302        1799        1        2
2275        1799        1        2
2249        1799        1        2
2223        1773        1        2
2223        1746        1        2
2249        1746        1        2
2249        1720        1        2
2275        1720        1        2
2275        1693        1        2
2302        1693        1        2
2328        1693        1        2
2355        1693        1        2
2381        1693        1        2
2408        1693        1        2
2408        1720        1        2
2434        1720        1        2
2461        1720        1        2
2461        1746        1        2
2487        1746        1        2
2514        1773        1        2
2540        1799        1        2
2540        1826        1        2
2540        1852        1        2
2566        1852        1        2
2566        1879        1        2
2566        1905        1        2
2566        1931        1        2
2566        1958        1        2
2566        1984        1        2
2566        2011        1        2
2566        2037        1        2
2566        2064        1        2
2540        2090        1        2
2540        2117        1        2
2514        2143        1        2
2487        2170        1        2
2461        2170        1        2
2434        2170        1        2
2408        2196        1        2
2381        2170        1        2
2328        2170        1        2
2302        2170        1        2
2275        2143        1        2
2223        2143        1        2
2196        2117        1        2
2143        2090        1        2
2117        2064        1        2
2090        2037        1        2
2037        1984        1        2
2011        1958        1        2
1984        1931        1        2
1958        1905        1        2
1931        1879        1        2
1931        1852        1        2
1905        1852        1        2
1879        1826        1        2
1879        1799        1        2
1852        1773        1        2
1879        1773        1        2
PEN_UP                  0
PEN_DOWN
2619        2223        1        3
2593        2249        1        3
2566        2275        1        3
2540        2302        1        3
2514        2302        1        3
2514        2328        1        3
2487        2328        1        3
2461        2355        1        3
2434        2355        1        3
2408        2381        1        3
2381        2381        1        3
2355        2381        1        3
2328        2381        1        3
2302        2355        1        3
2302        2328        1        3
2302        2302        1        3
2328        2302        1        3
2328        2275        1        3
2355        2249        1        3
2381        2223        1        3
2408        2223        1        3
2434        2196        1        3
2461        2223        1        3
2487        2223        1        3
2514        2223        1        3
2540        2223        1        3
2566        2223        1        3
2593        2249        1        3
2619        2249        1        3
2646        2249        1        3
2672        2275        1        3
2672        2302        1        3
2699        2302        1        3
2699        2328        1        3
2725        2328        1        3
2752        2355        1        3
2752        2381        1        3
2778        2381        1        3
2778        2408        1        3
2805        2408        1        3
2805        2434        1        3
2831        2434        1        3
2831        2461        1        3
2858        2461        1        3
2858        2487        1        3
2884        2487        1        3
2884        2461        1        3
2884        2434        1        3
2858        2408        1        3
2858        2381        1        3
2858        2355        1        3
2831        2328        1        3
2831        2302        1        3
2831        2249        1        3
2805        2223        1        3
2805        2196        1        3
2778        2143        1        3
2778        2117        1        3
2752        2090        1        3
2752        2064        1        3
2725        2037        1        3
2725        1984        1        3
2699        1958        1        3
2699        1931        1        3
2672        1905        1        3
2672        1879        1        3
2646        1852        1        3
2646        1826        1        3
2619        1826        1        3
2619        1799        1        3
2619        1773        1        3
2593        1746        1        3
2593        1720        1        3
2593        1693        1        3
2593        1667        1        3
2593        1640        1        3
2593        1614        1        3
2593        1588        1        3
PEN_UP                  0
END_CHARACTER: TM
