CHARACTER_NAME: BL
STROKE_COUNT: 4
  X           Y   STYLUS_STATE STROKE
PEN_DOWN
1667        1561        1        1
1667        1588        1        1
1693        1588        1        1
1720        1588        1        1
1746        1588        1        1
1799        1588        1        1
1852        1588        1        1
1931        1588        1        1
1984        1588        1        1
2090        1588        1        1
2170        1561        1        1
2275        1561        1        1
2381        1561        1        1
2487        1561        1        1
2593        1535        1        1
2699        1535        1        1
2778        1535        1        1
2858        1508        1        1
2910        1508        1        1
2963        1508        1        1
2990        1508        1        1
3016        1508        1        1
3043        1508        1        1
3016        1508        1        1
2990        1508        1        1
PEN_UP                  0
PEN_DOWN
2434        1640        1        2
2461        1640        1        2
2461        1667        1        2
2487        1667        1        2
2487        1693        1        2
2487        1720        1        2
2487        1746        1        2
2514        1773        1        2
2514        1826        1        2
2540        1879        1        2
2566        1905        1        2
2566        1958        1        2
2593        2011        1        2
2619        2064        1        2
2646        2117        1        2
2646        2170        1        2
2672        2196        1        2
2672        2223        1        2
2672        2249        1        2
2699        2275        1        2
2699        2302        1        2
2699        2275        1        2
2672        2275        1        2
2672        2249        1        2
2646        2223        1        2
PEN_UP                  0
PEN_DOWN
2461        1720        1        3
2461        1693        1        3
2434        1720        1        3
2434        1746        1        3
2408        1746        1        3
2408        1773        1        3
2381        1799        1        3
2381        1826        1        3
2355        1852        1        3
2328        1879        1        3
2302        1905        1        3
2302        1931        1        3
2275        1984        1        3
2249        2011        1        3
2223        2037        1        3
2196        2064        1        3
2170        2090        1        3
2143        2117        1        3
2143        2143        1        3
2117        2143        1        3
2117        2170        1        3
2090        2170        1        3
2117        2170        1        3
2117        2143        1        3
2143        2143        1        3
2170        2117        1        3
2196        2117        1        3
2223        2117        1        3
2249        2117        1        3
2275        2090        1        3
2302        2090        1        3
2328        2090        1        3
2355        2117        1        3
2381        2117        1        3
2408        2117        1        3
2434        2117        1        3
2434        2143        1        3
2487        2143        1        3
2514        2170        1        3
2540        2170        1        3
2566        2196        1        3
2593        2196        1        3
2619        2196        1        3
2619        2223        1        3
2646        2223        1        3
2672        2223        1        3
2699        2223        1        3
2699        2196        1        3
PEN_UP                  0
PEN_DOWN
2302        2514        1        4
2302        2540        1        4
2275        2566        1        4
2249        2566        1        4
2249        2540        1        4
2223        2540        1        4
2196        2514        1        4
2196        2487        1        4
2196        2461        1        4
2196        2434        1        4
2196        2408        1        4
2223        2381        1        4
2223        2355        1        4
2249        2355        1        4
2275        2355        1        4
2302        2355        1        4
2328        2355        1        4
2355        2381        1        4
2381        2408        1        4
2408        2434        1        4
2434        2434        1        4
2434        2461        1        4
2461        2461        1        4
2461        2487        1        4
2487        2514        1        4
2487        2487        1        4
2487        2461        1        4
2487        2434        1        4
2487        2408        1        4
2514        2408        1        4
2514        2381        1        4
2540        2355        1        4
2540        2328        1        4
2566        2328        1        4
2593        2328        1        4
2619        2355        1        4
2646        2355        1        4
2672        2381        1        4
2699        2381        1        4
2725        2381        1        4
2752        2408        1        4
2778        2434        1        4
2805        2434        1        4
2805        2461        1        4
2805        2487        1        4
2831        2487        1        4
2831        2461        1        4
2831        2434        1        4
2805        2434        1        4
2805        2408        1        4
2805        2381        1        4
2805        2355        1        4
2778        2355        1        4
2778        2328        1        4
2778        2302        1        4
2778        2275        1        4
2752        2275        1        4
2752        2249        1        4
2752        2223        1        4
2725        2196        1        4
2725        2170        1        4
PEN_UP                  0
END_CHARACTER: BL
