CHARACTER_NAME: LK
STROKE_COUNT: 2
  X           Y   STYLUS_STATE STROKE
PEN_DOWN
 847        1005        1        1
 873        1005        1        1
 900        1032        1        1
 926        1032        1        1
 953        1032        1        1
1005        1032        1        1
1058        1032        1        1
1085        1032        1        1
1164        1032        1        1
1217        1032        1        1
1270        1032        1        1
1323        1032        1        1
1376        1032        1        1
1455        1032        1        1
1508        1032        1        1
1588        1032        1        1
1667        1032        1        1
1746        1032        1        1
1826        1032        1        1
1905        1032        1        1
1984        1032        1        1
2037        1032        1        1
2117        1032        1        1
2170        1032        1        1
2223        1032        1        1
2275        1005        1        1
2302        1005        1        1
2355        1005        1        1
2408        1005        1        1
2461        1005        1        1
2487         979        1        1
2540         979        1        1
2593         979        1        1
2646         979        1        1
2699         979        1        1
2725         979        1        1
2778         979        1        1
2831         979        1        1
2858         979        1        1
2910         979        1        1
2937         979        1        1
2990         979        1        1
3016         979        1        1
3069         979        1        1
3096         979        1        1
3149         979        1        1
3175         979        1        1
3201         979        1        1
3228         979        1        1
3281         979        1        1
3307         979        1        1
3334         979        1        1
3360         979        1        1
3387         979        1        1
3413         979        1        1
3440         979        1        1
3466         979        1        1
3493         979        1        1
3466         979        1        1
3440         979        1        1
PEN_UP                  0
PEN_DOWN
1799        2037        1        2
1826        2037        1        2
1799        2037        1        2
1799        2064        1        2
1773        2064        1        2
1773        2090        1        2
1773        2064        1        2
1799        2064        1        2
1826        2037        1        2
1852        2037        1        2
1852        2011        1        2
1826        2011        1        2
1799        2011        1        2
1799        1984        1        2
1773        1984        1        2
1746        1984        1        2
1746        1958        1        2
1720        1931        1        2
1720        1905        1        2
1720        1879        1        2
1693        1879        1        2
1693        1852        1        2
1720        1826        1        2
1720        1799        1        2
1720        1773        1        2
1746        1773        1        2
1746        1746        1        2
1746        1720        1        2
1773        1720        1        2
1773        1693        1        2
1799        1667        1        2
1826        1667        1        2
1852        1640        1        2
1879        1640        1        2
1905        1614        1        2
1931        1614        1        2
1984        1614        1        2
2011        1640        1        2
2037        1640        1        2
2064        1640        1        2
2117        1640        1        2
2143        1667        1        2
2170        1667        1        2
2196        1667        1        2
2223        1693        1        2
2249        1693        1        2
2275        1693        1        2
2275        1720        1        2
2302        1720        1        2
2328        1746        1        2
2328        1773        1        2
2355        1773        1        2
2355        1799        1        2
2355        1826        1        2
2381        1826        1        2
2381        1852        1        2
2381        1879        1        2
2355        1879        1        2
2355        1852        1        2
2355        1826        1        2
2355        1799        1        2
2381        1799        1        2
2381        1773        1        2
2381        1746        1        2
2408        1720        1        2
2434        1693        1        2
2434        1667        1        2
2461        1640        1        2
2487        1614        1        2
2514        1588        1        2
2540        1588        1        2
2566        1561        1        2
2593        1588        1        2
2619        1588        1        2
2646        1588        1        2
2672        1614        1        2
2699        1614        1        2
2725        1614        1        2
2752        1640        1        2
2778        1667        1        2
2805        1667        1        2
2831        1693        1        2
2831        1720        1        2
2858        1720        1        2
2858        1746        1        2
2884        1773        1        2
2884        1799        1        2
2910        1799        1        2
2910        1826        1        2
2910        1799        1        2
2910        1773        1        2
2884        1746        1        2
2884        1720        1        2
2884        1693        1        2
2858        1667        1        2
2858        1640        1        2
2858        1614        1        2
2858        1561        1        2
2858        1535        1        2
2831        1508        1        2
2831        1455        1        2
2831        1429        1        2
2831        1402        1        2
2831        1376        1        2
2858        1323        1        2
2858        1296        1        2
2858        1270        1        2
2858        1244        1        2
2858        1217        1        2
2858        1191        1        2
2858        1164        1        2
2858        1138        1        2
2884        1111        1        2
2884        1085        1        2
2884        1111        1        2
2884        1138        1        2
2884        1164        1        2
2884        1191        1        2
2884        1217        1        2
2884        1270        1        2
2884        1296        1        2
2910        1323        1        2
2910        1349        1        2
2910        1376        1        2
2910        1402        1        2
2910        1455        1        2
2910        1482        1        2
2937        1508        1        2
2937        1535        1        2
2937        1561        1        2
2937        1588        1        2
2910        1614        1        2
2910        1640        1        2
2910        1667        1        2
2910        1693        1        2
2910        1720        1        2
2884        1720        1        2
2884        1746        1        2
2884        1773        1        2
2884        1799        1        2
2884        1826        1        2
2884        1852        1        2
2884        1879        1        2
2884        1905        1        2
2858        1905        1        2
2858        1931        1        2
2858        1958        1        2
2858        1984        1        2
2858        2011        1        2
2858        2037        1        2
2858        2064        1        2
2831        2064        1        2
2805        2064        1        2
2778        2064        1        2
2752        2064        1        2
2752        2090        1        2
2725        2090        1        2
2699        2090        1        2
2672        2117        1        2
2646        2117        1        2
2619        2143        1        2
2593        2170        1        2
2566        2170        1        2
2540        2196        1        2
2514        2223        1        2
2487        2249        1        2
2461        2275        1        2
2461        2302        1        2
2434        2328        1        2
2408        2381        1        2
2381        2408        1        2
2355        2434        1        2
2328        2487        1        2
2328        2514        1        2
2302        2540        1        2
2275        2566        1        2
2275        2593        1        2
2249        2593        1        2
2249        2619        1        2
2249        2646        1        2
2223        2646        1        2
2223        2672        1        2
2196        2699        1        2
2223        2699        1        2
2223        2672        1        2
2249        2672        1        2
2249        2646        1        2
2275        2646        1        2
2302        2646        1        2
2328        2619        1        2
2355        2619        1        2
2381        2619        1        2
2408        2619        1        2
2434        2619        1        2
2461        2619        1        2
2487        2619        1        2
2514        2646        1        2
2540        2646        1        2
2566        2646        1        2
2593        2672        1        2
2619        2672        1        2
2646        2699        1        2
2672        2699        1        2
2699        2725        1        2
2725        2752        1        2
2752        2752        1        2
2778        2778        1        2
2805        2805        1        2
2805        2831        1        2
2831        2831        1        2
2858        2858        1        2
2884        2858        1        2
2884        2884        1        2
2910        2910        1        2
2937        2910        1        2
2937        2937        1        2
2963        2937        1        2
2963        2910        1        2
2937        2884        1        2
2937        2858        1        2
2937        2831        1        2
2937        2805        1        2
2910        2778        1        2
2910        2752        1        2
2910        2699        1        2
2884        2646        1        2
2884        2619        1        2
2884        2593        1        2
2884        2566        1        2
2884        2540        1        2
2884        2514        1        2
2884        2487        1        2
2884        2461        1        2
2884        2434        1        2
2884        2408        1        2
2884        2381        1        2
2884        2355        1        2
2884        2328        1        2
2884        2302        1        2
2884        2275        1        2
2884        2249        1        2
2884        2223        1        2
2884        2196        1        2
2884        2170        1        2
2884        2143        1        2
2884        2117        1        2
2884        2090        1        2
2910        2090        1        2
2910        2064        1        2
2937        2037        1        2
2963        2011        1        2
2990        2011        1        2
3016        1984        1        2
3043        1984        1        2
3069        1984        1        2
3096        1984        1        2
3122        1958        1        2
3149        1958        1        2
3175        1958        1        2
3201        1984        1        2
3228        1984        1        2
3254        1984        1        2
3281        2011        1        2
3281        2037        1        2
3307        2064        1        2
3307        2090        1        2
3307        2117        1        2
3307        2143        1        2
3334        2170        1        2
3334        2196        1        2
3334        2223        1        2
3334        2249        1        2
3334        2275        1        2
3334        2302        1        2
3334        2328        1        2
3307        2328        1        2
3307        2355        1        2
3281        2355        1        2
3254        2355        1        2
3254        2328        1        2
3228        2328        1        2
3228        2302        1        2
3228        2275        1        2
3228        2249        1        2
3228        2223        1        2
3254        2196        1        2
3281        2196        1        2
3281        2170        1        2
3307        2196        1        2
3307        2223        1        2
3281        2223        1        2
3281        2249        1        2
3281        2275        1        2
3307        2275        1        2
3307        2249        1        2
PEN_UP                  0
END_CHARACTER: LK
