CHARACTER_NAME: SC
STROKE_COUNT: 4
  X           Y   STYLUS_STATE STROKE
PEN_DOWN
 688         979        1        1
 714         979        1        1
 741         979        1        1
 767         979        1        1
 794         979        1        1
 847         979        1        1
 900         979        1        1
 953         979        1        1
 979        1005        1        1
1032        1005        1        1
1085        1005        1        1
1111        1032        1        1
1138        1032        1        1
1191        1058        1        1
1217        1085        1        1
1244        1111        1        1
1244        1138        1        1
1244        1164        1        1
1270        1191        1        1
1270        1217        1        1
1270        1244        1        1
1270        1296        1        1
1270        1323        1        1
1244        1349        1        1
1244        1376        1        1
1244        1402        1        1
1244        1429        1        1
1244        1455        1        1
1244        1482        1        1
1217        1482        1        1
1191        1482        1        1
1164        1482        1        1
1164        1455        1        1
1138        1455        1        1
1138        1429        1        1
1111        1429        1        1
1111        1402        1        1
1111        1376        1        1
1111        1349        1        1
1111        1323        1        1
1111        1296        1        1
1138        1270        1        1
1138        1244        1        1
1164        1217        1        1
1164        1191        1        1
1191        1164        1        1
1191        1138        1        1
1217        1138        1        1
1217        1111        1        1
1217        1085        1        1
1244        1085        1        1
1244        1058        1        1
1270        1058        1        1
1270        1032        1        1
1296        1032        1        1
1323        1032        1        1
1349        1032        1        1
1376        1032        1        1
1402        1032        1        1
1429        1032        1        1
1455        1032        1        1
1482        1032        1        1
1508        1058        1        1
1535        1058        1        1
1561        1058        1        1
1561        1085        1        1
1588        1111        1        1
1614        1111        1        1
1614        1138        1        1
1640        1164        1        1
1640        1191        1        1
1640        1217        1        1
1640        1244        1        1
1640        1270        1        1
1640        1296        1        1
1614        1323        1        1
1588        1349        1        1
1561        1349        1        1
1535        1349        1        1
1535        1323        1        1
1508        1323        1        1
1482        1296        1        1
1455        1270        1        1
1429        1244        1        1
1429        1217        1        1
1402        1191        1        1
1402        1164        1        1
1402        1138        1        1
1376        1138        1        1
1376        1111        1        1
1376        1085        1        1
1402        1085        1        1
1402        1058        1        1
1429        1058        1        1
1429        1032        1        1
1455        1032        1        1
1455        1005        1        1
1482        1005        1        1
1508        1005        1        1
1535         979        1        1
1561         979        1        1
1588         979        1        1
1614         979        1        1
1640         979        1        1
1667         979        1        1
1693        1005        1        1
1720        1005        1        1
1746        1005        1        1
1773        1005        1        1
1799        1032        1        1
1826        1032        1        1
1852        1032        1        1
1879        1058        1        1
1905        1058        1        1
1905        1085        1        1
1931        1111        1        1
1931        1138        1        1
1931        1164        1        1
1931        1191        1        1
1931        1217        1        1
1958        1217        1        1
1958        1244        1        1
1958        1217        1        1
PEN_UP                  0
PEN_DOWN
1984         820        1        2
1984         847        1        2
1984         873        1        2
1984         900        1        2
1984         926        1        2
1984         953        1        2
1958         979        1        2
1958        1005        1        2
1958        1058        1        2
1958        1085        1        2
1931        1138        1        2
1931        1191        1        2
1931        1244        1        2
1905        1323        1        2
1905        1376        1        2
1905        1429        1        2
1905        1482        1        2
1905        1535        1        2
1905        1588        1        2
1905        1640        1        2
1905        1693        1        2
1879        1746        1        2
1879        1799        1        2
1879        1852        1        2
1879        1905        1        2
1879        1931        1        2
1879        1984        1        2
1879        2011        1        2
1879        2064        1        2
1879        2090        1        2
1879        2117        1        2
1852        2170        1        2
1879        2196        1        2
1879        2223        1        2
1852        2249        1        2
1879        2275        1        2
1879        2302        1        2
1879        2328        1        2
1879        2355        1        2
1879        2381        1        2
1879        2408        1        2
1879        2434        1        2
1905        2434        1        2
1905        2461        1        2
1905        2434        1        2
1931        2434        1        2
1931        2408        1        2
1931        2381        1        2
PEN_UP                  0
PEN_DOWN
1958        1455        1        3
1958        1482        1        3
1958        1508        1        3
1958        1535        1        3
1931        1535        1        3
1931        1561        1        3
1931        1588        1        3
1931        1614        1        3
1931        1640        1        3
1931        1667        1        3
1931        1693        1        3
1958        1693        1        3
1984        1720        1        3
2011        1746        1        3
2037        1746        1        3
2037        1773        1        3
2064        1773        1        3
2090        1773        1        3
2117        1773        1        3
2143        1773        1        3
2170        1773        1        3
2196        1773        1        3
2223        1773        1        3
2249        1773        1        3
2275        1773        1        3
2302        1773        1        3
2328        1773        1        3
2355        1773        1        3
2381        1773        1        3
2408        1773        1        3
2434        1773        1        3
2461        1773        1        3
2487        1773        1        3
2514        1773        1        3
2540        1773        1        3
2514        1799        1        3
2540        1799        1        3
2514        1826        1        3
2540        1852        1        3
2540        1879        1        3
2540        1905        1        3
2540        1931        1        3
2540        1958        1        3
2540        1984        1        3
2514        2011        1        3
2514        2037        1        3
2514        2064        1        3
2487        2090        1        3
2487        2117        1        3
2487        2143        1        3
2487        2170        1        3
2461        2196        1        3
2461        2223        1        3
2461        2249        1        3
2434        2275        1        3
2434        2302        1        3
2408        2328        1        3
2408        2355        1        3
2408        2381        1        3
2381        2408        1        3
2381        2434        1        3
2381        2461        1        3
2355        2461        1        3
2355        2487        1        3
2328        2514        1        3
2328        2540        1        3
2302        2540        1        3
2302        2566        1        3
2275        2566        1        3
2249        2566        1        3
2223        2593        1        3
2196        2593        1        3
2170        2593        1        3
2143        2566        1        3
2117        2566        1        3
2117        2540        1        3
2090        2540        1        3
2064        2540        1        3
2064        2514        1        3
2037        2514        1        3
2011        2487        1        3
1984        2461        1        3
1984        2434        1        3
1958        2434        1        3
1958        2408        1        3
1931        2408        1        3
1905        2381        1        3
1905        2408        1        3
1905        2381        1        3
1879        2381        1        3
1852        2355        1        3
PEN_UP                  0
PEN_DOWN
2064         741        1        4
2064         714        1        4
2064         741        1        4
2037         741        1        4
2037         767        1        4
2037         794        1        4
2011         794        1        4
2011         820        1        4
2011         847        1        4
1984         873        1        4
1984         900        1        4
1984         926        1        4
1958         926        1        4
1958         953        1        4
1958         979        1        4
1958        1005        1        4
1958        1032        1        4
1931        1032        1        4
1931        1058        1        4
1931        1032        1        4
1905        1032        1        4
1905        1005        1        4
1905         979        1        4
1931         953        1        4
1958         953        1        4
1958         979        1        4
1984         979        1        4
2011         979        1        4
2037         979        1        4
2064        1005        1        4
2090        1005        1        4
2117        1005        1        4
2143        1005        1        4
2170        1005        1        4
2196        1005        1        4
2223        1005        1        4
2249        1005        1        4
2275        1005        1        4
2302        1005        1        4
2328        1005        1        4
2355        1005        1        4
2381        1005        1        4
2408        1005        1        4
2434        1005        1        4
2461         979        1        4
2487         979        1        4
2514         979        1        4
2540         953        1        4
2566         953        1        4
2593         953        1        4
2593         926        1        4
2619         926        1        4
2646         926        1        4
2672         926        1        4
2672         900        1        4
2699         900        1        4
2725         900        1        4
2752         900        1        4
2778         900        1        4
2805         900        1        4
2831         900        1        4
2858         926        1        4
2884         926        1        4
2884         953        1        4
PEN_UP                  0
END_CHARACTER: SC
