CHARACTER_NAME: SSB
STROKE_COUNT: 3
  X           Y   STYLUS_STATE STROKE
PEN_DOWN
 582        1138        1        1
 609        1138        1        1
 635        1138        1        1
 661        1138        1        1
 688        1138        1        1
 741        1138        1        1
 794        1138        1        1
 873        1138        1        1
 979        1111        1        1
1085        1111        1        1
1191        1111        1        1
1323        1111        1        1
1455        1111        1        1
1561        1111        1        1
1693        1111        1        1
1773        1111        1        1
1852        1111        1        1
1931        1111        1        1
1984        1111        1        1
2011        1085        1        1
2037        1085        1        1
2064        1085        1        1
2090        1085        1        1
2117        1085        1        1
2143        1085        1        1
2170        1085        1        1
2196        1085        1        1
2223        1085        1        1
2196        1085        1        1
PEN_UP                  0
PEN_DOWN
1138        1349        1        2
1111        1349        1        2
1111        1376        1        2
1085        1376        1        2
1085        1402        1        2
1058        1429        1        2
1058        1455        1        2
1058        1482        1        2
1032        1508        1        2
1032        1535        1        2
1032        1561        1        2
1032        1588        1        2
1058        1614        1        2
1058        1640        1        2
1058        1667        1        2
1058        1693        1        2
1058        1720        1        2
1085        1720        1        2
1085        1746        1        2
1111        1746        1        2
1138        1746        1        2
1164        1746        1        2
1191        1720        1        2
1217        1720        1        2
1270        1693        1        2
1296        1693        1        2
1296        1667        1        2
1323        1667        1        2
1349        1640        1        2
1376        1614        1        2
1376        1588        1        2
1402        1588        1        2
1402        1561        1        2
1402        1535        1        2
1429        1535        1        2
1429        1508        1        2
1402        1508        1        2
1402        1535        1        2
1376        1535        1        2
1376        1561        1        2
1376        1588        1        2
1376        1614        1        2
1376        1640        1        2
1402        1640        1        2
1429        1667        1        2
1455        1667        1        2
1482        1693        1        2
1508        1693        1        2
1535        1693        1        2
1588        1667        1        2
1614        1667        1        2
1667        1667        1        2
1693        1640        1        2
1720        1640        1        2
1746        1614        1        2
1773        1588        1        2
1799        1561        1        2
1826        1535        1        2
1852        1482        1        2
1879        1455        1        2
1879        1429        1        2
1879        1376        1        2
1905        1349        1        2
1905        1296        1        2
1905        1270        1        2
1879        1244        1        2
1879        1191        1        2
1852        1164        1        2
1852        1138        1        2
1826        1138        1        2
1799        1111        1        2
1799        1085        1        2
1773        1085        1        2
1773        1111        1        2
1799        1111        1        2
PEN_UP                  0
PEN_DOWN
1773        1720        1        3
1746        1746        1        3
1720        1773        1        3
1693        1773        1        3
1667        1799        1        3
1640        1826        1        3
1614        1852        1        3
1561        1879        1        3
1535        1931        1        3
1482        1984        1        3
1455        2011        1        3
1402        2064        1        3
1376        2117        1        3
1349        2170        1        3
1323        2196        1        3
1296        2249        1        3
1270        2275        1        3
1270        2302        1        3
1244        2328        1        3
1244        2355        1        3
1244        2381        1        3
1270        2381        1        3
1296        2381        1        3
1323        2355        1        3
1376        2328        1        3
1402        2328        1        3
1455        2302        1        3
1482        2302        1        3
1535        2275        1        3
1588        2275        1        3
1614        2275        1        3
1667        2249        1        3
1720        2249        1        3
1746        2249        1        3
1799        2249        1        3
1852        2275        1        3
1905        2275        1        3
1931        2275        1        3
1984        2275        1        3
2011        2275        1        3
2037        2275        1        3
2064        2275        1        3
2064        2249        1        3
2037        2223        1        3
2037        2196        1        3
2037        2170        1        3
2011        2117        1        3
2011        2090        1        3
2011        2064        1        3
1984        2037        1        3
1984        2011        1        3
1958        1958        1        3
1958        1931        1        3
1931        1905        1        3
1931        1879        1        3
1905        1852        1        3
1905        1826        1        3
1905        1799        1        3
1905        1773        1        3
1905        1746        1        3
1905        1720        1        3
1905        1693        1        3
1905        1667        1        3
1931        1667        1        3
1931        1640        1        3
1905        1640        1        3
1905        1614        1        3
1905        1588        1        3
1931        1588        1        3
PEN_UP                  0
END_CHARACTER: SSB
