CHARACTER_NAME: NG
STROKE_COUNT: 1
  X           Y   STYLUS_STATE STROKE
PEN_DOWN
1296        1005        1        1
1296        1032        1        1
1296        1058        1        1
1296        1085        1        1
1296        1111        1        1
1296        1138        1        1
1296        1164        1        1
1323        1164        1        1
1323        1217        1        1
1349        1244        1        1
1376        1270        1        1
1402        1296        1        1
1402        1323        1        1
1429        1349        1        1
1455        1376        1        1
1482        1376        1        1
1508        1402        1        1
1561        1429        1        1
1588        1429        1        1
1614        1429        1        1
1667        1429        1        1
1693        1455        1        1
1720        1455        1        1
1773        1455        1        1
1799        1455        1        1
1826        1455        1        1
1852        1429        1        1
1879        1429        1        1
1931        1429        1        1
1958        1429        1        1
1984        1402        1        1
2037        1376        1        1
2064        1349        1        1
2117        1323        1        1
2143        1296        1        1
2196        1270        1        1
2223        1244        1        1
2249        1217        1        1
2275        1191        1        1
2302        1138        1        1
2328        1111        1        1
2355        1085        1        1
2381        1058        1        1
2381        1005        1        1
2408         979        1        1
2434         953        1        1
2434         926        1        1
2461         873        1        1
2461         847        1        1
2461         820        1        1
2487         794        1        1
2461         741        1        1
2461         714        1        1
2461         688        1        1
2461         661        1        1
2434         635        1        1
2434         609        1        1
2408         582        1        1
2381         556        1        1
2381         529        1        1
2355         529        1        1
2328         529        1        1
2302         529        1        1
2275         529        1        1
2249         529        1        1
2223         556        1        1
2196         582        1        1
2170         582        1        1
2143         609        1        1
2117         635        1        1
2117         661        1        1
2090         688        1        1
2064         741        1        1
2064         767        1        1
2037         794        1        1
2037         820        1        1
2037         847        1        1
2011         900        1        1
2011         926        1        1
2011         979        1        1
1984        1005        1        1
1984        1032        1        1
1984        1085        1        1
1984        1111        1        1
1984        1164        1        1
1984        1191        1        1
1984        1217        1        1
1984        1270        1        1
1984        1296        1        1
1984        1323        1        1
1984        1376        1        1
1984        1402        1        1
2011        1429        1        1
2011        1482        1        1
2011        1508        1        1
2011        1561        1        1
2011        1588        1        1
2011        1614        1        1
2037        1667        1        1
2037        1693        1        1
2037        1720        1        1
2037        1746        1        1
2037        1773        1        1
2037        1799        1        1
2037        1826        1        1
2064        1852        1        1
2064        1879        1        1
2064        1905        1        1
2090        1905        1        1
2090        1931        1        1
2090        1958        1        1
2090        1984        1        1
2090        2011        1        1
2090        2037        1        1
2090        2064        1        1
2090        2090        1        1
2117        2117        1        1
2117        2143        1        1
2117        2170        1        1
2117        2196        1        1
2117        2170        1        1
2117        2143        1        1
2117        2117        1        1
2117        2090        1        1
2117        2064        1        1
2117        2037        1        1
2143        2037        1        1
2143        2011        1        1
2143        1984        1        1
2170        1984        1        1
2170        1958        1        1
2170        1931        1        1
2196        1931        1        1
2223        1905        1        1
2249        1879        1        1
2275        1852        1        1
2302        1852        1        1
2328        1826        1        1
2355        1826        1        1
2381        1826        1        1
2408        1799        1        1
2434        1799        1        1
2461        1799        1        1
2487        1773        1        1
2514        1773        1        1
2540        1773        1        1
2593        1773        1        1
2619        1773        1        1
2646        1773        1        1
2699        1773        1        1
2725        1773        1        1
2752        1773        1        1
2778        1799        1        1
2805        1799        1        1
2831        1799        1        1
2858        1826        1        1
2884        1826        1        1
2910        1852        1        1
2937        1879        1        1
2963        1879        1        1
2990        1905        1        1
3016        1931        1        1
3043        1958        1        1
3069        2011        1        1
3069        2037        1        1
3096        2064        1        1
3096        2090        1        1
3122        2117        1        1
3122        2170        1        1
3122        2196        1        1
3096        2223        1        1
3096        2275        1        1
3096        2302        1        1
3069        2355        1        1
3069        2408        1        1
3043        2434        1        1
3043        2461        1        1
3016        2514        1        1
2963        2566        1        1
2937        2593        1        1
2884        2619        1        1
2831        2672        1        1
2778        2699        1        1
2752        2725        1        1
2699        2752        1        1
2646        2778        1        1
2593        2805        1        1
2540        2831        1        1
2514        2831        1        1
2461        2858        1        1
2408        2858        1        1
2381        2858        1        1
2328        2884        1        1
2275        2884        1        1
2249        2884        1        1
2196        2884        1        1
2143        2858        1        1
2090        2858        1        1
2037        2858        1        1
2011        2831        1        1
1958        2831        1        1
1905        2805        1        1
1879        2805        1        1
1826        2805        1        1
1799        2778        1        1
1773        2778        1        1
1746        2752        1        1
1720        2752        1        1
1693        2725        1        1
1667        2699        1        1
1640        2672        1        1
1614        2646        1        1
1588        2619        1        1
1561        2593        1        1
1535        2566        1        1
1508        2540        1        1
1482        2514        1        1
1455        2461        1        1
1429        2434        1        1
1429        2408        1        1
1402        2381        1        1
1376        2328        1        1
1376        2302        1        1
1349        2275        1        1
1349        2249        1        1
1323        2223        1        1
1323        2196        1        1
1296        2170        1        1
1270        2143        1        1
1270        2117        1        1
1244        2117        1        1
1244        2090        1        1
1217        2064        1        1
1217        2037        1        1
1191        2011        1        1
1164        1984        1        1
1164        1958        1        1
1138        1958        1        1
1138        1931        1        1
1111        1931        1        1
1085        1905        1        1
1058        1905        1        1
1032        1879        1        1
1005        1879        1        1
 979        1879        1        1
 953        1879        1        1
 926        1879        1        1
 900        1879        1        1
 873        1879        1        1
 847        1879        1        1
 820        1879        1        1
 794        1879        1        1
 794        1852        1        1
 767        1852        1        1
PEN_UP                  0
END_CHARACTER: NG
