CHARACTER_NAME: PS
STROKE_COUNT: 8
  X           Y   STYLUS_STATE STROKE
PEN_DOWN
 979        1588        1        1
1005        1588        1        1
1032        1588        1        1
1058        1588        1        1
1111        1588        1        1
1138        1588        1        1
1191        1588        1        1
1270        1588        1        1
1323        1588        1        1
1402        1588        1        1
1482        1588        1        1
1561        1588        1        1
1667        1588        1        1
1720        1588        1        1
1799        1588        1        1
1852        1588        1        1
1905        1561        1        1
1931        1561        1        1
1984        1561        1        1
2011        1561        1        1
2037        1561        1        1
2090        1561        1        1
2143        1561        1        1
2170        1561        1        1
2223        1535        1        1
2275        1535        1        1
2355        1535        1        1
2408        1535        1        1
2487        1535        1        1
2540        1535        1        1
2593        1535        1        1
2619        1535        1        1
2672        1535        1        1
2699        1535        1        1
2725        1535        1        1
2752        1535        1        1
2778        1535        1        1
2805        1535        1        1
2831        1508        1        1
2858        1508        1        1
2884        1508        1        1
2937        1508        1        1
2963        1508        1        1
2990        1508        1        1
3043        1508        1        1
3069        1508        1        1
3096        1535        1        1
3122        1535        1        1
3149        1535        1        1
3175        1535        1        1
3201        1535        1        1
3228        1535        1        1
3254        1535        1        1
3281        1535        1        1
3307        1535        1        1
PEN_UP                  0
PEN_DOWN
1244        2249        1        2
1244        2223        1        2
1270        2196        1        2
1270        2170        1        2
1296        2170        1        2
1296        2143        1        2
1323        2117        1        2
1323        2090        1        2
1349        2090        1        2
1349        2064        1        2
1376        2064        1        2
1376        2037        1        2
1402        2037        1        2
1402        2011        1        2
1429        2011        1        2
1429        1984        1        2
1455        1984        1        2
1482        1984        1        2
1508        1984        1        2
1535        1984        1        2
1561        1984        1        2
1588        1984        1        2
1614        2011        1        2
1640        2011        1        2
1667        2011        1        2
1693        2037        1        2
1720        2037        1        2
1746        2037        1        2
1773        2037        1        2
1773        2064        1        2
1799        2064        1        2
1799        2090        1        2
1826        2090        1        2
1826        2117        1        2
1852        2117        1        2
1852        2143        1        2
1879        2170        1        2
1879        2196        1        2
1905        2196        1        2
1905        2223        1        2
1905        2249        1        2
1931        2249        1        2
1931        2275        1        2
1931        2249        1        2
PEN_UP                  0
PEN_DOWN
1561        2328        1        3
1588        2355        1        3
1588        2381        1        3
1588        2408        1        3
1561        2408        1        3
1561        2434        1        3
1535        2461        1        3
1535        2487        1        3
1508        2487        1        3
1508        2514        1        3
1508        2540        1        3
1508        2514        1        3
1535        2514        1        3
1535        2487        1        3
1561        2487        1        3
1561        2461        1        3
1588        2461        1        3
1614        2434        1        3
1640        2434        1        3
1667        2408        1        3
1693        2408        1        3
1720        2408        1        3
1720        2381        1        3
1746        2381        1        3
1773        2381        1        3
1799        2355        1        3
1826        2355        1        3
1852        2355        1        3
1879        2355        1        3
1905        2355        1        3
1905        2381        1        3
1879        2381        1        3
PEN_UP                  0
PEN_DOWN
1561        2328        1        4
1561        2302        1        4
1561        2275        1        4
1535        2275        1        4
1535        2249        1        4
1508        2249        1        4
1508        2223        1        4
1482        2223        1        4
1482        2196        1        4
1455        2196        1        4
1429        2196        1        4
1429        2170        1        4
1402        2170        1        4
1376        2170        1        4
1376        2143        1        4
PEN_UP                  0
PEN_DOWN
1984        2328        1        5
1984        2302        1        5
2011        2302        1        5
2011        2275        1        5
2011        2302        1        5
2011        2328        1        5
1984        2328        1        5
1984        2355        1        5
2011        2355        1        5
1984        2355        1        5
1984        2381        1        5
1984        2408        1        5
PEN_UP                  0
PEN_DOWN
1826        1667        1        6
1826        1640        1        6
1826        1667        1        6
1826        1693        1        6
1799        1720        1        6
1799        1746        1        6
1799        1773        1        6
1799        1799        1        6
1799        1826        1        6
1826        1826        1        6
1826        1852        1        6
1852        1852        1        6
1852        1879        1        6
1852        1905        1        6
1879        1905        1        6
1879        1931        1        6
1905        1931        1        6
1931        1958        1        6
1958        1984        1        6
1984        2011        1        6
1984        2037        1        6
2011        2037        1        6
2011        2064        1        6
2037        2064        1        6
2037        2090        1        6
2064        2090        1        6
2064        2117        1        6
2090        2117        1        6
2090        2143        1        6
2117        2143        1        6
2117        2170        1        6
2143        2196        1        6
2143        2223        1        6
2170        2249        1        6
2170        2275        1        6
2170        2302        1        6
2170        2328        1        6
2170        2355        1        6
2170        2381        1        6
2170        2408        1        6
2170        2434        1        6
2170        2461        1        6
2170        2487        1        6
2143        2514        1        6
2143        2540        1        6
2143        2566        1        6
2117        2566        1        6
2117        2593        1        6
2117        2619        1        6
2090        2619        1        6
2090        2646        1        6
2064        2672        1        6
2037        2672        1        6
2037        2699        1        6
2037        2725        1        6
2011        2725        1        6
2011        2752        1        6
1984        2752        1        6
1984        2778        1        6
1984        2805        1        6
1958        2805        1        6
1931        2831        1        6
1905        2858        1        6
1879        2858        1        6
1852        2858        1        6
1852        2884        1        6
1826        2884        1        6
1799        2884        1        6
1773        2884        1        6
1746        2910        1        6
1720        2910        1        6
1693        2910        1        6
1667        2910        1        6
1640        2910        1        6
1640        2884        1        6
1614        2884        1        6
1614        2858        1        6
1588        2858        1        6
1588        2831        1        6
PEN_UP                  0
PEN_DOWN
2196        2355        1        7
2223        2328        1        7
2223        2302        1        7
2249        2302        1        7
2249        2275        1        7
2275        2275        1        7
2275        2249        1        7
2302        2249        1        7
2302        2223        1        7
2328        2223        1        7
2328        2196        1        7
2355        2196        1        7
2381        2196        1        7
2408        2196        1        7
2434        2196        1        7
2461        2196        1        7
2487        2196        1        7
2514        2223        1        7
2540        2223        1        7
2540        2249        1        7
2566        2249        1        7
2593        2275        1        7
2619        2275        1        7
2646        2302        1        7
2672        2302        1        7
2672        2328        1        7
2699        2328        1        7
2699        2355        1        7
2725        2355        1        7
2725        2381        1        7
2752        2408        1        7
2725        2408        1        7
2725        2381        1        7
PEN_UP                  0
PEN_DOWN
2831        1561        1        8
2831        1588        1        8
2831        1614        1        8
2831        1640        1        8
2805        1640        1        8
2805        1667        1        8
2805        1693        1        8
2805        1720        1        8
2805        1746        1        8
2805        1799        1        8
2805        1826        1        8
2778        1852        1        8
2778        1905        1        8
2778        1931        1        8
2752        1984        1        8
2752        2011        1        8
2752        2064        1        8
2752        2090        1        8
2752        2143        1        8
2752        2170        1        8
2778        2223        1        8
2778        2249        1        8
2778        2302        1        8
2778        2328        1        8
2778        2381        1        8
2805        2408        1        8
2805        2434        1        8
2805        2487        1        8
2805        2514        1        8
2805        2540        1        8
2831        2566        1        8
2831        2593        1        8
2831        2619        1        8
2831        2646        1        8
2831        2672        1        8
2831        2699        1        8
2831        2725        1        8
2831        2752        1        8
2831        2778        1        8
2831        2805        1        8
2831        2831        1        8
2805        2858        1        8
2805        2884        1        8
2805        2910        1        8
2805        2937        1        8
2805        2963        1        8
2778        2963        1        8
2778        2990        1        8
2778        3016        1        8
2778        3043        1        8
2752        3069        1        8
2752        3096        1        8
2752        3122        1        8
2752        3096        1        8
2752        3069        1        8
PEN_UP                  0
END_CHARACTER: PS
