CHARACTER_NAME: GHR
STROKE_COUNT: 3
  X           Y   STYLUS_STATE STROKE
PEN_DOWN
1005        1376        1        1
1032        1376        1        1
1058        1376        1        1
1085        1402        1        1
1138        1402        1        1
1164        1402        1        1
1217        1402        1        1
1296        1402        1        1
1349        1402        1        1
1429        1402        1        1
1482        1402        1        1
1561        1376        1        1
1640        1376        1        1
1693        1376        1        1
1773        1376        1        1
1826        1376        1        1
1879        1376        1        1
1931        1376        1        1
1984        1349        1        1
2037        1349        1        1
2090        1349        1        1
2117        1349        1        1
2170        1349        1        1
2196        1349        1        1
2249        1349        1        1
2275        1349        1        1
2302        1349        1        1
2328        1349        1        1
2355        1349        1        1
2381        1349        1        1
2408        1349        1        1
2434        1323        1        1
2461        1323        1        1
2487        1323        1        1
2514        1323        1        1
2540        1323        1        1
2593        1323        1        1
2619        1323        1        1
2672        1323        1        1
2699        1323        1        1
2752        1323        1        1
2778        1323        1        1
2805        1323        1        1
2858        1349        1        1
2884        1349        1        1
2910        1349        1        1
2937        1349        1        1
PEN_UP                  0
PEN_DOWN
1535        1429        1        2
1508        1429        1        2
1508        1455        1        2
1482        1455        1        2
1482        1482        1        2
1455        1508        1        2
1455        1535        1        2
1455        1561        1        2
1455        1588        1        2
1455        1614        1        2
1455        1640        1        2
1482        1640        1        2
1482        1667        1        2
1482        1693        1        2
1508        1720        1        2
1535        1746        1        2
1561        1773        1        2
1588        1773        1        2
1614        1773        1        2
1640        1799        1        2
1667        1799        1        2
1693        1799        1        2
1720        1799        1        2
1773        1799        1        2
1799        1799        1        2
1826        1799        1        2
1852        1799        1        2
1879        1799        1        2
1905        1799        1        2
1931        1799        1        2
1958        1799        1        2
1984        1799        1        2
2011        1773        1        2
2037        1773        1        2
2064        1773        1        2
2090        1773        1        2
2117        1773        1        2
2143        1773        1        2
2170        1773        1        2
2196        1773        1        2
2223        1746        1        2
2196        1773        1        2
2170        1773        1        2
2170        1799        1        2
2143        1799        1        2
2117        1826        1        2
2090        1852        1        2
2064        1879        1        2
2011        1905        1        2
1984        1958        1        2
1958        2011        1        2
1905        2037        1        2
1879        2090        1        2
1852        2143        1        2
1826        2170        1        2
1799        2223        1        2
1773        2249        1        2
1746        2275        1        2
1746        2302        1        2
1720        2355        1        2
1720        2381        1        2
1693        2381        1        2
1693        2408        1        2
1693        2434        1        2
1667        2434        1        2
1667        2461        1        2
1693        2461        1        2
1693        2434        1        2
1720        2434        1        2
1746        2408        1        2
1773        2408        1        2
1799        2408        1        2
1826        2381        1        2
1852        2381        1        2
1879        2355        1        2
1905        2355        1        2
1958        2355        1        2
1984        2355        1        2
2011        2355        1        2
2064        2355        1        2
2090        2355        1        2
2143        2381        1        2
2170        2381        1        2
2223        2381        1        2
2275        2408        1        2
2302        2408        1        2
2355        2434        1        2
2381        2434        1        2
2408        2461        1        2
2461        2487        1        2
2487        2487        1        2
2487        2514        1        2
2514        2514        1        2
2540        2540        1        2
2566        2540        1        2
2566        2566        1        2
2566        2540        1        2
2593        2540        1        2
2593        2514        1        2
2593        2487        1        2
2593        2461        1        2
2593        2434        1        2
2593        2408        1        2
2566        2381        1        2
2566        2355        1        2
2566        2302        1        2
2566        2275        1        2
2566        2249        1        2
2566        2196        1        2
2540        2170        1        2
2540        2117        1        2
2540        2090        1        2
2566        2037        1        2
2566        2011        1        2
2566        1958        1        2
2566        1931        1        2
2540        1905        1        2
2540        1879        1        2
2540        1852        1        2
2540        1826        1        2
2540        1799        1        2
2566        1799        1        2
2566        1773        1        2
2566        1746        1        2
2566        1720        1        2
2566        1693        1        2
2566        1667        1        2
2566        1640        1        2
2566        1614        1        2
2566        1588        1        2
2566        1561        1        2
2593        1561        1        2
2593        1535        1        2
2593        1508        1        2
2593        1482        1        2
2619        1455        1        2
2619        1429        1        2
2619        1402        1        2
2619        1376        1        2
2619        1349        1        2
2619        1323        1        2
2646        1323        1        2
2646        1349        1        2
2672        1349        1        2
2699        1349        1        2
PEN_UP                  0
PEN_DOWN
2619        2540        1        3
2619        2566        1        3
2646        2566        1        3
2646        2593        1        3
2646        2619        1        3
2646        2646        1        3
2646        2672        1        3
2646        2699        1        3
2646        2725        1        3
2646        2752        1        3
2646        2778        1        3
2646        2805        1        3
2619        2831        1        3
2619        2858        1        3
2619        2884        1        3
2619        2910        1        3
2619        2937        1        3
2593        2937        1        3
2593        2910        1        3
2566        2910        1        3
2566        2884        1        3
2540        2884        1        3
2514        2858        1        3
2487        2858        1        3
2487        2831        1        3
2461        2831        1        3
2461        2805        1        3
2434        2805        1        3
2434        2778        1        3
2408        2778        1        3
2381        2752        1        3
2355        2752        1        3
2328        2752        1        3
2302        2752        1        3
2275        2778        1        3
2249        2778        1        3
2223        2805        1        3
2196        2805        1        3
2170        2805        1        3
2143        2831        1        3
2117        2831        1        3
2090        2858        1        3
2064        2858        1        3
2037        2884        1        3
2011        2884        1        3
1984        2910        1        3
1958        2910        1        3
1931        2937        1        3
1905        2937        1        3
1852        2963        1        3
1826        2963        1        3
1773        2990        1        3
1746        2990        1        3
1720        3016        1        3
1693        3016        1        3
1667        3043        1        3
1640        3043        1        3
1614        3043        1        3
1588        3043        1        3
1561        3069        1        3
1535        3069        1        3
1508        3069        1        3
1482        3043        1        3
1455        3043        1        3
1429        3043        1        3
1376        3043        1        3
1349        3043        1        3
1323        3016        1        3
1296        3016        1        3
1270        2990        1        3
1244        2990        1        3
1217        2990        1        3
1217        2963        1        3
1191        2963        1        3
1164        2937        1        3
1138        2910        1        3
1111        2884        1        3
1138        2858        1        3
1164        2858        1        3
PEN_UP                  0
END_CHARACTER: GHR
