CHARACTER_NAME: BRR
STROKE_COUNT: 3
  X           Y   STYLUS_STATE STROKE
PEN_DOWN
1058        1323        1        1
1058        1349        1        1
1085        1349        1        1
1111        1349        1        1
1164        1349        1        1
1191        1349        1        1
1270        1349        1        1
1323        1376        1        1
1376        1376        1        1
1455        1376        1        1
1508        1376        1        1
1588        1376        1        1
1640        1376        1        1
1693        1376        1        1
1746        1376        1        1
1799        1376        1        1
1852        1376        1        1
1879        1376        1        1
1905        1376        1        1
1958        1376        1        1
1984        1376        1        1
2011        1376        1        1
2064        1376        1        1
2090        1376        1        1
2117        1376        1        1
2143        1376        1        1
2170        1376        1        1
2196        1376        1        1
2223        1376        1        1
2249        1376        1        1
2275        1376        1        1
2302        1376        1        1
2328        1376        1        1
2355        1376        1        1
2381        1376        1        1
2408        1376        1        1
2434        1376        1        1
2461        1376        1        1
2487        1349        1        1
2514        1349        1        1
2540        1349        1        1
2566        1349        1        1
2540        1349        1        1
2514        1349        1        1
PEN_UP                  0
PEN_DOWN
1905        1482        1        2
1879        1482        1        2
1879        1508        1        2
1852        1508        1        2
1826        1535        1        2
1799        1535        1        2
1773        1561        1        2
1746        1588        1        2
1720        1614        1        2
1693        1640        1        2
1667        1667        1        2
1667        1693        1        2
1640        1720        1        2
1614        1746        1        2
1614        1773        1        2
1588        1799        1        2
1561        1799        1        2
1535        1826        1        2
1535        1852        1        2
1508        1879        1        2
1482        1905        1        2
1455        1931        1        2
1429        1958        1        2
1402        1984        1        2
1402        2011        1        2
1376        2037        1        2
1349        2037        1        2
1349        2064        1        2
1323        2090        1        2
1296        2117        1        2
1270        2143        1        2
1244        2170        1        2
1217        2196        1        2
1191        2223        1        2
1191        2249        1        2
1191        2275        1        2
1217        2275        1        2
1217        2302        1        2
1244        2302        1        2
1270        2302        1        2
1296        2328        1        2
1349        2328        1        2
1376        2328        1        2
1429        2355        1        2
1482        2355        1        2
1508        2355        1        2
1561        2381        1        2
1588        2381        1        2
1614        2408        1        2
1640        2408        1        2
1667        2434        1        2
1693        2434        1        2
1720        2461        1        2
1746        2487        1        2
1773        2514        1        2
1799        2514        1        2
1826        2540        1        2
1826        2566        1        2
1852        2566        1        2
1879        2593        1        2
1905        2619        1        2
1931        2619        1        2
1958        2646        1        2
1984        2672        1        2
2011        2699        1        2
2037        2699        1        2
2064        2725        1        2
2064        2699        1        2
2064        2672        1        2
2064        2646        1        2
2037        2619        1        2
2037        2593        1        2
2037        2566        1        2
2037        2540        1        2
2037        2487        1        2
2037        2461        1        2
2037        2434        1        2
2037        2381        1        2
2037        2328        1        2
2037        2302        1        2
2037        2249        1        2
2037        2196        1        2
2037        2170        1        2
2037        2117        1        2
2037        2064        1        2
2011        2037        1        2
2011        1984        1        2
2011        1958        1        2
2011        1931        1        2
2011        1905        1        2
2011        1879        1        2
2011        1852        1        2
2011        1826        1        2
1984        1799        1        2
1984        1773        1        2
1984        1746        1        2
1984        1720        1        2
1984        1693        1        2
1984        1667        1        2
1984        1640        1        2
2011        1614        1        2
2011        1588        1        2
2011        1561        1        2
2037        1535        1        2
2037        1508        1        2
2037        1482        1        2
2037        1455        1        2
2037        1429        1        2
2064        1429        1        2
PEN_UP                  0
PEN_DOWN
2170        2646        1        3
2143        2646        1        3
2143        2672        1        3
2143        2699        1        3
2143        2725        1        3
2143        2752        1        3
2143        2778        1        3
2143        2805        1        3
2143        2831        1        3
2117        2858        1        3
2117        2884        1        3
2117        2910        1        3
2117        2937        1        3
2117        2963        1        3
2117        2990        1        3
2117        3016        1        3
2117        3043        1        3
2117        3069        1        3
2117        3096        1        3
2117        3122        1        3
2117        3149        1        3
2090        3175        1        3
2090        3201        1        3
2117        3201        1        3
2090        3201        1        3
2090        3175        1        3
2064        3149        1        3
2064        3122        1        3
2037        3122        1        3
2037        3096        1        3
2011        3069        1        3
1984        3069        1        3
1958        3043        1        3
1931        3043        1        3
1905        3043        1        3
1879        3069        1        3
1852        3069        1        3
1826        3069        1        3
1799        3069        1        3
1773        3096        1        3
1746        3096        1        3
1720        3122        1        3
1693        3149        1        3
1640        3149        1        3
1614        3175        1        3
1588        3175        1        3
1561        3201        1        3
1535        3228        1        3
1508        3228        1        3
1482        3254        1        3
1455        3254        1        3
1429        3281        1        3
1402        3281        1        3
1376        3281        1        3
1349        3307        1        3
1296        3307        1        3
1270        3307        1        3
1244        3307        1        3
1217        3281        1        3
1191        3281        1        3
1164        3254        1        3
1138        3228        1        3
1138        3201        1        3
1111        3175        1        3
1111        3122        1        3
1111        3096        1        3
1111        3069        1        3
1111        3043        1        3
1111        3016        1        3
1111        2990        1        3
1138        2990        1        3
1164        2963        1        3
1191        2963        1        3
PEN_UP                  0
END_CHARACTER: BRR
