CHARACTER_NAME: MNA
STROKE_COUNT: 2
  X           Y   STYLUS_STATE STROKE
PEN_DOWN
1614        1746        1        1
1640        1746        1        1
1640        1773        1        1
1640        1799        1        1
1614        1799        1        1
1614        1773        1        1
1588        1773        1        1
1614        1773        1        1
1614        1746        1        1
1640        1746        1        1
1640        1720        1        1
1667        1720        1        1
1693        1720        1        1
1667        1746        1        1
1640        1773        1        1
1614        1773        1        1
1588        1773        1        1
1588        1746        1        1
1614        1746        1        1
1614        1720        1        1
1614        1693        1        1
1614        1720        1        1
1614        1746        1        1
1588        1746        1        1
1588        1720        1        1
1614        1720        1        1
1640        1746        1        1
1640        1773        1        1
1640        1799        1        1
1667        1799        1        1
1640        1799        1        1
1614        1799        1        1
1588        1799        1        1
1561        1799        1        1
1535        1799        1        1
1535        1773        1        1
1508        1773        1        1
1482        1773        1        1
1482        1746        1        1
1455        1746        1        1
1455        1720        1        1
1429        1693        1        1
1429        1667        1        1
1429        1640        1        1
1455        1614        1        1
1455        1588        1        1
1455        1561        1        1
1482        1535        1        1
1508        1508        1        1
1561        1482        1        1
1588        1482        1        1
1640        1455        1        1
1693        1429        1        1
1746        1402        1        1
1799        1402        1        1
1852        1376        1        1
1905        1349        1        1
1984        1349        1        1
2037        1349        1        1
2090        1323        1        1
2170        1323        1        1
2223        1349        1        1
2275        1349        1        1
2302        1349        1        1
2355        1349        1        1
2381        1376        1        1
2434        1376        1        1
2461        1402        1        1
2487        1429        1        1
2540        1455        1        1
2566        1455        1        1
2593        1482        1        1
2646        1508        1        1
2672        1535        1        1
2699        1561        1        1
2725        1561        1        1
2752        1588        1        1
2778        1614        1        1
2805        1614        1        1
2831        1640        1        1
2858        1640        1        1
2858        1667        1        1
2858        1693        1        1
2884        1693        1        1
2884        1720        1        1
2910        1720        1        1
2910        1746        1        1
2910        1773        1        1
2910        1799        1        1
2937        1826        1        1
2937        1852        1        1
2937        1879        1        1
2910        1879        1        1
2910        1905        1        1
2937        1905        1        1
2910        1905        1        1
2910        1879        1        1
2910        1852        1        1
2910        1826        1        1
2910        1799        1        1
2910        1773        1        1
2910        1746        1        1
2910        1720        1        1
2910        1693        1        1
2910        1667        1        1
2910        1640        1        1
2910        1614        1        1
2910        1588        1        1
2910        1561        1        1
2910        1535        1        1
2910        1508        1        1
2937        1482        1        1
2937        1455        1        1
2937        1429        1        1
2963        1429        1        1
2963        1402        1        1
2963        1376        1        1
2963        1349        1        1
2963        1323        1        1
2963        1296        1        1
2963        1270        1        1
2963        1244        1        1
2963        1217        1        1
2963        1191        1        1
2937        1164        1        1
2937        1138        1        1
2937        1111        1        1
2937        1085        1        1
2910        1085        1        1
2910        1058        1        1
2910        1032        1        1
2884        1005        1        1
2884        1032        1        1
2884        1058        1        1
2884        1085        1        1
2884        1111        1        1
2858        1138        1        1
2858        1164        1        1
2858        1191        1        1
2858        1217        1        1
2858        1244        1        1
2858        1270        1        1
2858        1296        1        1
2858        1323        1        1
2858        1349        1        1
2858        1376        1        1
2858        1429        1        1
2858        1455        1        1
2858        1482        1        1
2858        1508        1        1
2884        1535        1        1
2884        1561        1        1
2884        1588        1        1
2884        1614        1        1
2884        1640        1        1
2884        1667        1        1
2884        1693        1        1
2884        1720        1        1
2884        1746        1        1
2884        1773        1        1
2884        1799        1        1
2884        1826        1        1
2884        1852        1        1
2884        1879        1        1
2884        1905        1        1
2884        1931        1        1
2884        1958        1        1
2884        1984        1        1
2884        2011        1        1
2884        2037        1        1
2884        2064        1        1
2884        2090        1        1
2884        2117        1        1
2884        2143        1        1
2884        2170        1        1
2884        2196        1        1
2858        2249        1        1
2858        2275        1        1
2858        2302        1        1
2858        2355        1        1
2858        2381        1        1
2858        2434        1        1
2858        2461        1        1
2858        2487        1        1
2858        2514        1        1
2858        2540        1        1
2858        2593        1        1
2884        2619        1        1
2884        2646        1        1
2884        2672        1        1
2884        2725        1        1
2884        2778        1        1
2884        2805        1        1
2884        2858        1        1
2884        2910        1        1
2884        2963        1        1
2884        2990        1        1
2910        3016        1        1
2910        3043        1        1
2910        3069        1        1
2910        3096        1        1
2910        3122        1        1
2910        3149        1        1
2884        3201        1        1
2884        3228        1        1
2884        3281        1        1
2884        3334        1        1
2884        3360        1        1
2884        3413        1        1
2884        3440        1        1
2884        3493        1        1
2884        3519        1        1
2884        3545        1        1
2884        3572        1        1
2910        3598        1        1
2884        3598        1        1
2884        3625        1        1
2884        3651        1        1
2884        3678        1        1
2884        3704        1        1
2884        3731        1        1
2884        3757        1        1
2884        3731        1        1
PEN_UP                  0
PEN_DOWN
2990        1296        1        2
3016        1296        1        2
3043        1296        1        2
3069        1296        1        2
3096        1296        1        2
3122        1296        1        2
3175        1296        1        2
3201        1296        1        2
3228        1296        1        2
3254        1296        1        2
3281        1296        1        2
3307        1296        1        2
3334        1296        1        2
3360        1296        1        2
3387        1270        1        2
3413        1270        1        2
3440        1270        1        2
PEN_UP                  0
END_CHARACTER: MNA
