CHARACTER_NAME: E
STROKE_COUNT: 3
  X           Y   STYLUS_STATE STROKE
PEN_DOWN
 979        1005        1        1
1058         979        1        1
1164         979        1        1
1270         979        1        1
1402         953        1        1
1535         953        1        1
1667         953        1        1
1799         953        1        1
1958         926        1        1
2090         926        1        1
2196         926        1        1
2328         926        1        1
2434         900        1        1
2540         900        1        1
2619         900        1        1
2725         900        1        1
2805         873        1        1
2884         873        1        1
2963         873        1        1
3043         873        1        1
3096         847        1        1
3149         847        1        1
3201         847        1        1
3228         847        1        1
3281         847        1        1
3334         847        1        1
3360         847        1        1
3413         847        1        1
3440         847        1        1
3493         847        1        1
3545         847        1        1
3598         847        1        1
3625         847        1        1
3678         847        1        1
3704         847        1        1
3757         847        1        1
3784         847        1        1
3810         847        1        1
3836         847        1        1
3836         873        1        1
3810         873        1        1
3757         873        1        1
PEN_UP                  0
PEN_DOWN
2170        1085        1        2
2143        1085        1        2
2143        1058        1        2
2117        1058        1        2
2117        1032        1        2
2117        1005        1        2
2143        1005        1        2
2143         979        1        2
2170         979        1        2
2196         979        1        2
2223         979        1        2
2249         979        1        2
2275         953        1        2
2302         953        1        2
2328         953        1        2
2355         953        1        2
2381         979        1        2
2408         979        1        2
2434         979        1        2
2461         979        1        2
2487         979        1        2
2514         979        1        2
2540        1005        1        2
2540        1032        1        2
2566        1032        1        2
2593        1058        1        2
2593        1085        1        2
2593        1111        1        2
2593        1138        1        2
2619        1138        1        2
2619        1164        1        2
2619        1191        1        2
2619        1217        1        2
2619        1244        1        2
2619        1270        1        2
2619        1296        1        2
2593        1323        1        2
2593        1349        1        2
2593        1376        1        2
2566        1402        1        2
2566        1429        1        2
2540        1482        1        2
2540        1508        1        2
2514        1535        1        2
2487        1561        1        2
2487        1588        1        2
2461        1614        1        2
2461        1640        1        2
2434        1667        1        2
2408        1693        1        2
2381        1693        1        2
2355        1720        1        2
2355        1773        1        2
2328        1799        1        2
2275        1826        1        2
2249        1852        1        2
2223        1879        1        2
2196        1905        1        2
2143        1958        1        2
2117        1984        1        2
2090        2011        1        2
2064        2037        1        2
2037        2064        1        2
2011        2090        1        2
1984        2117        1        2
1958        2143        1        2
1931        2196        1        2
1905        2223        1        2
1879        2275        1        2
1826        2302        1        2
1799        2355        1        2
1773        2408        1        2
1746        2434        1        2
1720        2461        1        2
1693        2514        1        2
1693        2540        1        2
1667        2566        1        2
1640        2593        1        2
1614        2619        1        2
1588        2646        1        2
1588        2672        1        2
1561        2699        1        2
1535        2725        1        2
1508        2752        1        2
1508        2778        1        2
1508        2805        1        2
1482        2805        1        2
1455        2805        1        2
1455        2778        1        2
1455        2752        1        2
1455        2725        1        2
1455        2699        1        2
1482        2672        1        2
1482        2646        1        2
1508        2619        1        2
1535        2593        1        2
1561        2566        1        2
1588        2540        1        2
1614        2514        1        2
1640        2514        1        2
1667        2487        1        2
1693        2487        1        2
1720        2487        1        2
1746        2461        1        2
1799        2461        1        2
1826        2461        1        2
1852        2461        1        2
1879        2461        1        2
1931        2461        1        2
1958        2461        1        2
1984        2461        1        2
2011        2461        1        2
2064        2461        1        2
2090        2461        1        2
2117        2461        1        2
2143        2461        1        2
2170        2461        1        2
2170        2487        1        2
2196        2487        1        2
2223        2487        1        2
2249        2487        1        2
2275        2514        1        2
2302        2514        1        2
2328        2540        1        2
2355        2540        1        2
2381        2540        1        2
2408        2566        1        2
2434        2566        1        2
2461        2593        1        2
2514        2619        1        2
2540        2646        1        2
2566        2646        1        2
2593        2672        1        2
2619        2672        1        2
2646        2672        1        2
2672        2672        1        2
2725        2672        1        2
2752        2646        1        2
2778        2646        1        2
2831        2646        1        2
2858        2619        1        2
2884        2619        1        2
2910        2593        1        2
2937        2593        1        2
2963        2566        1        2
2990        2540        1        2
3016        2514        1        2
3043        2487        1        2
3069        2461        1        2
3069        2434        1        2
3096        2434        1        2
3096        2408        1        2
3096        2381        1        2
3069        2381        1        2
3069        2408        1        2
3043        2408        1        2
PEN_UP                  0
PEN_DOWN
2699         926        1        3
2699         900        1        3
2699         873        1        3
2699         847        1        3
2699         820        1        3
2672         820        1        3
2672         794        1        3
2672         767        1        3
2646         741        1        3
2619         714        1        3
2593         688        1        3
2566         688        1        3
2540         661        1        3
2514         661        1        3
2487         661        1        3
2461         661        1        3
2434         661        1        3
2408         661        1        3
2381         635        1        3
2355         635        1        3
2355         661        1        3
2328         661        1        3
2328         635        1        3
2302         635        1        3
2275         635        1        3
2249         635        1        3
2196         609        1        3
2170         609        1        3
2143         609        1        3
2117         609        1        3
2090         609        1        3
2064         582        1        3
2037         582        1        3
2011         582        1        3
1984         582        1        3
1958         582        1        3
1931         582        1        3
1931         609        1        3
1905         609        1        3
1879         609        1        3
1852         609        1        3
1826         609        1        3
1826         635        1        3
1799         635        1        3
1773         635        1        3
1746         635        1        3
1720         635        1        3
1693         635        1        3
1667         635        1        3
1640         635        1        3
1614         635        1        3
1588         635        1        3
1561         635        1        3
1535         635        1        3
1508         635        1        3
1482         635        1        3
1455         635        1        3
1429         635        1        3
1429         661        1        3
1402         635        1        3
1376         635        1        3
1349         635        1        3
1349         609        1        3
1323         609        1        3
1296         582        1        3
1270         582        1        3
1244         556        1        3
1217         556        1        3
1217         529        1        3
1191         529        1        3
1191         503        1        3
1164         476        1        3
1164         450        1        3
1138         450        1        3
1138         423        1        3
1138         397        1        3
1138         370        1        3
1138         344        1        3
1138         318        1        3
1138         291        1        3
1164         265        1        3
1164         238        1        3
1164         212        1        3
1164         185        1        3
1191         159        1        3
1191         132        1        3
1191         106        1        3
1191          79        1        3
1191          53        1        3
1191          26        1        3
1191          53        1        3
1191          79        1        3
1164          79        1        3
1164         106        1        3
1191         132        1        3
PEN_UP                  0
END_CHARACTER: E
