CHARACTER_NAME: PHA
STROKE_COUNT: 2
  X           Y   STYLUS_STATE STROKE
PEN_DOWN
 741        1296        1        1
 714        1323        1        1
 741        1323        1        1
 794        1323        1        1
 847        1323        1        1
 926        1296        1        1
1005        1296        1        1
1138        1296        1        1
1270        1296        1        1
1429        1296        1        1
1588        1296        1        1
1746        1296        1        1
1931        1296        1        1
2090        1270        1        1
2223        1296        1        1
2355        1296        1        1
2461        1296        1        1
2540        1296        1        1
2593        1296        1        1
2619        1296        1        1
2672        1296        1        1
2699        1296        1        1
2725        1296        1        1
2752        1296        1        1
2778        1296        1        1
2805        1296        1        1
2831        1296        1        1
2858        1296        1        1
2910        1296        1        1
2963        1296        1        1
3016        1296        1        1
3043        1296        1        1
3096        1296        1        1
3122        1296        1        1
3149        1296        1        1
3175        1296        1        1
3201        1296        1        1
3228        1296        1        1
3254        1270        1        1
3281        1270        1        1
3307        1270        1        1
3334        1270        1        1
3360        1270        1        1
3387        1270        1        1
3413        1270        1        1
3413        1244        1        1
3440        1270        1        1
3440        1244        1        1
3413        1244        1        1
3387        1244        1        1
PEN_UP                  0
PEN_DOWN
1191        1349        1        2
1191        1376        1        2
1191        1402        1        2
1217        1402        1        2
1244        1429        1        2
1296        1455        1        2
1349        1482        1        2
1402        1508        1        2
1482        1535        1        2
1561        1535        1        2
1614        1561        1        2
1693        1588        1        2
1746        1588        1        2
1799        1614        1        2
1826        1614        1        2
1852        1640        1        2
1879        1640        1        2
1879        1667        1        2
1852        1667        1        2
1826        1693        1        2
1799        1693        1        2
1799        1720        1        2
1773        1746        1        2
1773        1773        1        2
1746        1799        1        2
1693        1826        1        2
1667        1852        1        2
1614        1879        1        2
1561        1931        1        2
1508        1984        1        2
1482        2011        1        2
1429        2064        1        2
1376        2117        1        2
1323        2170        1        2
1296        2223        1        2
1244        2249        1        2
1217        2302        1        2
1191        2355        1        2
1164        2381        1        2
1164        2408        1        2
1138        2434        1        2
1138        2461        1        2
1111        2461        1        2
1111        2487        1        2
1138        2461        1        2
1164        2461        1        2
1191        2434        1        2
1244        2434        1        2
1296        2434        1        2
1349        2434        1        2
1429        2434        1        2
1508        2434        1        2
1588        2461        1        2
1667        2461        1        2
1746        2461        1        2
1826        2487        1        2
1905        2514        1        2
1958        2514        1        2
2011        2540        1        2
2064        2566        1        2
2117        2593        1        2
2170        2593        1        2
2196        2619        1        2
2223        2646        1        2
2275        2672        1        2
2302        2672        1        2
2328        2699        1        2
2355        2699        1        2
2381        2725        1        2
2408        2752        1        2
2434        2752        1        2
2461        2778        1        2
2461        2752        1        2
2461        2725        1        2
2434        2699        1        2
2434        2672        1        2
2434        2646        1        2
2434        2619        1        2
2434        2593        1        2
2434        2566        1        2
2434        2514        1        2
2434        2461        1        2
2434        2434        1        2
2434        2381        1        2
2434        2328        1        2
2434        2302        1        2
2434        2249        1        2
2434        2223        1        2
2434        2196        1        2
2434        2143        1        2
2434        2117        1        2
2434        2090        1        2
2434        2064        1        2
2434        2037        1        2
2434        2011        1        2
2434        1958        1        2
2434        1931        1        2
2434        1905        1        2
2434        1879        1        2
2434        1852        1        2
2434        1826        1        2
2434        1799        1        2
2434        1773        1        2
2461        1773        1        2
2461        1746        1        2
2487        1720        1        2
2514        1693        1        2
2540        1693        1        2
2566        1667        1        2
2593        1667        1        2
2646        1667        1        2
2672        1640        1        2
2699        1640        1        2
2725        1640        1        2
2778        1640        1        2
2805        1640        1        2
2831        1640        1        2
2858        1640        1        2
2884        1640        1        2
2910        1667        1        2
2937        1667        1        2
2963        1667        1        2
2963        1693        1        2
2990        1693        1        2
3043        1693        1        2
3069        1720        1        2
3096        1720        1        2
3122        1746        1        2
3149        1746        1        2
3175        1773        1        2
3201        1799        1        2
3228        1799        1        2
3228        1826        1        2
3254        1852        1        2
3254        1879        1        2
3281        1905        1        2
3281        1931        1        2
3281        1958        1        2
3281        1984        1        2
3281        2011        1        2
3281        2037        1        2
3254        2064        1        2
3228        2090        1        2
3201        2090        1        2
3201        2117        1        2
3175        2117        1        2
3149        2117        1        2
3122        2117        1        2
3096        2117        1        2
3069        2117        1        2
3043        2090        1        2
3016        2090        1        2
2990        2090        1        2
2963        2064        1        2
2937        2064        1        2
2910        2037        1        2
2910        2011        1        2
2937        2011        1        2
2937        1984        1        2
2937        1958        1        2
2963        1958        1        2
2963        1931        1        2
2990        1931        1        2
2990        1905        1        2
3016        1905        1        2
3043        1905        1        2
3043        1879        1        2
3069        1879        1        2
3096        1905        1        2
3122        1905        1        2
3149        1905        1        2
3175        1905        1        2
3201        1905        1        2
3228        1905        1        2
3228        1931        1        2
3254        1931        1        2
3281        1931        1        2
PEN_UP                  0
END_CHARACTER: PHA
