CHARACTER_NAME: ANSR
STROKE_COUNT: 3
  X           Y   STYLUS_STATE STROKE
PEN_DOWN
1561        1376        1        1
1561        1402        1        1
1561        1429        1        1
1588        1429        1        1
1614        1455        1        1
1640        1455        1        1
1667        1455        1        1
1667        1429        1        1
1693        1429        1        1
1720        1402        1        1
1746        1402        1        1
1746        1376        1        1
1773        1376        1        1
1773        1349        1        1
1799        1349        1        1
1799        1323        1        1
1826        1323        1        1
1826        1296        1        1
1826        1270        1        1
1826        1244        1        1
1826        1217        1        1
1826        1191        1        1
1826        1164        1        1
1799        1138        1        1
1773        1138        1        1
1746        1138        1        1
1720        1138        1        1
1693        1138        1        1
1667        1138        1        1
1667        1164        1        1
1640        1164        1        1
1614        1164        1        1
1614        1191        1        1
1588        1191        1        1
1588        1217        1        1
1561        1244        1        1
1535        1270        1        1
1535        1296        1        1
1535        1323        1        1
1535        1349        1        1
1535        1376        1        1
1508        1402        1        1
1508        1429        1        1
1535        1455        1        1
1535        1482        1        1
1561        1482        1        1
1561        1455        1        1
1535        1455        1        1
PEN_UP                  0
PEN_DOWN
1535        1693        1        2
1561        1693        1        2
1588        1693        1        2
1614        1720        1        2
1667        1720        1        2
1693        1720        1        2
1720        1720        1        2
1773        1746        1        2
1799        1746        1        2
1826        1746        1        2
1852        1773        1        2
1879        1773        1        2
1905        1773        1        2
1905        1799        1        2
1931        1799        1        2
1958        1826        1        2
2011        1826        1        2
2037        1852        1        2
2064        1879        1        2
2117        1879        1        2
2143        1905        1        2
2196        1931        1        2
2223        1958        1        2
2275        1958        1        2
2302        1984        1        2
2328        2011        1        2
2355        2011        1        2
2381        2037        1        2
2408        2037        1        2
2408        2064        1        2
2434        2064        1        2
2461        2090        1        2
2487        2090        1        2
2514        2117        1        2
2540        2143        1        2
2566        2143        1        2
2593        2170        1        2
2593        2196        1        2
2619        2196        1        2
2646        2223        1        2
2672        2249        1        2
2699        2275        1        2
2725        2302        1        2
2752        2328        1        2
2752        2355        1        2
2778        2355        1        2
2805        2381        1        2
2831        2408        1        2
2858        2408        1        2
2858        2434        1        2
2884        2461        1        2
2910        2461        1        2
2910        2487        1        2
2937        2487        1        2
2937        2514        1        2
2963        2514        1        2
2963        2540        1        2
2990        2540        1        2
2990        2566        1        2
3016        2566        1        2
3043        2566        1        2
3069        2566        1        2
3069        2593        1        2
3096        2593        1        2
3122        2593        1        2
3149        2593        1        2
3175        2593        1        2
3175        2566        1        2
3201        2566        1        2
3201        2540        1        2
3201        2514        1        2
PEN_UP                  0
PEN_DOWN
1455        1720        1        3
1429        1693        1        3
1402        1693        1        3
1402        1667        1        3
1402        1640        1        3
1402        1667        1        3
1402        1693        1        3
1429        1693        1        3
1429        1720        1        3
1455        1720        1        3
1455        1746        1        3
1482        1746        1        3
1482        1773        1        3
1508        1773        1        3
1535        1773        1        3
1561        1773        1        3
1561        1799        1        3
1588        1799        1        3
1614        1799        1        3
1640        1799        1        3
1667        1799        1        3
1693        1799        1        3
1693        1773        1        3
PEN_UP                  0
END_CHARACTER: ANSR
