CHARACTER_NAME: TR
STROKE_COUNT: 2
  X           Y   STYLUS_STATE STROKE
PEN_DOWN
1138        1111        1        1
1164        1111        1        1
1191        1111        1        1
1217        1138        1        1
1270        1138        1        1
1323        1138        1        1
1376        1138        1        1
1455        1138        1        1
1508        1138        1        1
1588        1138        1        1
1667        1138        1        1
1773        1138        1        1
1852        1138        1        1
1931        1138        1        1
2011        1138        1        1
2090        1138        1        1
2143        1138        1        1
2223        1138        1        1
2275        1164        1        1
2355        1164        1        1
2408        1164        1        1
2461        1164        1        1
2540        1164        1        1
2593        1164        1        1
2646        1164        1        1
2725        1164        1        1
2778        1164        1        1
2831        1164        1        1
2884        1164        1        1
2937        1164        1        1
2990        1164        1        1
3016        1164        1        1
3069        1164        1        1
3096        1164        1        1
3122        1164        1        1
3149        1164        1        1
3122        1138        1        1
PEN_UP                  0
PEN_DOWN
1958        1376        1        2
1931        1376        1        2
1931        1402        1        2
1905        1402        1        2
1905        1376        1        2
1931        1376        1        2
1905        1376        1        2
1905        1402        1        2
1905        1376        1        2
1879        1402        1        2
1852        1376        1        2
1826        1376        1        2
1826        1349        1        2
1826        1323        1        2
1852        1296        1        2
1852        1270        1        2
1879        1270        1        2
1905        1270        1        2
1905        1244        1        2
1931        1244        1        2
1958        1244        1        2
1984        1217        1        2
2011        1217        1        2
2037        1217        1        2
2064        1217        1        2
2090        1217        1        2
2090        1244        1        2
2117        1244        1        2
2143        1270        1        2
2143        1296        1        2
2143        1323        1        2
2143        1349        1        2
2143        1376        1        2
2170        1402        1        2
2143        1429        1        2
2143        1455        1        2
2143        1508        1        2
2143        1535        1        2
2143        1561        1        2
2143        1588        1        2
2143        1614        1        2
2143        1640        1        2
2143        1667        1        2
2143        1720        1        2
2143        1746        1        2
2143        1773        1        2
2143        1799        1        2
2117        1826        1        2
2117        1852        1        2
2117        1879        1        2
2117        1905        1        2
2117        1931        1        2
2117        1958        1        2
2117        1984        1        2
2090        1984        1        2
2090        2011        1        2
2090        2037        1        2
2090        2064        1        2
2090        2090        1        2
2090        2117        1        2
2090        2143        1        2
2064        2170        1        2
2064        2196        1        2
2064        2223        1        2
2064        2249        1        2
2064        2275        1        2
2064        2302        1        2
2064        2328        1        2
2064        2355        1        2
2037        2381        1        2
2037        2408        1        2
2037        2434        1        2
2037        2461        1        2
2011        2461        1        2
2011        2487        1        2
2011        2514        1        2
2011        2540        1        2
2011        2566        1        2
2011        2593        1        2
2037        2593        1        2
2037        2566        1        2
2064        2540        1        2
2064        2514        1        2
2064        2487        1        2
2064        2461        1        2
2037        2434        1        2
2037        2408        1        2
2037        2381        1        2
2011        2355        1        2
2011        2328        1        2
1984        2328        1        2
1984        2302        1        2
1958        2302        1        2
1931        2275        1        2
1905        2275        1        2
1879        2275        1        2
1852        2275        1        2
1799        2275        1        2
1773        2275        1        2
1746        2275        1        2
1720        2275        1        2
1693        2275        1        2
1667        2275        1        2
1640        2275        1        2
1614        2302        1        2
1588        2302        1        2
1588        2328        1        2
1561        2328        1        2
1535        2355        1        2
1535        2381        1        2
1508        2408        1        2
1482        2408        1        2
1455        2434        1        2
1429        2461        1        2
1402        2461        1        2
1376        2487        1        2
1349        2487        1        2
1349        2514        1        2
1323        2514        1        2
1296        2514        1        2
1296        2487        1        2
1270        2487        1        2
1244        2487        1        2
1217        2461        1        2
1164        2461        1        2
1138        2434        1        2
1111        2434        1        2
1085        2408        1        2
1058        2381        1        2
1058        2355        1        2
1032        2328        1        2
1032        2302        1        2
1005        2275        1        2
1005        2249        1        2
1005        2223        1        2
1005        2196        1        2
1005        2170        1        2
1032        2143        1        2
1032        2117        1        2
1032        2090        1        2
1058        2064        1        2
1058        2037        1        2
1085        2011        1        2
1085        1984        1        2
1111        1958        1        2
1138        1931        1        2
1191        1905        1        2
1217        1879        1        2
1244        1852        1        2
1270        1826        1        2
1296        1826        1        2
1323        1799        1        2
1349        1799        1        2
1376        1773        1        2
1402        1773        1        2
1429        1773        1        2
1455        1746        1        2
1482        1746        1        2
1508        1746        1        2
1535        1746        1        2
1561        1746        1        2
1588        1746        1        2
1588        1773        1        2
1614        1773        1        2
1614        1799        1        2
1614        1826        1        2
1614        1852        1        2
1588        1852        1        2
1614        1852        1        2
1640        1826        1        2
1667        1826        1        2
PEN_UP                  0
END_CHARACTER: TR
