CHARACTER_NAME: NTT
STROKE_COUNT: 3
  X           Y   STYLUS_STATE STROKE
PEN_DOWN
 979         979        1        1
1005         979        1        1
1032         979        1        1
1058         979        1        1
1085         979        1        1
1111         979        1        1
1164         979        1        1
1191        1005        1        1
1244        1005        1        1
1296        1005        1        1
1349        1005        1        1
1429        1005        1        1
1482        1005        1        1
1561        1005        1        1
1614        1005        1        1
1693        1032        1        1
1746        1032        1        1
1826        1032        1        1
1905        1032        1        1
1958        1032        1        1
2037        1032        1        1
2117        1032        1        1
2170        1032        1        1
2223        1032        1        1
2302        1032        1        1
2355        1032        1        1
2408        1032        1        1
2487        1032        1        1
2540        1032        1        1
2593        1032        1        1
2672        1032        1        1
2725        1032        1        1
2805        1032        1        1
2858        1032        1        1
2937        1032        1        1
2990        1032        1        1
3043        1032        1        1
3096        1032        1        1
3149        1032        1        1
3175        1032        1        1
3228        1032        1        1
3254        1032        1        1
3281        1032        1        1
3307        1032        1        1
3307        1005        1        1
PEN_UP                  0
PEN_DOWN
1958        1852        1        2
1958        1879        1        2
1931        1879        1        2
1905        1879        1        2
1879        1879        1        2
1852        1852        1        2
1826        1852        1        2
1799        1852        1        2
1799        1826        1        2
1773        1826        1        2
1773        1799        1        2
1746        1799        1        2
1746        1773        1        2
1746        1746        1        2
1746        1720        1        2
1773        1720        1        2
1773        1693        1        2
1773        1667        1        2
1799        1640        1        2
1799        1614        1        2
1826        1614        1        2
1826        1588        1        2
1852        1588        1        2
1852        1561        1        2
1879        1561        1        2
1905        1561        1        2
1931        1535        1        2
1958        1535        1        2
1984        1508        1        2
2011        1508        1        2
2064        1508        1        2
2090        1508        1        2
2117        1482        1        2
2143        1482        1        2
2170        1508        1        2
2196        1508        1        2
2223        1508        1        2
2249        1535        1        2
2275        1561        1        2
2302        1561        1        2
2328        1588        1        2
2355        1614        1        2
2381        1640        1        2
2408        1640        1        2
2434        1667        1        2
2461        1693        1        2
2487        1720        1        2
2487        1746        1        2
2514        1746        1        2
2514        1773        1        2
2540        1799        1        2
2540        1826        1        2
2540        1799        1        2
2566        1799        1        2
2566        1773        1        2
2566        1746        1        2
2566        1720        1        2
2593        1693        1        2
2593        1667        1        2
2593        1614        1        2
2593        1588        1        2
2593        1561        1        2
2593        1535        1        2
2619        1508        1        2
2619        1482        1        2
2619        1455        1        2
2619        1429        1        2
2619        1402        1        2
2619        1376        1        2
2619        1349        1        2
2619        1323        1        2
2619        1296        1        2
2619        1270        1        2
2619        1244        1        2
2619        1217        1        2
2619        1191        1        2
2619        1164        1        2
2619        1138        1        2
2619        1111        1        2
2619        1085        1        2
2619        1058        1        2
2619        1032        1        2
2619        1005        1        2
2593        1005        1        2
2593        1032        1        2
2593        1058        1        2
2566        1058        1        2
2566        1085        1        2
2566        1111        1        2
2566        1138        1        2
2566        1164        1        2
2566        1191        1        2
2566        1217        1        2
2566        1270        1        2
2540        1296        1        2
2540        1323        1        2
2540        1376        1        2
2514        1402        1        2
2514        1429        1        2
2514        1482        1        2
2514        1508        1        2
2487        1535        1        2
2487        1561        1        2
2487        1588        1        2
2487        1614        1        2
2487        1640        1        2
2487        1667        1        2
2487        1693        1        2
2487        1720        1        2
2461        1720        1        2
2461        1746        1        2
2461        1773        1        2
2461        1799        1        2
2461        1826        1        2
2461        1852        1        2
2461        1879        1        2
2461        1905        1        2
2461        1931        1        2
2461        1958        1        2
2461        1984        1        2
2487        1984        1        2
2487        2011        1        2
2487        1984        1        2
2514        1958        1        2
2540        1958        1        2
2540        1931        1        2
2566        1958        1        2
2566        1984        1        2
2540        1958        1        2
2540        1931        1        2
2566        1931        1        2
2566        1905        1        2
2593        1905        1        2
2593        1931        1        2
2619        1931        1        2
2619        1958        1        2
2593        1958        1        2
2566        1958        1        2
2540        1931        1        2
2566        1931        1        2
2566        1905        1        2
2593        1905        1        2
2619        1905        1        2
2619        1931        1        2
2593        1958        1        2
2593        1931        1        2
2619        1931        1        2
2619        1958        1        2
2593        1984        1        2
2593        2011        1        2
2566        2011        1        2
2566        2037        1        2
2540        2037        1        2
2514        2037        1        2
2487        2011        1        2
2487        1984        1        2
2487        1958        1        2
2487        1931        1        2
2514        1905        1        2
2540        1879        1        2
2566        1852        1        2
2593        1852        1        2
2593        1826        1        2
2619        1826        1        2
2646        1826        1        2
2672        1826        1        2
2699        1826        1        2
2725        1826        1        2
2752        1826        1        2
2778        1826        1        2
2805        1852        1        2
2831        1852        1        2
2858        1879        1        2
2884        1905        1        2
2884        1931        1        2
2910        1958        1        2
2910        1984        1        2
2910        2011        1        2
2937        2011        1        2
2937        2037        1        2
2937        2064        1        2
2937        2090        1        2
2937        2117        1        2
2910        2143        1        2
2910        2170        1        2
2910        2196        1        2
2884        2223        1        2
2858        2249        1        2
2858        2302        1        2
PEN_UP                  0
PEN_DOWN
2831        2381        1        3
2805        2381        1        3
2805        2355        1        3
2831        2355        1        3
2831        2328        1        3
2858        2328        1        3
2831        2328        1        3
2831        2355        1        3
2805        2355        1        3
2805        2381        1        3
2778        2408        1        3
2752        2434        1        3
2725        2461        1        3
2699        2487        1        3
2672        2487        1        3
2672        2514        1        3
2646        2514        1        3
2646        2540        1        3
2619        2566        1        3
2593        2566        1        3
2566        2593        1        3
2540        2593        1        3
2514        2593        1        3
2487        2619        1        3
2461        2619        1        3
2434        2619        1        3
2434        2646        1        3
2408        2646        1        3
2381        2646        1        3
2381        2672        1        3
2355        2672        1        3
2328        2672        1        3
2302        2672        1        3
2275        2672        1        3
2249        2672        1        3
2223        2672        1        3
2196        2672        1        3
2170        2672        1        3
2143        2672        1        3
2117        2672        1        3
2090        2672        1        3
2064        2646        1        3
2011        2646        1        3
1984        2646        1        3
1958        2646        1        3
1931        2646        1        3
1905        2619        1        3
1879        2619        1        3
1852        2619        1        3
1826        2619        1        3
1799        2593        1        3
1773        2593        1        3
1746        2593        1        3
1746        2566        1        3
1720        2566        1        3
1693        2540        1        3
1667        2514        1        3
1640        2514        1        3
1614        2487        1        3
1588        2461        1        3
1561        2461        1        3
1535        2434        1        3
1508        2408        1        3
1508        2381        1        3
1482        2381        1        3
1455        2355        1        3
1429        2328        1        3
1429        2302        1        3
1402        2302        1        3
1402        2275        1        3
1376        2275        1        3
1376        2249        1        3
1349        2223        1        3
1323        2223        1        3
1323        2196        1        3
1296        2196        1        3
1296        2170        1        3
1270        2170        1        3
1244        2143        1        3
1217        2117        1        3
1191        2117        1        3
1164        2117        1        3
1138        2090        1        3
1111        2090        1        3
1085        2064        1        3
1058        2064        1        3
1058        2037        1        3
1032        2037        1        3
1005        2037        1        3
1005        2011        1        3
 979        2011        1        3
 953        2011        1        3
 979        2011        1        3
PEN_UP                  0
END_CHARACTER: NTT
