CHARACTER_NAME: BD
STROKE_COUNT: 1
  X           Y   STYLUS_STATE STROKE
PEN_DOWN
1085        1164        1        1
1111        1164        1        1
1138        1164        1        1
1164        1164        1        1
1191        1164        1        1
1217        1164        1        1
1244        1191        1        1
1296        1191        1        1
1349        1191        1        1
1376        1191        1        1
1429        1191        1        1
1508        1191        1        1
1561        1191        1        1
1640        1191        1        1
1720        1191        1        1
1799        1191        1        1
1879        1164        1        1
1931        1164        1        1
2011        1164        1        1
2064        1164        1        1
2117        1164        1        1
2143        1164        1        1
2170        1164        1        1
2196        1164        1        1
2223        1164        1        1
2249        1164        1        1
2275        1164        1        1
2302        1164        1        1
2275        1164        1        1
2249        1191        1        1
2223        1191        1        1
2196        1217        1        1
2170        1244        1        1
2143        1270        1        1
2090        1296        1        1
2064        1323        1        1
2011        1349        1        1
1958        1376        1        1
1905        1429        1        1
1852        1455        1        1
1799        1508        1        1
1746        1561        1        1
1693        1588        1        1
1640        1640        1        1
1588        1667        1        1
1561        1720        1        1
1508        1773        1        1
1482        1799        1        1
1429        1826        1        1
1402        1852        1        1
1402        1879        1        1
1376        1905        1        1
1376        1931        1        1
1349        1958        1        1
1323        1984        1        1
1323        2011        1        1
1323        2037        1        1
1349        2037        1        1
1376        2037        1        1
1402        2037        1        1
1429        2037        1        1
1482        2037        1        1
1535        2037        1        1
1588        2064        1        1
1640        2064        1        1
1693        2064        1        1
1746        2090        1        1
1799        2090        1        1
1826        2090        1        1
1879        2117        1        1
1905        2117        1        1
1931        2117        1        1
1931        2143        1        1
1958        2143        1        1
1984        2170        1        1
2011        2170        1        1
2011        2196        1        1
2037        2196        1        1
2037        2223        1        1
2064        2196        1        1
2064        2170        1        1
2064        2143        1        1
2064        2117        1        1
2064        2090        1        1
2064        2064        1        1
2064        2011        1        1
2064        1984        1        1
2064        1958        1        1
2037        1931        1        1
2037        1905        1        1
2037        1879        1        1
2037        1852        1        1
2037        1826        1        1
2037        1773        1        1
2037        1746        1        1
2037        1720        1        1
2037        1693        1        1
2037        1667        1        1
2037        1640        1        1
2064        1614        1        1
2064        1588        1        1
2090        1561        1        1
2090        1535        1        1
2090        1508        1        1
2090        1482        1        1
2090        1455        1        1
2090        1429        1        1
2117        1429        1        1
2117        1402        1        1
2117        1376        1        1
2117        1349        1        1
2117        1323        1        1
2117        1349        1        1
2117        1376        1        1
2117        1402        1        1
2117        1429        1        1
2117        1455        1        1
2117        1482        1        1
2117        1508        1        1
2117        1535        1        1
2117        1561        1        1
2117        1588        1        1
2090        1614        1        1
2090        1640        1        1
2090        1667        1        1
2090        1693        1        1
2090        1746        1        1
2090        1773        1        1
2090        1799        1        1
2090        1826        1        1
2090        1879        1        1
2090        1905        1        1
2090        1931        1        1
2117        1958        1        1
2117        1984        1        1
2090        2011        1        1
2090        2037        1        1
2090        2064        1        1
2090        2090        1        1
2090        2117        1        1
2064        2143        1        1
2064        2170        1        1
2064        2196        1        1
2064        2223        1        1
2064        2249        1        1
2064        2275        1        1
2064        2302        1        1
2064        2328        1        1
2064        2355        1        1
2064        2381        1        1
2090        2381        1        1
2090        2355        1        1
2117        2355        1        1
2143        2355        1        1
2143        2328        1        1
2170        2302        1        1
2196        2302        1        1
2223        2275        1        1
2249        2223        1        1
2249        2196        1        1
2275        2170        1        1
2302        2143        1        1
2302        2117        1        1
2328        2090        1        1
2355        2064        1        1
2355        2037        1        1
2381        2011        1        1
2381        1984        1        1
2408        1958        1        1
2434        1931        1        1
2434        1905        1        1
2461        1879        1        1
2487        1852        1        1
2514        1826        1        1
2540        1826        1        1
2540        1799        1        1
2566        1799        1        1
2566        1773        1        1
2593        1773        1        1
2619        1773        1        1
2646        1773        1        1
2672        1773        1        1
2672        1799        1        1
2699        1799        1        1
2699        1826        1        1
2699        1852        1        1
2699        1879        1        1
2699        1905        1        1
2699        1931        1        1
2725        1931        1        1
2752        1931        1        1
2805        1958        1        1
2831        1958        1        1
2858        1958        1        1
2884        1958        1        1
2910        1958        1        1
2884        1958        1        1
2858        1958        1        1
2831        1958        1        1
2831        1931        1        1
2805        1931        1        1
2805        1958        1        1
2778        1958        1        1
2778        1984        1        1
2752        1984        1        1
2752        2011        1        1
2752        2037        1        1
2725        2037        1        1
2725        2064        1        1
2725        2090        1        1
2699        2090        1        1
2699        2117        1        1
2672        2143        1        1
2672        2170        1        1
2646        2196        1        1
2646        2223        1        1
2619        2249        1        1
2593        2275        1        1
2593        2302        1        1
2566        2328        1        1
2566        2381        1        1
2566        2408        1        1
2566        2434        1        1
2566        2487        1        1
2566        2514        1        1
2566        2540        1        1
2566        2566        1        1
2566        2619        1        1
2566        2646        1        1
2566        2699        1        1
2566        2725        1        1
2566        2778        1        1
2566        2805        1        1
2566        2858        1        1
2566        2884        1        1
2566        2910        1        1
2566        2963        1        1
2593        2990        1        1
2593        3016        1        1
2593        3043        1        1
2619        3043        1        1
2619        3069        1        1
2619        3096        1        1
2619        3122        1        1
2619        3149        1        1
2646        3175        1        1
2646        3201        1        1
2672        3228        1        1
2672        3254        1        1
2699        3254        1        1
2725        3281        1        1
2752        3281        1        1
2752        3307        1        1
2778        3307        1        1
2805        3307        1        1
2831        3307        1        1
2858        3334        1        1
2884        3334        1        1
2910        3334        1        1
2937        3334        1        1
2963        3334        1        1
2963        3307        1        1
PEN_UP                  0
END_CHARACTER: BD
