CHARACTER_NAME: SM
STROKE_COUNT: 1
  X           Y   STYLUS_STATE STROKE
PEN_DOWN
 741        1005        1        1
 794        1032        1        1
 847        1032        1        1
 900        1032        1        1
 953        1032        1        1
1005        1058        1        1
1058        1085        1        1
1111        1085        1        1
1164        1111        1        1
1191        1138        1        1
1244        1164        1        1
1270        1191        1        1
1323        1217        1        1
1349        1244        1        1
1376        1296        1        1
1402        1323        1        1
1429        1349        1        1
1429        1376        1        1
1455        1402        1        1
1455        1455        1        1
1455        1482        1        1
1455        1508        1        1
1429        1508        1        1
1402        1535        1        1
1402        1561        1        1
1376        1588        1        1
1323        1588        1        1
1296        1588        1        1
1270        1614        1        1
1217        1614        1        1
1191        1614        1        1
1138        1614        1        1
1111        1614        1        1
1085        1614        1        1
1058        1614        1        1
1032        1588        1        1
1005        1588        1        1
1032        1561        1        1
1032        1535        1        1
1032        1508        1        1
1058        1482        1        1
1085        1455        1        1
1111        1455        1        1
1138        1429        1        1
1191        1402        1        1
1217        1402        1        1
1296        1376        1        1
1349        1376        1        1
1402        1376        1        1
1482        1376        1        1
1561        1402        1        1
1614        1402        1        1
1693        1429        1        1
1773        1429        1        1
1826        1455        1        1
1879        1482        1        1
1931        1508        1        1
1984        1535        1        1
2011        1535        1        1
2037        1561        1        1
2064        1588        1        1
2090        1614        1        1
2064        1614        1        1
2064        1640        1        1
2037        1640        1        1
2011        1667        1        1
1958        1667        1        1
1931        1667        1        1
1879        1667        1        1
1852        1667        1        1
1799        1667        1        1
1773        1667        1        1
1746        1640        1        1
1720        1640        1        1
1693        1614        1        1
1667        1614        1        1
1640        1588        1        1
1640        1561        1        1
1640        1535        1        1
1640        1482        1        1
1667        1455        1        1
1693        1402        1        1
1693        1376        1        1
1720        1323        1        1
1746        1270        1        1
1773        1244        1        1
1799        1191        1        1
1799        1164        1        1
1826        1138        1        1
1852        1138        1        1
1879        1111        1        1
1905        1111        1        1
1931        1085        1        1
1958        1085        1        1
2011        1085        1        1
2037        1085        1        1
2064        1085        1        1
2117        1085        1        1
2143        1085        1        1
2170        1085        1        1
2196        1085        1        1
2223        1085        1        1
2249        1111        1        1
2275        1111        1        1
2275        1138        1        1
2302        1138        1        1
2302        1164        1        1
2302        1191        1        1
2302        1217        1        1
2302        1270        1        1
2328        1296        1        1
2328        1349        1        1
2328        1376        1        1
2328        1429        1        1
2302        1482        1        1
2302        1535        1        1
2302        1588        1        1
2302        1640        1        1
2302        1693        1        1
2275        1746        1        1
2275        1799        1        1
2275        1852        1        1
2249        1905        1        1
2249        1931        1        1
2249        1958        1        1
2249        1984        1        1
2249        2011        1        1
2249        2037        1        1
2249        2064        1        1
2275        2064        1        1
2275        2090        1        1
2302        2117        1        1
2328        2143        1        1
2328        2170        1        1
2355        2170        1        1
2355        2196        1        1
2381        2223        1        1
2381        2249        1        1
2381        2275        1        1
2355        2302        1        1
2355        2328        1        1
2355        2355        1        1
2328        2381        1        1
2302        2381        1        1
2249        2408        1        1
2223        2434        1        1
2170        2461        1        1
2143        2461        1        1
2090        2487        1        1
2037        2487        1        1
2011        2487        1        1
1958        2487        1        1
1931        2487        1        1
1905        2487        1        1
1879        2461        1        1
1879        2434        1        1
1852        2408        1        1
1879        2381        1        1
1905        2328        1        1
1931        2302        1        1
1984        2223        1        1
2037        2170        1        1
2117        2117        1        1
2196        2064        1        1
2275        2037        1        1
2328        2011        1        1
2381        2011        1        1
2461        2011        1        1
2514        2037        1        1
2566        2037        1        1
2619        2090        1        1
2672        2117        1        1
2699        2170        1        1
2725        2223        1        1
2778        2249        1        1
2778        2302        1        1
2805        2328        1        1
2805        2381        1        1
2831        2408        1        1
2831        2434        1        1
2831        2408        1        1
2831        2381        1        1
2831        2355        1        1
2831        2302        1        1
2831        2249        1        1
2831        2196        1        1
2831        2117        1        1
2831        2064        1        1
2831        1958        1        1
2831        1879        1        1
2805        1799        1        1
2778        1693        1        1
2752        1588        1        1
2725        1508        1        1
2672        1429        1        1
2646        1349        1        1
2646        1296        1        1
2619        1270        1        1
2593        1244        1        1
2593        1217        1        1
2593        1191        1        1
2566        1217        1        1
2540        1217        1        1
2540        1244        1        1
2566        1244        1        1
2593        1244        1        1
2646        1244        1        1
2725        1244        1        1
2805        1244        1        1
2884        1244        1        1
2990        1244        1        1
3122        1270        1        1
3254        1244        1        1
3387        1244        1        1
3493        1244        1        1
PEN_UP                  0
END_CHARACTER: SM
