CHARACTER_NAME: SSTH
STROKE_COUNT: 4
  X           Y   STYLUS_STATE STROKE
PEN_DOWN
 926         741        1        1
 953         767        1        1
 979         767        1        1
1032         767        1        1
1111         767        1        1
1244         794        1        1
1376         794        1        1
1561         794        1        1
1720         820        1        1
1905         820        1        1
2064         847        1        1
2223         847        1        1
2355         873        1        1
2461         873        1        1
2566         900        1        1
2646         900        1        1
PEN_UP                  0
PEN_DOWN
1588        1058        1        2
1482        1085        1        2
1402        1111        1        2
1323        1164        1        2
1244        1191        1        2
1191        1217        1        2
1138        1270        1        2
1111        1296        1        2
1085        1323        1        2
1085        1349        1        2
1085        1376        1        2
1138        1402        1        2
1164        1429        1        2
1217        1455        1        2
1296        1482        1        2
1376        1508        1        2
1455        1535        1        2
1535        1561        1        2
1614        1561        1        2
1693        1588        1        2
1773        1588        1        2
1852        1588        1        2
1931        1588        1        2
1984        1561        1        2
2037        1535        1        2
2090        1508        1        2
2117        1482        1        2
2143        1455        1        2
2170        1402        1        2
2170        1349        1        2
2170        1323        1        2
2143        1270        1        2
2117        1244        1        2
2090        1217        1        2
PEN_UP                  0
PEN_DOWN
1931        1111        1        3
1931        1085        1        3
1958        1085        1        3
1984        1085        1        3
2011        1085        1        3
2011        1111        1        3
2064        1111        1        3
2090        1138        1        3
2117        1191        1        3
2143        1217        1        3
2143        1270        1        3
2170        1323        1        3
2170        1376        1        3
2143        1455        1        3
2117        1508        1        3
2090        1588        1        3
2037        1640        1        3
1984        1720        1        3
1958        1799        1        3
1905        1852        1        3
1879        1905        1        3
1852        1931        1        3
1826        1984        1        3
1799        2011        1        3
1826        2037        1        3
1879        2064        1        3
1931        2064        1        3
1984        2037        1        3
2064        2037        1        3
2143        2011        1        3
2223        1984        1        3
2302        1958        1        3
2355        1905        1        3
2408        1852        1        3
2461        1799        1        3
2461        1720        1        3
2461        1614        1        3
2408        1535        1        3
2328        1402        1        3
2196        1270        1        3
2064        1164        1        3
1905        1032        1        3
1773         926        1        3
1640         820        1        3
1561         714        1        3
1482         635        1        3
1455         556        1        3
1482         503        1        3
1508         423        1        3
1561         370        1        3
1614         344        1        3
1667         318        1        3
1693         291        1        3
1746         265        1        3
1773         238        1        3
1746         212        1        3
1720         212        1        3
1693         185        1        3
1640         185        1        3
1614         185        1        3
1588         185        1        3
PEN_UP                  0
PEN_DOWN
1482        1191        1        4
1508        1191        1        4
1508        1217        1        4
1535        1217        1        4
1588        1217        1        4
1640        1244        1        4
1693        1244        1        4
1773        1270        1        4
1852        1296        1        4
1931        1323        1        4
PEN_UP                  0
END_CHARACTER: SSTH
