CHARACTER_NAME: SSN
STROKE_COUNT: 3
  X           Y   STYLUS_STATE STROKE
PEN_DOWN
1244        1058        1        1
1270        1058        1        1
1296        1032        1        1
1349        1032        1        1
1402        1032        1        1
1482        1032        1        1
1588        1032        1        1
1693        1032        1        1
1799        1032        1        1
1905        1032        1        1
2011        1032        1        1
2090        1032        1        1
2196        1032        1        1
2249        1032        1        1
2302        1058        1        1
2355        1058        1        1
2408        1058        1        1
PEN_UP                  0
PEN_DOWN
 926        1561        1        2
 926        1588        1        2
 926        1614        1        2
 926        1640        1        2
 953        1667        1        2
 953        1693        1        2
 979        1720        1        2
1005        1720        1        2
1058        1720        1        2
1085        1720        1        2
1164        1720        1        2
1217        1720        1        2
1296        1693        1        2
1376        1693        1        2
1455        1667        1        2
1508        1640        1        2
1588        1640        1        2
1640        1614        1        2
1693        1588        1        2
1720        1588        1        2
1746        1561        1        2
1773        1561        1        2
1799        1535        1        2
1799        1561        1        2
1799        1588        1        2
1799        1614        1        2
1773        1640        1        2
1773        1667        1        2
1773        1693        1        2
1773        1720        1        2
1773        1746        1        2
1773        1773        1        2
1799        1773        1        2
1826        1773        1        2
1879        1746        1        2
1905        1746        1        2
1958        1720        1        2
1984        1693        1        2
2037        1667        1        2
2064        1640        1        2
2117        1640        1        2
2143        1614        1        2
2170        1588        1        2
2223        1561        1        2
2249        1561        1        2
2275        1535        1        2
2328        1508        1        2
2355        1482        1        2
2381        1429        1        2
2408        1402        1        2
2434        1376        1        2
2461        1323        1        2
2461        1296        1        2
2487        1244        1        2
2487        1217        1        2
2487        1191        1        2
2514        1164        1        2
2514        1138        1        2
2514        1111        1        2
PEN_UP                  0
PEN_DOWN
1799        2619        1        3
1799        2593        1        3
1799        2619        1        3
1773        2619        1        3
1746        2619        1        3
1746        2593        1        3
1720        2593        1        3
1693        2593        1        3
1667        2593        1        3
1640        2566        1        3
1640        2540        1        3
1614        2514        1        3
1614        2487        1        3
1614        2461        1        3
1614        2434        1        3
1640        2381        1        3
1667        2355        1        3
1693        2328        1        3
1746        2302        1        3
1773        2275        1        3
1826        2275        1        3
1879        2249        1        3
1931        2249        1        3
1958        2275        1        3
2011        2275        1        3
2064        2302        1        3
2117        2328        1        3
2143        2355        1        3
2196        2408        1        3
2223        2434        1        3
2249        2461        1        3
2275        2514        1        3
2302        2540        1        3
2328        2566        1        3
2328        2593        1        3
2355        2593        1        3
2355        2619        1        3
2355        2593        1        3
2355        2566        1        3
2355        2514        1        3
2355        2434        1        3
2381        2355        1        3
2381        2275        1        3
2381        2170        1        3
2408        2064        1        3
2461        1931        1        3
2487        1826        1        3
2514        1720        1        3
2566        1640        1        3
2593        1561        1        3
2619        1508        1        3
2619        1482        1        3
2619        1455        1        3
PEN_UP                  0
END_CHARACTER: SSN
