CHARACTER_NAME: STH
STROKE_COUNT: 3
  X           Y   STYLUS_STATE STROKE
PEN_DOWN
1773        1640        1        1
1746        1640        1        1
1720        1667        1        1
1693        1693        1        1
1667        1720        1        1
1667        1746        1        1
1640        1799        1        1
1614        1826        1        1
1588        1879        1        1
1588        1905        1        1
1561        1958        1        1
1561        1984        1        1
1561        2011        1        1
1588        2011        1        1
1588        2037        1        1
1614        2037        1        1
1640        2011        1        1
1693        2011        1        1
1720        1984        1        1
1746        1958        1        1
1799        1931        1        1
1826        1931        1        1
1852        1905        1        1
1879        1879        1        1
1879        1905        1        1
1905        1905        1        1
1905        1931        1        1
1931        1958        1        1
1958        2011        1        1
1984        2064        1        1
2037        2090        1        1
2090        2117        1        1
2143        2143        1        1
2223        2170        1        1
2275        2143        1        1
2355        2143        1        1
2408        2090        1        1
2461        2037        1        1
2514        1984        1        1
2540        1931        1        1
2566        1852        1        1
2566        1799        1        1
2566        1720        1        1
2566        1667        1        1
2540        1640        1        1
2540        1588        1        1
2514        1588        1        1
PEN_UP                  0
PEN_DOWN
2064        2249        1        2
2090        2249        1        2
2090        2275        1        2
2117        2275        1        2
2117        2302        1        2
2117        2328        1        2
2117        2355        1        2
2090        2355        1        2
2090        2381        1        2
2064        2408        1        2
2064        2434        1        2
2037        2408        1        2
2011        2408        1        2
2011        2381        1        2
1984        2355        1        2
1984        2328        1        2
1984        2302        1        2
1984        2275        1        2
2011        2249        1        2
2011        2223        1        2
2037        2223        1        2
2064        2196        1        2
2117        2223        1        2
2143        2223        1        2
2170        2249        1        2
2223        2302        1        2
2249        2328        1        2
2275        2381        1        2
2302        2434        1        2
2328        2514        1        2
2328        2566        1        2
2302        2646        1        2
2275        2699        1        2
2249        2752        1        2
2196        2805        1        2
2117        2858        1        2
2037        2910        1        2
1958        2937        1        2
1879        2963        1        2
1773        2963        1        2
1693        2963        1        2
1614        2963        1        2
1561        2937        1        2
1535        2937        1        2
1508        2910        1        2
1535        2884        1        2
1588        2884        1        2
1693        2884        1        2
1773        2884        1        2
1879        2910        1        2
2011        2963        1        2
2117        2990        1        2
2223        3069        1        2
2328        3122        1        2
2434        3175        1        2
2514        3228        1        2
2593        3281        1        2
2672        3334        1        2
2725        3360        1        2
2778        3360        1        2
2805        3360        1        2
2831        3360        1        2
2858        3334        1        2
2910        3307        1        2
2937        3254        1        2
2937        3201        1        2
2963        3122        1        2
PEN_UP                  0
PEN_DOWN
1455        1508        1        3
1482        1482        1        3
1561        1482        1        3
1667        1482        1        3
1799        1455        1        3
1958        1482        1        3
2143        1482        1        3
2355        1482        1        3
PEN_UP                  0
END_CHARACTER: STH
