CHARACTER_NAME: DGH
STROKE_COUNT: 4
  X           Y   STYLUS_STATE STROKE
PEN_DOWN
1482        1535        1        1
1482        1508        1        1
1508        1508        1        1
1482        1508        1        1
1482        1535        1        1
1482        1561        1        1
1482        1614        1        1
1455        1667        1        1
1429        1720        1        1
1402        1773        1        1
1402        1852        1        1
1376        1931        1        1
1349        2011        1        1
1349        2090        1        1
1323        2170        1        1
1323        2223        1        1
1296        2275        1        1
1296        2328        1        1
1296        2355        1        1
1296        2381        1        1
1323        2381        1        1
1323        2355        1        1
1376        2328        1        1
1402        2302        1        1
1455        2275        1        1
1482        2223        1        1
1561        2170        1        1
1614        2117        1        1
1667        2064        1        1
1720        2011        1        1
1773        1958        1        1
1826        1905        1        1
1879        1879        1        1
1905        1852        1        1
1931        1826        1        1
1958        1799        1        1
1984        1799        1        1
2011        1799        1        1
2037        1799        1        1
2064        1826        1        1
2090        1879        1        1
2090        1931        1        1
2117        2011        1        1
2143        2090        1        1
2143        2170        1        1
2170        2275        1        1
2170        2355        1        1
2170        2434        1        1
2196        2514        1        1
2223        2593        1        1
2223        2646        1        1
2249        2699        1        1
2302        2725        1        1
2381        2725        1        1
2487        2725        1        1
2566        2699        1        1
2672        2672        1        1
PEN_UP                  0
PEN_DOWN
1905        1349        1        2
1879        1349        1        2
1879        1323        1        2
1905        1323        1        2
1958        1296        1        2
2011        1296        1        2
2090        1296        1        2
2196        1296        1        2
2275        1296        1        2
PEN_UP                  0
PEN_DOWN
1376        1376        1        3
1402        1349        1        3
1429        1349        1        3
1455        1323        1        3
1535        1323        1        3
1614        1296        1        3
1720        1296        1        3
1826        1296        1        3
1931        1296        1        3
2037        1270        1        3
PEN_UP                  0
PEN_DOWN
2408        1402        1        4
2408        1376        1        4
2381        1376        1        4
2355        1376        1        4
2328        1376        1        4
2302        1402        1        4
2275        1429        1        4
2223        1455        1        4
2196        1482        1        4
2143        1535        1        4
2117        1561        1        4
2090        1588        1        4
2064        1640        1        4
2064        1667        1        4
2064        1693        1        4
2090        1720        1        4
2117        1746        1        4
2170        1773        1        4
2249        1773        1        4
2328        1799        1        4
2408        1773        1        4
2514        1773        1        4
2593        1773        1        4
2646        1773        1        4
2699        1773        1        4
2725        1773        1        4
2752        1773        1        4
2778        1773        1        4
2752        1746        1        4
2725        1746        1        4
2699        1773        1        4
2672        1773        1        4
2646        1773        1        4
2593        1799        1        4
2566        1826        1        4
2540        1852        1        4
2487        1879        1        4
2461        1905        1        4
2434        1931        1        4
2408        1958        1        4
2408        1984        1        4
2381        1984        1        4
2381        2011        1        4
2408        2037        1        4
2434        2037        1        4
2461        2064        1        4
2487        2064        1        4
2514        2090        1        4
2540        2117        1        4
2540        2143        1        4
2540        2196        1        4
2540        2223        1        4
2514        2249        1        4
2514        2275        1        4
2514        2302        1        4
2540        2328        1        4
2540        2355        1        4
2566        2355        1        4
2619        2381        1        4
2672        2408        1        4
2725        2408        1        4
2805        2434        1        4
2858        2434        1        4
2937        2434        1        4
2990        2461        1        4
3069        2461        1        4
3096        2461        1        4
3149        2487        1        4
3175        2487        1        4
3201        2487        1        4
3228        2487        1        4
3254        2487        1        4
3254        2461        1        4
3254        2434        1        4
3254        2408        1        4
3254        2355        1        4
3228        2302        1        4
3228        2223        1        4
3228        2143        1        4
3201        2037        1        4
3201        1931        1        4
3175        1852        1        4
3149        1746        1        4
3149        1667        1        4
3149        1588        1        4
3122        1508        1        4
3122        1455        1        4
3096        1402        1        4
3096        1376        1        4
3096        1349        1        4
3069        1349        1        4
3043        1349        1        4
3016        1376        1        4
2990        1376        1        4
2963        1376        1        4
2937        1402        1        4
2910        1402        1        4
2884        1402        1        4
2858        1429        1        4
2831        1429        1        4
2805        1429        1        4
2805        1402        1        4
2831        1402        1        4
2858        1376        1        4
2910        1376        1        4
2990        1349        1        4
3069        1349        1        4
3175        1349        1        4
3254        1323        1        4
3360        1349        1        4
3440        1323        1        4
PEN_UP                  0
END_CHARACTER: DGH
