CHARACTER_NAME: GGN
STROKE_COUNT: 3
  X           Y   STYLUS_STATE STROKE
PEN_DOWN
2249        1244        1        1
2249        1217        1        1
2275        1217        1        1
2249        1217        1        1
2223        1244        1        1
2196        1270        1        1
2170        1296        1        1
2143        1349        1        1
2090        1402        1        1
2064        1429        1        1
2011        1482        1        1
1958        1535        1        1
1931        1588        1        1
1905        1614        1        1
1879        1640        1        1
1879        1693        1        1
1852        1693        1        1
1879        1720        1        1
1879        1746        1        1
1931        1746        1        1
1958        1746        1        1
2011        1746        1        1
2090        1746        1        1
2143        1720        1        1
2196        1720        1        1
2275        1720        1        1
2328        1720        1        1
2381        1720        1        1
2408        1720        1        1
2434        1720        1        1
2461        1746        1        1
2487        1773        1        1
2487        1799        1        1
2461        1852        1        1
2434        1879        1        1
2381        1931        1        1
2328        1984        1        1
2249        2037        1        1
2170        2064        1        1
2064        2117        1        1
1958        2143        1        1
1852        2143        1        1
1720        2170        1        1
1614        2143        1        1
1508        2117        1        1
1376        2090        1        1
1296        2037        1        1
1191        1984        1        1
1138        1931        1        1
1058        1879        1        1
1005        1826        1        1
 979        1746        1        1
 953        1693        1        1
 926        1640        1        1
 900        1588        1        1
 900        1561        1        1
 900        1535        1        1
 900        1508        1        1
 873        1508        1        1
 873        1535        1        1
 873        1561        1        1
 900        1588        1        1
PEN_UP                  0
PEN_DOWN
2302        1191        1        2
2302        1217        1        2
2302        1244        1        2
2302        1270        1        2
2302        1296        1        2
2302        1323        1        2
2302        1349        1        2
2302        1376        1        2
2302        1402        1        2
2302        1429        1        2
2275        1455        1        2
2275        1482        1        2
2275        1508        1        2
2275        1535        1        2
2275        1561        1        2
2275        1588        1        2
2275        1614        1        2
2302        1588        1        2
2328        1561        1        2
2355        1561        1        2
2355        1535        1        2
2381        1535        1        2
2408        1508        1        2
2434        1508        1        2
2461        1508        1        2
2514        1482        1        2
2540        1482        1        2
2566        1482        1        2
2619        1508        1        2
2646        1508        1        2
2699        1508        1        2
2725        1535        1        2
2752        1535        1        2
2778        1561        1        2
2805        1588        1        2
2805        1614        1        2
2831        1640        1        2
2805        1667        1        2
2805        1693        1        2
2778        1693        1        2
2752        1720        1        2
2725        1720        1        2
2699        1720        1        2
2672        1720        1        2
2646        1720        1        2
2619        1720        1        2
2593        1720        1        2
2566        1693        1        2
2566        1667        1        2
2593        1667        1        2
2619        1640        1        2
2672        1640        1        2
2725        1640        1        2
2805        1640        1        2
2884        1667        1        2
2937        1667        1        2
3016        1693        1        2
3069        1720        1        2
3096        1746        1        2
3149        1799        1        2
3149        1826        1        2
3149        1852        1        2
3149        1905        1        2
3122        1931        1        2
3069        1958        1        2
2990        1984        1        2
2910        1984        1        2
2805        1984        1        2
2725        1984        1        2
2619        1958        1        2
2540        1958        1        2
2461        1931        1        2
2408        1905        1        2
2355        1879        1        2
2328        1879        1        2
2302        1852        1        2
2275        1826        1        2
PEN_UP                  0
PEN_DOWN
1244        1138        1        3
1270        1111        1        3
1296        1111        1        3
1349        1111        1        3
1455        1085        1        3
1614        1085        1        3
1773        1085        1        3
1984        1085        1        3
2196        1085        1        3
2408        1111        1        3
2619        1111        1        3
2805        1111        1        3
2963        1138        1        3
3122        1138        1        3
PEN_UP                  0
END_CHARACTER: GGN
