CHARACTER_NAME: NGKH
STROKE_COUNT: 3
  X           Y   STYLUS_STATE STROKE
PEN_DOWN
 661         820        1        1
 635         820        1        1
 661         820        1        1
 661         847        1        1
 661         873        1        1
 688         900        1        1
 714         900        1        1
 741         926        1        1
 767         926        1        1
 794         953        1        1
 820         953        1        1
 873         953        1        1
 926         953        1        1
 979         953        1        1
1032         926        1        1
1085         926        1        1
1138         900        1        1
1191         900        1        1
1244         873        1        1
1296         847        1        1
1349         820        1        1
1376         794        1        1
1402         767        1        1
1402         714        1        1
1402         688        1        1
1402         635        1        1
1402         582        1        1
1376         556        1        1
1376         529        1        1
1349         503        1        1
1323         476        1        1
1296         450        1        1
1270         450        1        1
1244         450        1        1
1217         476        1        1
1217         503        1        1
1191         556        1        1
1164         582        1        1
1164         609        1        1
1164         661        1        1
1138         714        1        1
1138         767        1        1
1111         820        1        1
1111         900        1        1
1111         953        1        1
1111        1032        1        1
1085        1111        1        1
1085        1164        1        1
1085        1244        1        1
1058        1323        1        1
1058        1376        1        1
1058        1455        1        1
1085        1508        1        1
1085        1561        1        1
1085        1588        1        1
1111        1640        1        1
1111        1667        1        1
1138        1667        1        1
1164        1693        1        1
1191        1693        1        1
1217        1720        1        1
1270        1720        1        1
1296        1720        1        1
1323        1720        1        1
1376        1720        1        1
1429        1693        1        1
1455        1693        1        1
1508        1667        1        1
1535        1667        1        1
1588        1640        1        1
1614        1640        1        1
1640        1614        1        1
1667        1614        1        1
1693        1614        1        1
1693        1640        1        1
1693        1667        1        1
1693        1693        1        1
1667        1720        1        1
1667        1746        1        1
1640        1773        1        1
1640        1799        1        1
1614        1826        1        1
1561        1852        1        1
1535        1879        1        1
1482        1905        1        1
1429        1931        1        1
1376        1958        1        1
1323        1958        1        1
1244        1984        1        1
1191        1984        1        1
1111        1984        1        1
1058        1984        1        1
 979        1984        1        1
 900        1958        1        1
 847        1931        1        1
 767        1905        1        1
 714        1879        1        1
 661        1852        1        1
 635        1799        1        1
 582        1773        1        1
 556        1746        1        1
 529        1693        1        1
 503        1667        1        1
 503        1640        1        1
 476        1640        1        1
 476        1614        1        1
 476        1640        1        1
PEN_UP                  0
PEN_DOWN
1773         820        1        2
1746         847        1        2
1746         873        1        2
1773         873        1        2
1773         900        1        2
1773         926        1        2
1799         953        1        2
1799         979        1        2
1826        1005        1        2
1852        1032        1        2
1879        1058        1        2
1905        1085        1        2
1931        1111        1        2
1958        1164        1        2
1984        1191        1        2
1984        1217        1        2
2011        1244        1        2
2011        1270        1        2
2011        1323        1        2
2037        1349        1        2
2037        1376        1        2
2011        1429        1        2
2011        1455        1        2
2011        1482        1        2
1984        1508        1        2
1958        1535        1        2
1931        1535        1        2
1905        1535        1        2
1879        1561        1        2
1852        1561        1        2
1826        1535        1        2
1799        1535        1        2
1773        1535        1        2
1746        1508        1        2
1720        1482        1        2
1720        1455        1        2
1746        1429        1        2
1773        1429        1        2
1799        1402        1        2
1826        1402        1        2
1879        1402        1        2
1905        1402        1        2
1958        1402        1        2
1984        1402        1        2
2011        1429        1        2
2037        1429        1        2
2064        1455        1        2
2090        1455        1        2
2117        1482        1        2
2117        1508        1        2
2143        1508        1        2
2143        1535        1        2
2143        1561        1        2
2170        1561        1        2
2170        1588        1        2
2143        1588        1        2
2143        1614        1        2
2143        1640        1        2
2117        1667        1        2
2117        1693        1        2
2090        1693        1        2
2090        1720        1        2
2064        1720        1        2
2064        1746        1        2
2037        1746        1        2
2037        1773        1        2
2011        1773        1        2
1984        1799        1        2
1958        1799        1        2
1931        1799        1        2
1905        1799        1        2
1879        1799        1        2
1852        1799        1        2
1852        1773        1        2
1852        1746        1        2
1879        1720        1        2
1905        1693        1        2
1931        1693        1        2
1958        1667        1        2
1984        1667        1        2
2011        1640        1        2
2037        1640        1        2
2064        1640        1        2
2090        1667        1        2
2117        1667        1        2
2143        1667        1        2
2143        1693        1        2
2170        1693        1        2
2196        1693        1        2
2223        1720        1        2
2223        1746        1        2
2249        1746        1        2
2275        1773        1        2
2275        1799        1        2
2302        1799        1        2
2302        1826        1        2
2328        1826        1        2
2328        1852        1        2
2355        1879        1        2
2355        1905        1        2
2355        1931        1        2
2355        1958        1        2
2355        1931        1        2
2355        1905        1        2
2355        1879        1        2
2355        1852        1        2
2355        1826        1        2
2355        1773        1        2
2355        1720        1        2
2355        1640        1        2
2355        1561        1        2
2381        1482        1        2
2381        1376        1        2
2408        1270        1        2
2408        1138        1        2
2408        1058        1        2
2434         953        1        2
2434         873        1        2
2434         820        1        2
2434         767        1        2
2434         714        1        2
2408         714        1        2
2381         688        1        2
2355         714        1        2
2328         714        1        2
2275         741        1        2
2249         767        1        2
2223         794        1        2
2196         820        1        2
2170         873        1        2
2143         900        1        2
2143         953        1        2
2143         979        1        2
2170        1032        1        2
2170        1058        1        2
2196        1085        1        2
2249        1111        1        2
2302        1138        1        2
2355        1164        1        2
2381        1191        1        2
2434        1191        1        2
2487        1217        1        2
2540        1244        1        2
2593        1270        1        2
2619        1323        1        2
2646        1349        1        2
2672        1376        1        2
2672        1429        1        2
2699        1455        1        2
2699        1482        1        2
2672        1508        1        2
2672        1535        1        2
2646        1535        1        2
2619        1561        1        2
2593        1561        1        2
2566        1561        1        2
2540        1535        1        2
2514        1535        1        2
2487        1535        1        2
2487        1508        1        2
2461        1508        1        2
2461        1482        1        2
2434        1482        1        2
2434        1508        1        2
PEN_UP                  0
PEN_DOWN
1640         741        1        3
1614         714        1        3
1588         714        1        3
1640         714        1        3
1693         714        1        3
1799         714        1        3
1905         714        1        3
2064         714        1        3
2223         741        1        3
2408         741        1        3
2566         741        1        3
PEN_UP                  0
END_CHARACTER: NGKH
