CHARACTER_NAME: DHRR
STROKE_COUNT: 5
  X           Y   STYLUS_STATE STROKE
PEN_DOWN
2619        1085        1        1
2646        1085        1        1
2672        1085        1        1
2672        1058        1        1
2646        1085        1        1
2619        1111        1        1
2540        1138        1        1
2487        1191        1        1
2381        1244        1        1
2302        1296        1        1
2170        1376        1        1
2064        1429        1        1
1931        1508        1        1
1799        1588        1        1
1693        1640        1        1
1614        1693        1        1
1535        1746        1        1
1508        1773        1        1
1455        1799        1        1
1429        1799        1        1
1455        1826        1        1
1482        1826        1        1
1508        1826        1        1
1588        1826        1        1
1667        1826        1        1
1746        1826        1        1
1826        1826        1        1
1879        1826        1        1
1958        1826        1        1
2011        1852        1        1
2090        1852        1        1
2117        1852        1        1
2170        1879        1        1
2196        1905        1        1
2249        1931        1        1
2275        1958        1        1
2302        1984        1        1
2328        2011        1        1
2328        2037        1        1
2355        2037        1        1
2381        2011        1        1
2381        1984        1        1
2408        1958        1        1
2408        1905        1        1
2408        1852        1        1
2381        1799        1        1
2381        1720        1        1
2381        1640        1        1
2355        1535        1        1
2381        1455        1        1
2381        1349        1        1
2381        1296        1        1
2408        1217        1        1
2408        1191        1        1
2434        1164        1        1
2434        1138        1        1
PEN_UP                  0
PEN_DOWN
2143        1323        1        2
2170        1323        1        2
2143        1349        1        2
2117        1376        1        2
2064        1376        1        2
2011        1376        1        2
1958        1402        1        2
1879        1376        1        2
1773        1376        1        2
1693        1376        1        2
1588        1349        1        2
1508        1323        1        2
1455        1270        1        2
1376        1244        1        2
1349        1191        1        2
1323        1164        1        2
1296        1111        1        2
1323        1058        1        2
1323        1005        1        2
1349         953        1        2
1402         926        1        2
1429         900        1        2
1455         873        1        2
1482         847        1        2
1508         847        1        2
1535         847        1        2
1561         873        1        2
1561         900        1        2
1588         926        1        2
1588         953        1        2
1588         979        1        2
PEN_UP                  0
PEN_DOWN
PEN_UP                  0
2328        1931        1        3
PEN_DOWN
2381        2143        1        4
2381        2170        1        4
2381        2196        1        4
2381        2223        1        4
2381        2249        1        4
2381        2275        1        4
2381        2302        1        4
2381        2328        1        4
2381        2355        1        4
2355        2355        1        4
2355        2381        1        4
2355        2408        1        4
2355        2381        1        4
2328        2355        1        4
2302        2355        1        4
2302        2328        1        4
2249        2302        1        4
2223        2302        1        4
2170        2275        1        4
2117        2275        1        4
2037        2302        1        4
1958        2302        1        4
1852        2328        1        4
1746        2355        1        4
1667        2355        1        4
1561        2381        1        4
1482        2381        1        4
1402        2408        1        4
1323        2408        1        4
1244        2381        1        4
1191        2381        1        4
1138        2355        1        4
1085        2328        1        4
1058        2302        1        4
1005        2249        1        4
 979        2196        1        4
 953        2143        1        4
 926        2090        1        4
 926        2011        1        4
 926        1958        1        4
 926        1905        1        4
 926        1852        1        4
 926        1826        1        4
 953        1773        1        4
PEN_UP                  0
PEN_DOWN
2461        1111        1        5
2487        1111        1        5
2540        1111        1        5
2593        1111        1        5
2672        1111        1        5
2752        1111        1        5
2858        1138        1        5
2963        1138        1        5
3069        1138        1        5
PEN_UP                  0
END_CHARACTER: DHRR
