CHARACTER_NAME: DSR
STROKE_COUNT: 4
  X           Y   STYLUS_STATE STROKE
PEN_DOWN
1376        1058        1        1
1349        1085        1        1
1323        1111        1        1
1296        1138        1        1
1296        1164        1        1
1270        1217        1        1
1244        1244        1        1
1244        1270        1        1
1217        1323        1        1
1217        1349        1        1
1244        1376        1        1
1244        1402        1        1
1270        1429        1        1
1323        1429        1        1
1376        1455        1        1
1429        1482        1        1
1482        1482        1        1
1535        1508        1        1
1588        1508        1        1
1640        1535        1        1
1667        1561        1        1
1720        1588        1        1
1746        1588        1        1
1746        1614        1        1
1773        1667        1        1
1773        1693        1        1
1773        1720        1        1
1746        1746        1        1
1720        1799        1        1
1693        1826        1        1
1667        1852        1        1
1614        1879        1        1
1588        1931        1        1
1535        1931        1        1
1455        1958        1        1
1402        1984        1        1
1349        1984        1        1
1296        1984        1        1
1244        1984        1        1
1191        1984        1        1
1164        1958        1        1
1138        1958        1        1
1111        1958        1        1
1085        1931        1        1
1058        1931        1        1
1058        1905        1        1
PEN_UP                  0
PEN_DOWN
1746        1746        1        2
1746        1720        1        2
1746        1693        1        2
1746        1667        1        2
1746        1640        1        2
1773        1640        1        2
1799        1614        1        2
1826        1614        1        2
1879        1588        1        2
1931        1588        1        2
1984        1614        1        2
2037        1614        1        2
2090        1640        1        2
2143        1667        1        2
2196        1693        1        2
2249        1720        1        2
2302        1773        1        2
2328        1799        1        2
2381        1852        1        2
2408        1879        1        2
2434        1931        1        2
2461        1958        1        2
2461        1984        1        2
2461        2011        1        2
2487        2037        1        2
2487        2064        1        2
2461        2064        1        2
2461        2037        1        2
2434        2037        1        2
2434        2011        1        2
2408        1958        1        2
2408        1931        1        2
2381        1879        1        2
2355        1826        1        2
2328        1773        1        2
2328        1693        1        2
2302        1614        1        2
2275        1561        1        2
2275        1482        1        2
2249        1402        1        2
2249        1323        1        2
2223        1244        1        2
2223        1191        1        2
2223        1138        1        2
2196        1085        1        2
PEN_UP                  0
PEN_DOWN
1323        1005        1        3
1270        1005        1        3
1244        1005        1        3
1217        1005        1        3
1191        1005        1        3
1217        1005        1        3
1244        1005        1        3
1323        1005        1        3
1402        1005        1        3
1508        1032        1        3
1640        1032        1        3
1799        1032        1        3
1958        1058        1        3
2117        1058        1        3
2275        1058        1        3
2408        1058        1        3
2514        1085        1        3
PEN_UP                  0
PEN_DOWN
2514        2011        1        4
2514        2037        1        4
2514        2064        1        4
2514        2090        1        4
2514        2117        1        4
2514        2143        1        4
2514        2170        1        4
2514        2223        1        4
2514        2249        1        4
2514        2302        1        4
2514        2328        1        4
2514        2355        1        4
2514        2381        1        4
2514        2408        1        4
2540        2434        1        4
2540        2461        1        4
2540        2487        1        4
2514        2487        1        4
2514        2461        1        4
2487        2434        1        4
2461        2434        1        4
2408        2434        1        4
2381        2434        1        4
2302        2461        1        4
2249        2487        1        4
2170        2487        1        4
2090        2514        1        4
2011        2540        1        4
1931        2566        1        4
1852        2593        1        4
1799        2619        1        4
1746        2619        1        4
1693        2619        1        4
1640        2646        1        4
1588        2619        1        4
1535        2619        1        4
1482        2593        1        4
1429        2566        1        4
1376        2540        1        4
1323        2487        1        4
1270        2434        1        4
1217        2381        1        4
1191        2302        1        4
1164        2249        1        4
1164        2196        1        4
1138        2117        1        4
1164        2090        1        4
1164        2037        1        4
1191        2011        1        4
PEN_UP                  0
END_CHARACTER: DSR
