CHARACTER_NAME: NIYA
STROKE_COUNT: 2
  X           Y   STYLUS_STATE STROKE
PEN_DOWN
1693        1588        1        1
1693        1614        1        1
1667        1614        1        1
1667        1640        1        1
1640        1640        1        1
1614        1614        1        1
1640        1588        1        1
1640        1561        1        1
1667        1535        1        1
1667        1508        1        1
1693        1508        1        1
1720        1482        1        1
1746        1455        1        1
1773        1455        1        1
1826        1429        1        1
1852        1429        1        1
1905        1429        1        1
1958        1402        1        1
1984        1429        1        1
2037        1429        1        1
2090        1429        1        1
2117        1455        1        1
2170        1482        1        1
2223        1508        1        1
2249        1561        1        1
2302        1588        1        1
2328        1640        1        1
2381        1693        1        1
2408        1773        1        1
2434        1852        1        1
2461        1931        1        1
2487        2011        1        1
2514        2117        1        1
2514        2196        1        1
2514        2302        1        1
2540        2381        1        1
2540        2487        1        1
2540        2566        1        1
2540        2672        1        1
2540        2752        1        1
2540        2831        1        1
2540        2910        1        1
2514        2990        1        1
2514        3043        1        1
2514        3096        1        1
2514        3149        1        1
2514        3175        1        1
2514        3201        1        1
2514        3228        1        1
2540        3228        1        1
2566        3228        1        1
2566        3201        1        1
2566        3175        1        1
2593        3149        1        1
2593        3122        1        1
2593        3096        1        1
2593        3069        1        1
2566        3016        1        1
2566        2990        1        1
2540        2937        1        1
2540        2884        1        1
2514        2858        1        1
2487        2831        1        1
2434        2778        1        1
2408        2752        1        1
2355        2725        1        1
2302        2699        1        1
2249        2699        1        1
2196        2672        1        1
2170        2672        1        1
2117        2672        1        1
2064        2699        1        1
2011        2699        1        1
1931        2725        1        1
1879        2778        1        1
1826        2805        1        1
1773        2858        1        1
1720        2884        1        1
1667        2937        1        1
1614        2963        1        1
1561        2990        1        1
1508        3016        1        1
1455        3043        1        1
1402        3069        1        1
1349        3069        1        1
1296        3069        1        1
1244        3069        1        1
1191        3069        1        1
1138        3043        1        1
1111        3043        1        1
1058        3016        1        1
1032        2990        1        1
1005        2963        1        1
 979        2910        1        1
 953        2884        1        1
 926        2831        1        1
 900        2778        1        1
 873        2752        1        1
 847        2699        1        1
 847        2672        1        1
 820        2646        1        1
 794        2593        1        1
 794        2566        1        1
 767        2540        1        1
 767        2514        1        1
 767        2487        1        1
 741        2487        1        1
 767        2487        1        1
 794        2487        1        1
 820        2514        1        1
PEN_UP                  0
PEN_DOWN
2461        1746        1        2
2461        1720        1        2
2461        1693        1        2
2487        1693        1        2
2487        1667        1        2
2514        1667        1        2
2514        1640        1        2
2540        1640        1        2
2566        1640        1        2
2619        1614        1        2
2646        1614        1        2
2699        1640        1        2
2778        1640        1        2
2831        1640        1        2
2884        1640        1        2
2937        1640        1        2
2963        1667        1        2
3016        1667        1        2
3043        1693        1        2
3069        1693        1        2
3096        1720        1        2
3096        1746        1        2
3096        1773        1        2
3069        1799        1        2
3069        1826        1        2
3016        1852        1        2
2990        1879        1        2
2963        1905        1        2
2910        1905        1        2
2884        1931        1        2
2858        1931        1        2
2805        1958        1        2
2778        1958        1        2
2752        1958        1        2
2778        1958        1        2
2805        1958        1        2
2831        1958        1        2
2858        1958        1        2
2910        1958        1        2
2937        1958        1        2
2990        1984        1        2
3043        1984        1        2
3069        1984        1        2
3096        2011        1        2
3122        2011        1        2
3149        2037        1        2
3175        2064        1        2
3175        2090        1        2
3175        2117        1        2
3201        2143        1        2
3201        2170        1        2
3175        2196        1        2
3175        2223        1        2
3175        2249        1        2
3149        2302        1        2
3149        2328        1        2
3122        2355        1        2
3096        2381        1        2
3069        2408        1        2
3016        2434        1        2
2990        2434        1        2
2963        2461        1        2
2910        2487        1        2
2858        2487        1        2
2831        2514        1        2
2778        2514        1        2
2725        2540        1        2
2672        2540        1        2
2646        2540        1        2
2619        2514        1        2
2593        2514        1        2
2566        2514        1        2
2540        2487        1        2
2540        2461        1        2
2514        2461        1        2
2514        2434        1        2
2514        2408        1        2
2514        2381        1        2
2514        2408        1        2
PEN_UP                  0
END_CHARACTER: NIYA
