CHARACTER_NAME: MXA
STROKE_COUNT: 4
  X           Y   STYLUS_STATE STROKE
PEN_DOWN
 741         820        1        1
 767         820        1        1
 794         820        1        1
 820         820        1        1
 873         820        1        1
 900         820        1        1
 953         820        1        1
1032         820        1        1
1111         820        1        1
1191         820        1        1
1270         820        1        1
1349         820        1        1
1455         820        1        1
1561         820        1        1
1667         820        1        1
1773         820        1        1
1879         820        1        1
1984         820        1        1
2090         820        1        1
2196         820        1        1
2302         820        1        1
2381         820        1        1
2487         820        1        1
2593         820        1        1
2699         820        1        1
2805         820        1        1
2884         820        1        1
2963         820        1        1
3043         820        1        1
3096         820        1        1
3149         820        1        1
3175         820        1        1
3201         820        1        1
3228         820        1        1
3254         820        1        1
PEN_UP                  0
PEN_DOWN
1323         847        1        2
1296         847        1        2
1270         847        1        2
1244         847        1        2
PEN_UP                  0
PEN_DOWN
1138         847        1        3
1164         847        1        3
1164         873        1        3
1191         873        1        3
1217         900        1        3
1244         900        1        3
1296         926        1        3
1323         926        1        3
1376         953        1        3
1429         953        1        3
1482         979        1        3
1535        1005        1        3
1588        1032        1        3
1640        1058        1        3
1693        1058        1        3
1746        1085        1        3
1773        1111        1        3
1826        1111        1        3
1852        1138        1        3
1905        1164        1        3
1931        1164        1        3
1958        1191        1        3
1984        1217        1        3
2011        1217        1        3
2037        1244        1        3
2064        1270        1        3
2090        1270        1        3
2117        1296        1        3
2170        1296        1        3
2196        1323        1        3
2223        1323        1        3
2249        1349        1        3
2275        1349        1        3
2302        1349        1        3
2328        1349        1        3
2355        1376        1        3
2381        1376        1        3
2381        1402        1        3
2355        1402        1        3
2328        1402        1        3
2302        1402        1        3
2275        1429        1        3
2223        1429        1        3
2170        1455        1        3
2143        1482        1        3
2090        1508        1        3
2037        1535        1        3
1984        1561        1        3
1931        1588        1        3
1879        1614        1        3
1826        1640        1        3
1799        1640        1        3
1773        1667        1        3
1720        1693        1        3
1693        1693        1        3
1693        1720        1        3
1667        1720        1        3
1640        1746        1        3
1614        1746        1        3
1640        1746        1        3
1640        1773        1        3
1667        1773        1        3
1693        1773        1        3
1720        1799        1        3
1746        1799        1        3
1799        1799        1        3
1826        1826        1        3
1879        1826        1        3
1931        1852        1        3
1984        1852        1        3
2037        1852        1        3
2090        1879        1        3
2143        1879        1        3
2196        1879        1        3
2249        1905        1        3
2302        1905        1        3
2381        1931        1        3
2434        1958        1        3
2514        1958        1        3
2566        1984        1        3
2646        2011        1        3
2699        2037        1        3
2778        2064        1        3
2831        2117        1        3
2858        2143        1        3
2910        2170        1        3
2937        2223        1        3
2990        2249        1        3
3016        2275        1        3
3043        2302        1        3
3043        2355        1        3
3069        2381        1        3
3096        2408        1        3
3096        2434        1        3
3122        2434        1        3
3122        2461        1        3
3122        2434        1        3
3096        2408        1        3
3096        2381        1        3
3096        2355        1        3
3069        2302        1        3
3043        2249        1        3
3043        2170        1        3
3016        2117        1        3
2990        2037        1        3
2963        1958        1        3
2963        1879        1        3
2937        1773        1        3
2937        1693        1        3
2963        1588        1        3
2963        1482        1        3
2963        1376        1        3
2990        1244        1        3
3016        1138        1        3
3016        1058        1        3
3043         979        1        3
3043         900        1        3
3043         873        1        3
3069         820        1        3
3069         794        1        3
3069         767        1        3
3043         767        1        3
3043         794        1        3
3016         820        1        3
2990         820        1        3
2990         847        1        3
2963         847        1        3
PEN_UP                  0
PEN_DOWN
2275        1349        1        4
2302        1323        1        4
2302        1296        1        4
2328        1296        1        4
2355        1296        1        4
2381        1296        1        4
2408        1323        1        4
2434        1323        1        4
2487        1323        1        4
2514        1349        1        4
2566        1349        1        4
2646        1376        1        4
2699        1402        1        4
2752        1402        1        4
2831        1429        1        4
2884        1429        1        4
2937        1455        1        4
2990        1455        1        4
3043        1482        1        4
3096        1482        1        4
3149        1508        1        4
3175        1508        1        4
3201        1508        1        4
3228        1535        1        4
3228        1508        1        4
3201        1508        1        4
PEN_UP                  0
END_CHARACTER: MXA
