CHARACTER_NAME: U
STROKE_COUNT: 2
  X           Y   STYLUS_STATE STROKE
PEN_DOWN
2355        2170        1        1
2355        2143        1        1
2355        2170        1        1
2355        2196        1        1
2328        2223        1        1
2328        2275        1        1
2328        2328        1        1
2302        2381        1        1
2302        2408        1        1
2302        2461        1        1
2275        2514        1        1
2275        2566        1        1
2275        2593        1        1
2275        2646        1        1
2275        2672        1        1
2302        2699        1        1
2302        2725        1        1
2328        2725        1        1
2355        2725        1        1
2408        2725        1        1
2434        2725        1        1
2487        2725        1        1
2540        2699        1        1
2619        2699        1        1
2672        2699        1        1
2725        2672        1        1
2778        2672        1        1
2831        2672        1        1
2910        2646        1        1
2963        2646        1        1
3016        2646        1        1
3043        2646        1        1
3069        2646        1        1
3096        2672        1        1
3122        2672        1        1
3149        2672        1        1
3149        2699        1        1
3149        2725        1        1
3122        2752        1        1
3096        2778        1        1
3043        2805        1        1
2990        2831        1        1
2910        2858        1        1
2858        2910        1        1
2778        2937        1        1
2672        2963        1        1
2593        2990        1        1
2514        3016        1        1
2408        3016        1        1
2328        3043        1        1
2223        3043        1        1
2143        3016        1        1
2037        3016        1        1
1958        2990        1        1
1879        2963        1        1
1799        2910        1        1
1746        2884        1        1
1693        2831        1        1
1667        2752        1        1
1640        2699        1        1
1614        2646        1        1
1614        2566        1        1
1588        2514        1        1
1588        2487        1        1
1588        2434        1        1
1588        2408        1        1
1588        2381        1        1
1561        2355        1        1
1561        2381        1        1
1588        2408        1        1
1588        2434        1        1
PEN_UP                  0
PEN_DOWN
1535        2037        1        2
1508        2037        1        2
1535        2037        1        2
1561        2037        1        2
1614        2064        1        2
1667        2064        1        2
1720        2037        1        2
1799        2037        1        2
1879        2037        1        2
1958        2037        1        2
2037        2037        1        2
2117        2037        1        2
2196        2037        1        2
2249        2037        1        2
2302        2037        1        2
2328        2037        1        2
2355        2011        1        2
2381        2037        1        2
2408        2037        1        2
2408        2011        1        2
2434        2011        1        2
2408        2011        1        2
2408        1984        1        2
2434        1958        1        2
2434        1931        1        2
2434        1905        1        2
2461        1879        1        2
2461        1852        1        2
2461        1826        1        2
2461        1799        1        2
2461        1773        1        2
2461        1746        1        2
2434        1720        1        2
2434        1693        1        2
2408        1693        1        2
2381        1667        1        2
2328        1667        1        2
2275        1667        1        2
2223        1667        1        2
2170        1667        1        2
2090        1667        1        2
1984        1667        1        2
1905        1667        1        2
1826        1693        1        2
1720        1693        1        2
1614        1693        1        2
1535        1693        1        2
1429        1693        1        2
1323        1667        1        2
1244        1667        1        2
1164        1640        1        2
1085        1614        1        2
1032        1588        1        2
 979        1561        1        2
 926        1508        1        2
 873        1482        1        2
 847        1455        1        2
 820        1429        1        2
 820        1376        1        2
 794        1349        1        2
 794        1323        1        2
 794        1296        1        2
 767        1296        1        2
 767        1270        1        2
 767        1244        1        2
 767        1217        1        2
 794        1191        1        2
 794        1164        1        2
 794        1138        1        2
 794        1111        1        2
 794        1138        1        2
 820        1138        1        2
 820        1164        1        2
PEN_UP                  0
END_CHARACTER: U
