CHARACTER_NAME: REE
STROKE_COUNT: 2
  X           Y   STYLUS_STATE STROKE
PEN_DOWN
1270        1852        1        1
1296        1852        1        1
1296        1826        1        1
1270        1826        1        1
1244        1826        1        1
1217        1826        1        1
1217        1852        1        1
1191        1852        1        1
1191        1879        1        1
1164        1879        1        1
1164        1905        1        1
1164        1931        1        1
1164        1958        1        1
1164        1984        1        1
1191        2011        1        1
1191        2037        1        1
1217        2064        1        1
1244        2064        1        1
1270        2090        1        1
1323        2090        1        1
1349        2117        1        1
1402        2117        1        1
1455        2117        1        1
1508        2117        1        1
1561        2117        1        1
1588        2117        1        1
1640        2090        1        1
1667        2090        1        1
1693        2090        1        1
1746        2064        1        1
1773        2037        1        1
1799        2037        1        1
1852        2011        1        1
1879        1984        1        1
1905        1958        1        1
1931        1931        1        1
1958        1905        1        1
1984        1905        1        1
1984        1879        1        1
2011        1852        1        1
2037        1852        1        1
2037        1879        1        1
2037        1905        1        1
2037        1931        1        1
2064        1958        1        1
2064        1984        1        1
2064        2011        1        1
2090        2011        1        1
2090        2037        1        1
2090        2064        1        1
2117        2064        1        1
2117        2090        1        1
2143        2117        1        1
2170        2117        1        1
2196        2117        1        1
2223        2143        1        1
2249        2117        1        1
2275        2117        1        1
2302        2117        1        1
2328        2117        1        1
2355        2090        1        1
2381        2064        1        1
2434        2037        1        1
2461        2011        1        1
2514        1984        1        1
2566        1958        1        1
2593        1905        1        1
2646        1879        1        1
2672        1826        1        1
2725        1799        1        1
2752        1773        1        1
2778        1746        1        1
2805        1746        1        1
2831        1720        1        1
2858        1693        1        1
2884        1693        1        1
2884        1667        1        1
2910        1667        1        1
2937        1667        1        1
2963        1667        1        1
2963        1693        1        1
2963        1720        1        1
2937        1720        1        1
2937        1746        1        1
2937        1773        1        1
2910        1799        1        1
2884        1852        1        1
2884        1879        1        1
2858        1958        1        1
2805        2011        1        1
2778        2064        1        1
2752        2143        1        1
2699        2196        1        1
2646        2275        1        1
2619        2328        1        1
2566        2381        1        1
2514        2434        1        1
2461        2487        1        1
2408        2540        1        1
2355        2593        1        1
2302        2619        1        1
2275        2646        1        1
2223        2672        1        1
2170        2699        1        1
2143        2725        1        1
2117        2725        1        1
2090        2752        1        1
2064        2752        1        1
2037        2778        1        1
2011        2778        1        1
2037        2778        1        1
2064        2778        1        1
2090        2778        1        1
2117        2778        1        1
2170        2778        1        1
2196        2778        1        1
2249        2778        1        1
2302        2752        1        1
2355        2752        1        1
2408        2752        1        1
2487        2752        1        1
2540        2752        1        1
2593        2752        1        1
2646        2752        1        1
2699        2752        1        1
2778        2752        1        1
2831        2752        1        1
2884        2752        1        1
2937        2778        1        1
2963        2778        1        1
3016        2778        1        1
3043        2805        1        1
3069        2805        1        1
3122        2831        1        1
3149        2831        1        1
3149        2858        1        1
3175        2884        1        1
3201        2884        1        1
3201        2910        1        1
3228        2910        1        1
3228        2937        1        1
3254        2937        1        1
3254        2963        1        1
3281        2963        1        1
3281        2937        1        1
3307        2910        1        1
3307        2884        1        1
3307        2858        1        1
3281        2831        1        1
3281        2778        1        1
3281        2725        1        1
3254        2672        1        1
3254        2593        1        1
3228        2540        1        1
3228        2434        1        1
3201        2355        1        1
3201        2249        1        1
3201        2170        1        1
3175        2090        1        1
3175        2037        1        1
3149        1984        1        1
3149        1931        1        1
3149        1879        1        1
3149        1852        1        1
3149        1826        1        1
3149        1799        1        1
3149        1826        1        1
3122        1826        1        1
3149        1826        1        1
3149        1852        1        1
3175        1852        1        1
PEN_UP                  0
PEN_DOWN
3307        2540        1        2
3334        2540        1        2
3360        2540        1        2
3387        2566        1        2
3413        2566        1        2
3440        2566        1        2
3493        2593        1        2
3519        2593        1        2
3545        2593        1        2
3572        2619        1        2
3625        2646        1        2
3651        2646        1        2
3678        2672        1        2
3704        2699        1        2
3731        2725        1        2
3757        2752        1        2
3757        2725        1        2
3757        2699        1        2
3757        2646        1        2
3784        2619        1        2
3757        2566        1        2
3757        2487        1        2
3784        2408        1        2
3784        2328        1        2
3784        2249        1        2
3757        2143        1        2
3757        2064        1        2
3757        1984        1        2
3757        1905        1        2
3757        1852        1        2
3731        1799        1        2
3731        1773        1        2
3731        1746        1        2
3731        1720        1        2
3704        1693        1        2
3704        1720        1        2
3678        1693        1        2
3678        1667        1        2
3704        1667        1        2
3704        1640        1        2
3678        1640        1        2
3678        1667        1        2
PEN_UP                  0
END_CHARACTER: REE
