CHARACTER_NAME: NGC
STROKE_COUNT: 2
  X           Y   STYLUS_STATE STROKE
PEN_DOWN
1852        2275        1        1
1826        2275        1        1
1799        2275        1        1
1773        2275        1        1
1746        2249        1        1
1720        2223        1        1
1720        2196        1        1
1720        2170        1        1
1720        2143        1        1
1746        2117        1        1
1746        2090        1        1
1773        2090        1        1
1773        2064        1        1
1799        2064        1        1
1826        2064        1        1
1826        2037        1        1
1852        2037        1        1
1879        2037        1        1
1905        2037        1        1
1931        2037        1        1
1958        2037        1        1
1984        2037        1        1
2011        2064        1        1
2037        2064        1        1
2064        2090        1        1
2090        2117        1        1
2117        2143        1        1
2117        2170        1        1
2143        2170        1        1
2143        2196        1        1
2170        2223        1        1
2170        2249        1        1
2170        2275        1        1
2170        2302        1        1
2143        2302        1        1
2143        2328        1        1
2117        2355        1        1
2117        2381        1        1
2090        2381        1        1
2090        2408        1        1
2064        2408        1        1
2037        2434        1        1
2011        2461        1        1
1984        2461        1        1
1958        2487        1        1
1931        2487        1        1
1905        2514        1        1
1879        2540        1        1
1852        2540        1        1
1826        2540        1        1
1799        2566        1        1
1773        2566        1        1
1746        2566        1        1
1746        2593        1        1
1720        2593        1        1
1693        2593        1        1
1667        2566        1        1
1693        2566        1        1
1720        2540        1        1
1746        2540        1        1
1773        2540        1        1
1799        2540        1        1
1826        2540        1        1
1879        2540        1        1
1905        2540        1        1
1931        2566        1        1
1958        2566        1        1
2011        2566        1        1
2037        2566        1        1
2064        2593        1        1
2117        2593        1        1
2143        2619        1        1
2170        2646        1        1
2196        2646        1        1
2223        2672        1        1
2249        2699        1        1
2275        2699        1        1
2302        2725        1        1
2328        2725        1        1
2355        2752        1        1
2355        2778        1        1
2381        2778        1        1
2408        2805        1        1
2434        2831        1        1
2434        2805        1        1
2434        2778        1        1
2434        2752        1        1
2434        2725        1        1
2461        2699        1        1
2461        2672        1        1
2461        2646        1        1
2461        2619        1        1
2461        2593        1        1
2461        2566        1        1
2461        2540        1        1
2461        2514        1        1
2461        2487        1        1
2461        2461        1        1
2461        2434        1        1
2461        2408        1        1
2461        2381        1        1
2461        2355        1        1
2461        2328        1        1
2461        2302        1        1
2461        2275        1        1
2461        2249        1        1
2461        2223        1        1
2461        2196        1        1
2461        2170        1        1
2461        2143        1        1
2461        2117        1        1
2461        2090        1        1
2461        2064        1        1
2461        2037        1        1
2461        2011        1        1
2461        1984        1        1
2461        1958        1        1
2461        1931        1        1
2461        1905        1        1
2461        1879        1        1
2487        1852        1        1
2487        1826        1        1
2487        1799        1        1
2487        1773        1        1
2487        1799        1        1
2461        1826        1        1
PEN_UP                  0
PEN_DOWN
2461        2275        1        2
2487        2249        1        2
2514        2249        1        2
2514        2223        1        2
2540        2223        1        2
2540        2196        1        2
2566        2196        1        2
2566        2170        1        2
2593        2143        1        2
2593        2117        1        2
2619        2117        1        2
2619        2090        1        2
2646        2064        1        2
2672        2037        1        2
2699        2037        1        2
2699        2011        1        2
2725        2011        1        2
2752        1984        1        2
2778        1984        1        2
2805        1984        1        2
2805        2011        1        2
2831        2011        1        2
2858        2037        1        2
2858        2064        1        2
2884        2064        1        2
2884        2090        1        2
2884        2117        1        2
2858        2117        1        2
2858        2143        1        2
2858        2170        1        2
2831        2170        1        2
2831        2196        1        2
2805        2196        1        2
2805        2223        1        2
2778        2223        1        2
2752        2223        1        2
2778        2223        1        2
2778        2196        1        2
2805        2196        1        2
2831        2196        1        2
2858        2196        1        2
2884        2223        1        2
2910        2223        1        2
2910        2249        1        2
2937        2275        1        2
2937        2302        1        2
2910        2328        1        2
2910        2355        1        2
2910        2381        1        2
2884        2381        1        2
2884        2408        1        2
2858        2434        1        2
2831        2461        1        2
2805        2461        1        2
2778        2487        1        2
2752        2487        1        2
2725        2487        1        2
2699        2461        1        2
2672        2461        1        2
2646        2461        1        2
2619        2434        1        2
2593        2434        1        2
2593        2408        1        2
2566        2408        1        2
2540        2381        1        2
PEN_UP                  0
END_CHARACTER: NGC
