CHARACTER_NAME: LM
STROKE_COUNT: 3
  X           Y   STYLUS_STATE STROKE
PEN_DOWN
1640        2170        1        1
1667        2170        1        1
1667        2196        1        1
1667        2223        1        1
1640        2223        1        1
1640        2249        1        1
1614        2249        1        1
1588        2249        1        1
1561        2249        1        1
1535        2223        1        1
1508        2196        1        1
1508        2170        1        1
1508        2143        1        1
1508        2117        1        1
1508        2090        1        1
1535        2064        1        1
1535        2037        1        1
1561        2037        1        1
1588        2011        1        1
1614        2011        1        1
1640        2011        1        1
1667        2011        1        1
1693        2037        1        1
1720        2037        1        1
1746        2064        1        1
1773        2064        1        1
1773        2090        1        1
1799        2090        1        1
1799        2117        1        1
1826        2117        1        1
1826        2143        1        1
1826        2170        1        1
1852        2196        1        1
1852        2223        1        1
1852        2196        1        1
1852        2170        1        1
1852        2143        1        1
1879        2143        1        1
1879        2117        1        1
1879        2090        1        1
1905        2090        1        1
1905        2064        1        1
1931        2064        1        1
1958        2064        1        1
1984        2064        1        1
2011        2064        1        1
2037        2064        1        1
2064        2064        1        1
2064        2090        1        1
2090        2090        1        1
2117        2117        1        1
2143        2117        1        1
2143        2143        1        1
PEN_UP                  0
PEN_DOWN
2170        1667        1        2
2170        1693        1        2
2170        1720        1        2
2170        1746        1        2
2170        1773        1        2
2170        1799        1        2
2143        1799        1        2
2143        1826        1        2
2143        1852        1        2
2143        1879        1        2
2143        1905        1        2
2117        1958        1        2
2117        1984        1        2
2117        2011        1        2
2117        2037        1        2
2117        2064        1        2
2117        2090        1        2
2090        2117        1        2
2090        2143        1        2
2090        2170        1        2
2090        2196        1        2
2090        2223        1        2
2090        2249        1        2
2090        2275        1        2
2090        2302        1        2
2064        2328        1        2
2064        2355        1        2
2064        2381        1        2
2064        2408        1        2
2064        2434        1        2
2064        2461        1        2
2064        2487        1        2
2037        2487        1        2
2011        2514        1        2
2011        2540        1        2
1984        2540        1        2
1958        2540        1        2
1931        2540        1        2
1931        2514        1        2
1905        2514        1        2
1905        2487        1        2
1905        2461        1        2
1905        2434        1        2
1931        2408        1        2
1931        2381        1        2
1958        2381        1        2
1958        2355        1        2
1984        2328        1        2
2011        2328        1        2
2037        2302        1        2
2064        2302        1        2
2117        2275        1        2
2143        2275        1        2
2170        2275        1        2
2196        2275        1        2
2223        2275        1        2
2249        2275        1        2
2275        2302        1        2
2302        2302        1        2
2328        2302        1        2
2355        2328        1        2
2381        2328        1        2
2408        2355        1        2
2434        2355        1        2
2434        2381        1        2
2461        2408        1        2
2487        2434        1        2
2514        2461        1        2
2540        2461        1        2
2540        2487        1        2
2566        2487        1        2
2566        2461        1        2
2566        2434        1        2
2566        2408        1        2
2593        2381        1        2
2593        2355        1        2
2593        2328        1        2
2593        2302        1        2
2566        2249        1        2
2593        2223        1        2
2593        2196        1        2
2593        2170        1        2
2593        2143        1        2
2593        2090        1        2
2593        2064        1        2
2593        2037        1        2
2593        1984        1        2
2593        1958        1        2
2593        1931        1        2
2593        1905        1        2
2619        1879        1        2
2619        1852        1        2
2619        1826        1        2
2619        1799        1        2
2619        1773        1        2
2619        1746        1        2
2619        1720        1        2
2619        1693        1        2
2593        1667        1        2
2593        1640        1        2
2593        1614        1        2
2593        1588        1        2
PEN_UP                  0
PEN_DOWN
1482        1640        1        3
1482        1667        1        3
1508        1667        1        3
1535        1667        1        3
1561        1667        1        3
1614        1667        1        3
1667        1667        1        3
1720        1667        1        3
1799        1667        1        3
1879        1667        1        3
1958        1667        1        3
2064        1667        1        3
2143        1640        1        3
2249        1640        1        3
2328        1640        1        3
2408        1640        1        3
2461        1640        1        3
2514        1640        1        3
2566        1640        1        3
2593        1640        1        3
2619        1640        1        3
2646        1640        1        3
2672        1640        1        3
PEN_UP                  0
END_CHARACTER: LM
