CHARACTER_NAME: PAC
STROKE_COUNT: 1
  X           Y   STYLUS_STATE STROKE
PEN_DOWN
2990        1640        1        1
2990        1614        1        1
2963        1614        1        1
2963        1588        1        1
2937        1588        1        1
2910        1614        1        1
2884        1614        1        1
2858        1614        1        1
2831        1614        1        1
2831        1640        1        1
2805        1640        1        1
2778        1667        1        1
2752        1693        1        1
2725        1746        1        1
2699        1799        1        1
2672        1852        1        1
2646        1905        1        1
2646        1958        1        1
2619        2011        1        1
2619        2064        1        1
2619        2143        1        1
2619        2170        1        1
2646        2223        1        1
2672        2249        1        1
2699        2275        1        1
2752        2302        1        1
2805        2302        1        1
2858        2302        1        1
2884        2302        1        1
2937        2275        1        1
2963        2275        1        1
2990        2249        1        1
3016        2249        1        1
3016        2223        1        1
3016        2196        1        1
2990        2196        1        1
2963        2196        1        1
2937        2196        1        1
2937        2223        1        1
2910        2223        1        1
2910        2249        1        1
2884        2249        1        1
2884        2275        1        1
2858        2275        1        1
2858        2302        1        1
2831        2302        1        1
2831        2328        1        1
2805        2328        1        1
2805        2355        1        1
2778        2355        1        1
2778        2381        1        1
2752        2381        1        1
2725        2381        1        1
2725        2408        1        1
2699        2408        1        1
2672        2434        1        1
2646        2434        1        1
2619        2461        1        1
2593        2461        1        1
2566        2461        1        1
2540        2461        1        1
2514        2461        1        1
2487        2461        1        1
2434        2434        1        1
2408        2434        1        1
2381        2434        1        1
2355        2408        1        1
2328        2408        1        1
2302        2381        1        1
2275        2355        1        1
2249        2328        1        1
2223        2302        1        1
2196        2275        1        1
2196        2223        1        1
2196        2170        1        1
2196        2117        1        1
2196        2037        1        1
2223        1984        1        1
2223        1931        1        1
2249        1852        1        1
2275        1799        1        1
2302        1746        1        1
2328        1693        1        1
2355        1667        1        1
2381        1614        1        1
2434        1561        1        1
2461        1535        1        1
2487        1508        1        1
2540        1482        1        1
2566        1455        1        1
2619        1429        1        1
2646        1402        1        1
2672        1402        1        1
2699        1402        1        1
2725        1376        1        1
2752        1376        1        1
2778        1376        1        1
2805        1376        1        1
2805        1402        1        1
2831        1402        1        1
2831        1429        1        1
2858        1429        1        1
2858        1455        1        1
2884        1455        1        1
2884        1482        1        1
2910        1508        1        1
2910        1535        1        1
2937        1561        1        1
2937        1588        1        1
2963        1588        1        1
2990        1614        1        1
2990        1640        1        1
3016        1640        1        1
3043        1667        1        1
3069        1693        1        1
3096        1693        1        1
3122        1693        1        1
PEN_UP                  0
END_CHARACTER: PAC
