CHARACTER_NAME: PHA
STROKE_COUNT: 4
  X           Y   STYLUS_STATE STROKE
PEN_DOWN
1958        1773        1        1
1984        1799        1        1
2011        1799        1        1
2011        1826        1        1
2037        1826        1        1
2064        1852        1        1
2090        1852        1        1
2117        1879        1        1
2170        1905        1        1
2196        1931        1        1
2249        1931        1        1
2275        1958        1        1
2302        1958        1        1
2328        1984        1        1
2381        1984        1        1
2381        2011        1        1
2408        2011        1        1
2434        2011        1        1
2434        2037        1        1
2461        2037        1        1
2487        2037        1        1
2461        2037        1        1
2461        2064        1        1
2434        2064        1        1
2408        2064        1        1
2381        2090        1        1
2355        2090        1        1
2328        2117        1        1
2302        2143        1        1
2275        2170        1        1
2223        2196        1        1
2196        2223        1        1
2143        2249        1        1
2090        2249        1        1
2064        2275        1        1
2037        2302        1        1
1984        2328        1        1
1958        2355        1        1
1931        2355        1        1
1931        2381        1        1
1905        2381        1        1
1879        2408        1        1
1879        2381        1        1
1905        2381        1        1
1931        2381        1        1
1958        2381        1        1
1984        2355        1        1
2011        2355        1        1
2064        2355        1        1
2090        2355        1        1
2143        2355        1        1
2196        2355        1        1
2249        2355        1        1
2302        2381        1        1
2355        2381        1        1
2434        2381        1        1
2487        2381        1        1
2540        2381        1        1
2566        2381        1        1
2619        2381        1        1
2646        2381        1        1
2672        2381        1        1
2699        2381        1        1
2725        2381        1        1
2752        2381        1        1
2752        2408        1        1
2778        2381        1        1
2778        2355        1        1
PEN_UP                  0
PEN_DOWN
2858        1958        1        2
2858        1931        1        2
2858        1958        1        2
2858        1984        1        2
2858        2011        1        2
2858        2037        1        2
2831        2064        1        2
2831        2090        1        2
2831        2117        1        2
2831        2143        1        2
2831        2170        1        2
2831        2196        1        2
2831        2249        1        2
2831        2275        1        2
2831        2302        1        2
2831        2328        1        2
2831        2355        1        2
2831        2381        1        2
2831        2408        1        2
2831        2434        1        2
2831        2461        1        2
2831        2434        1        2
2831        2408        1        2
PEN_UP                  0
PEN_DOWN
2831        2037        1        3
2805        2011        1        3
2831        1984        1        3
2831        1958        1        3
2858        1931        1        3
2884        1905        1        3
2910        1879        1        3
2910        1852        1        3
2937        1852        1        3
2963        1826        1        3
2990        1799        1        3
3016        1799        1        3
3043        1799        1        3
3043        1773        1        3
3069        1773        1        3
3096        1773        1        3
3122        1773        1        3
3149        1773        1        3
3175        1799        1        3
3201        1799        1        3
3201        1826        1        3
3228        1826        1        3
3228        1852        1        3
3228        1879        1        3
3254        1879        1        3
3254        1905        1        3
3254        1931        1        3
3254        1958        1        3
3254        1984        1        3
3254        2011        1        3
3254        2037        1        3
3228        2037        1        3
3228        2064        1        3
3228        2090        1        3
3201        2090        1        3
3201        2117        1        3
3175        2117        1        3
3149        2143        1        3
3122        2143        1        3
3096        2143        1        3
3069        2117        1        3
3043        2090        1        3
3043        2064        1        3
3043        2037        1        3
3043        2011        1        3
3069        2011        1        3
3096        2011        1        3
PEN_UP                  0
PEN_DOWN
1826        1720        1        4
1852        1720        1        4
1879        1720        1        4
1905        1720        1        4
1931        1720        1        4
1958        1720        1        4
1984        1720        1        4
2011        1720        1        4
2037        1720        1        4
2064        1720        1        4
2090        1720        1        4
2117        1720        1        4
2143        1720        1        4
2170        1720        1        4
2196        1720        1        4
2223        1720        1        4
2249        1720        1        4
2275        1720        1        4
2302        1720        1        4
2328        1720        1        4
2355        1720        1        4
2381        1720        1        4
2408        1720        1        4
2434        1693        1        4
2461        1693        1        4
2487        1693        1        4
2514        1693        1        4
2540        1693        1        4
2566        1693        1        4
2593        1693        1        4
2619        1693        1        4
2646        1693        1        4
2672        1693        1        4
2699        1693        1        4
2699        1667        1        4
2725        1667        1        4
2752        1667        1        4
2778        1667        1        4
2805        1667        1        4
2831        1667        1        4
2858        1667        1        4
2884        1667        1        4
2910        1667        1        4
2937        1667        1        4
2963        1667        1        4
2990        1667        1        4
3016        1667        1        4
3043        1667        1        4
3069        1667        1        4
3069        1640        1        4
3096        1640        1        4
3122        1640        1        4
3149        1640        1        4
3175        1640        1        4
3201        1640        1        4
3228        1640        1        4
3254        1640        1        4
3281        1640        1        4
3307        1640        1        4
3334        1640        1        4
3360        1640        1        4
3387        1640        1        4
3413        1640        1        4
3440        1640        1        4
3466        1640        1        4
3466        1614        1        4
3493        1614        1        4
3493        1640        1        4
3519        1614        1        4
3519        1640        1        4
PEN_UP                  0
END_CHARACTER: PHA
