CHARACTER_NAME: KHYA
STROKE_COUNT: 2
  X           Y   STYLUS_STATE STROKE
PEN_DOWN
2117        2196        1        1
2117        2170        1        1
2143        2170        1        1
2143        2143        1        1
2170        2143        1        1
2196        2143        1        1
2223        2143        1        1
2249        2143        1        1
2275        2143        1        1
2302        2143        1        1
2328        2143        1        1
2328        2170        1        1
2355        2170        1        1
2355        2196        1        1
2381        2196        1        1
2381        2223        1        1
2408        2223        1        1
2408        2249        1        1
2434        2249        1        1
2434        2275        1        1
2434        2302        1        1
2434        2328        1        1
2434        2355        1        1
2408        2355        1        1
2408        2381        1        1
2408        2408        1        1
2381        2434        1        1
2381        2461        1        1
2381        2487        1        1
2355        2487        1        1
2355        2514        1        1
2328        2540        1        1
2302        2566        1        1
2275        2566        1        1
2275        2593        1        1
2249        2593        1        1
2223        2593        1        1
2196        2593        1        1
2170        2566        1        1
2143        2566        1        1
2143        2540        1        1
2143        2514        1        1
2170        2514        1        1
2170        2487        1        1
2196        2461        1        1
2223        2434        1        1
2249        2434        1        1
2275        2408        1        1
2302        2408        1        1
2328        2408        1        1
2355        2381        1        1
2381        2381        1        1
2408        2381        1        1
2434        2381        1        1
2461        2381        1        1
2461        2408        1        1
2487        2408        1        1
2514        2408        1        1
2514        2434        1        1
2540        2434        1        1
2540        2461        1        1
2566        2461        1        1
2566        2487        1        1
2593        2514        1        1
2593        2540        1        1
2593        2566        1        1
2593        2593        1        1
2593        2619        1        1
2593        2646        1        1
2593        2672        1        1
2593        2699        1        1
2593        2725        1        1
2566        2752        1        1
2566        2778        1        1
2566        2805        1        1
2566        2831        1        1
2566        2858        1        1
2540        2858        1        1
2540        2884        1        1
2514        2910        1        1
2487        2937        1        1
2461        2937        1        1
2461        2963        1        1
2434        2963        1        1
2408        2963        1        1
2381        2963        1        1
2355        2963        1        1
2328        2963        1        1
2328        2937        1        1
2302        2937        1        1
2302        2910        1        1
2275        2910        1        1
2275        2884        1        1
2275        2858        1        1
2302        2858        1        1
2302        2831        1        1
2302        2805        1        1
2328        2778        1        1
2355        2752        1        1
2381        2752        1        1
2381        2725        1        1
2408        2725        1        1
2434        2699        1        1
2461        2699        1        1
2487        2699        1        1
2514        2672        1        1
2540        2672        1        1
2566        2699        1        1
2593        2699        1        1
2619        2699        1        1
2646        2725        1        1
2672        2752        1        1
2699        2778        1        1
2699        2805        1        1
2725        2805        1        1
2725        2831        1        1
2752        2858        1        1
2752        2884        1        1
2752        2910        1        1
2778        2910        1        1
2778        2937        1        1
2778        2963        1        1
2778        2990        1        1
2805        2990        1        1
2778        2990        1        1
2805        2990        1        1
2805        2963        1        1
2805        2937        1        1
2805        2910        1        1
2805        2884        1        1
2805        2858        1        1
2805        2831        1        1
2805        2805        1        1
2805        2778        1        1
2805        2752        1        1
2778        2725        1        1
2778        2699        1        1
2778        2672        1        1
2778        2646        1        1
2778        2619        1        1
2778        2593        1        1
2805        2566        1        1
2805        2540        1        1
2805        2514        1        1
2805        2487        1        1
2805        2461        1        1
2805        2434        1        1
2805        2408        1        1
2805        2381        1        1
2805        2355        1        1
2831        2328        1        1
2831        2302        1        1
2831        2275        1        1
2831        2249        1        1
2831        2223        1        1
2831        2196        1        1
2831        2170        1        1
2831        2143        1        1
2831        2117        1        1
2831        2090        1        1
2831        2064        1        1
2831        2037        1        1
2858        2011        1        1
2831        2011        1        1
2858        2011        1        1
2831        2011        1        1
2831        1984        1        1
2858        1984        1        1
2831        1984        1        1
2831        1958        1        1
2805        1931        1        1
2778        1931        1        1
2752        1931        1        1
2725        1958        1        1
2699        1958        1        1
2699        1984        1        1
2672        1984        1        1
2672        2011        1        1
2646        2037        1        1
2646        2064        1        1
2646        2090        1        1
2646        2117        1        1
2646        2143        1        1
2646        2170        1        1
2646        2196        1        1
2646        2223        1        1
2672        2249        1        1
2672        2275        1        1
2699        2275        1        1
2699        2302        1        1
2725        2328        1        1
2752        2328        1        1
2778        2355        1        1
2805        2355        1        1
2831        2355        1        1
2858        2355        1        1
2884        2355        1        1
2884        2381        1        1
2910        2381        1        1
2937        2381        1        1
2963        2381        1        1
2963        2408        1        1
2990        2408        1        1
3016        2434        1        1
3043        2434        1        1
3043        2461        1        1
3069        2461        1        1
3069        2487        1        1
3096        2487        1        1
3096        2514        1        1
3122        2514        1        1
3122        2540        1        1
3149        2566        1        1
3149        2593        1        1
3175        2593        1        1
3175        2619        1        1
3175        2646        1        1
3175        2672        1        1
3175        2699        1        1
3149        2699        1        1
3149        2725        1        1
3122        2725        1        1
3096        2752        1        1
3069        2752        1        1
3043        2752        1        1
3016        2752        1        1
2990        2752        1        1
2963        2725        1        1
2937        2725        1        1
2910        2699        1        1
2937        2699        1        1
2963        2672        1        1
2990        2672        1        1
PEN_UP                  0
PEN_DOWN
1720        1984        1        2
1746        1984        1        2
1746        2011        1        2
1773        2011        1        2
1799        2011        1        2
1826        2011        1        2
1852        2011        1        2
1879        2011        1        2
1905        2011        1        2
1958        2011        1        2
2011        2011        1        2
2064        2011        1        2
2117        2011        1        2
2196        2011        1        2
2249        2011        1        2
2328        2011        1        2
2381        2011        1        2
2434        2011        1        2
2514        2011        1        2
2540        2011        1        2
2593        2011        1        2
2646        2011        1        2
2672        2011        1        2
2725        2011        1        2
2752        2011        1        2
2805        2011        1        2
2831        2011        1        2
2858        2011        1        2
2910        2011        1        2
2937        2011        1        2
2963        2037        1        2
2990        2037        1        2
3016        2037        1        2
3043        2037        1        2
3069        2037        1        2
3096        2037        1        2
3122        2037        1        2
3175        2011        1        2
3201        2011        1        2
3254        2011        1        2
3281        2011        1        2
3334        2011        1        2
3387        2011        1        2
3440        2011        1        2
3466        2011        1        2
3519        2011        1        2
3545        2011        1        2
3572        2011        1        2
3598        2011        1        2
3625        2011        1        2
3651        2011        1        2
3678        2011        1        2
3678        2037        1        2
PEN_UP                  0
END_CHARACTER: KHYA
