CHARACTER_NAME: ANSR
STROKE_COUNT: 2
  X           Y   STYLUS_STATE STROKE
PEN_DOWN
2566        1879        1        1
2566        1852        1        1
2540        1852        1        1
2514        1852        1        1
2487        1879        1        1
2461        1879        1        1
2461        1905        1        1
2434        1905        1        1
2434        1931        1        1
2408        1931        1        1
2408        1958        1        1
2434        1958        1        1
2408        1958        1        1
2408        1984        1        1
2408        2011        1        1
2434        2011        1        1
2434        2037        1        1
2434        2064        1        1
2461        2064        1        1
2461        2090        1        1
2487        2117        1        1
2514        2117        1        1
2514        2143        1        1
2540        2143        1        1
2566        2143        1        1
2593        2143        1        1
2619        2143        1        1
2646        2117        1        1
2672        2117        1        1
2699        2117        1        1
2699        2090        1        1
2725        2090        1        1
2725        2064        1        1
2752        2064        1        1
2752        2037        1        1
2778        2037        1        1
2778        2011        1        1
2778        1984        1        1
2778        1958        1        1
2778        1931        1        1
2778        1905        1        1
2778        1879        1        1
2778        1852        1        1
2752        1826        1        1
2725        1799        1        1
2699        1799        1        1
2699        1773        1        1
2672        1773        1        1
2646        1773        1        1
2619        1773        1        1
2593        1773        1        1
2566        1773        1        1
2540        1799        1        1
PEN_UP                  0
PEN_DOWN
2223        2408        1        2
2249        2408        1        2
2249        2381        1        2
2275        2381        1        2
2302        2381        1        2
2302        2355        1        2
2328        2355        1        2
2355        2355        1        2
2381        2355        1        2
2408        2355        1        2
2434        2355        1        2
2461        2328        1        2
2487        2328        1        2
2514        2328        1        2
2540        2328        1        2
2566        2328        1        2
2593        2328        1        2
2619        2328        1        2
2646        2328        1        2
2672        2328        1        2
2699        2328        1        2
2725        2355        1        2
2752        2355        1        2
2778        2355        1        2
2805        2381        1        2
2831        2381        1        2
2831        2408        1        2
2858        2408        1        2
2884        2408        1        2
2910        2434        1        2
2937        2434        1        2
2963        2461        1        2
2990        2487        1        2
3016        2514        1        2
3043        2540        1        2
3043        2566        1        2
3069        2566        1        2
3096        2593        1        2
3096        2619        1        2
3122        2646        1        2
3122        2672        1        2
3149        2672        1        2
3149        2699        1        2
3175        2725        1        2
3175        2752        1        2
3201        2778        1        2
3201        2805        1        2
3201        2831        1        2
3228        2831        1        2
3228        2858        1        2
3228        2884        1        2
3254        2910        1        2
3254        2937        1        2
3281        2937        1        2
3281        2963        1        2
3281        2990        1        2
3307        2990        1        2
3307        3016        1        2
3307        3043        1        2
3307        3016        1        2
3307        2990        1        2
PEN_UP                  0
END_CHARACTER: ANSR
