CHARACTER_NAME: KK
STROKE_COUNT: 5
  X           Y   STYLUS_STATE STROKE
PEN_DOWN
1773        1720        1        1
1746        1720        1        1
1746        1746        1        1
1773        1746        1        1
1799        1746        1        1
1826        1746        1        1
1852        1746        1        1
1879        1746        1        1
1931        1746        1        1
1958        1746        1        1
2011        1720        1        1
2064        1720        1        1
2117        1720        1        1
2170        1720        1        1
2196        1720        1        1
2249        1720        1        1
2302        1720        1        1
2328        1720        1        1
2355        1720        1        1
2381        1693        1        1
2408        1720        1        1
2408        1693        1        1
2434        1693        1        1
2434        1720        1        1
2461        1693        1        1
2434        1720        1        1
2408        1746        1        1
2408        1773        1        1
2381        1773        1        1
2355        1799        1        1
2328        1826        1        1
2302        1852        1        1
2275        1879        1        1
2249        1905        1        1
2196        1931        1        1
2170        1958        1        1
2117        1984        1        1
2090        2037        1        1
2037        2064        1        1
1984        2090        1        1
1931        2117        1        1
1905        2170        1        1
1852        2196        1        1
1826        2223        1        1
1799        2223        1        1
1773        2249        1        1
1746        2275        1        1
1720        2275        1        1
1720        2249        1        1
1746        2249        1        1
1773        2223        1        1
1799        2223        1        1
1826        2223        1        1
1852        2223        1        1
1879        2196        1        1
1931        2196        1        1
1958        2196        1        1
1984        2223        1        1
2011        2223        1        1
2037        2223        1        1
2090        2223        1        1
2117        2249        1        1
2143        2249        1        1
2170        2249        1        1
2196        2275        1        1
2223        2275        1        1
2249        2275        1        1
2275        2302        1        1
2302        2302        1        1
2328        2302        1        1
2328        2328        1        1
2355        2328        1        1
2381        2328        1        1
2381        2302        1        1
2408        2302        1        1
PEN_UP                  0
PEN_DOWN
2514        1693        1        2
2487        1693        1        2
2487        1720        1        2
2461        1746        1        2
2461        1773        1        2
2461        1799        1        2
2461        1826        1        2
2461        1852        1        2
2461        1905        1        2
2461        1931        1        2
2461        1958        1        2
2461        2011        1        2
2461        2037        1        2
2487        2064        1        2
2487        2117        1        2
2487        2143        1        2
2487        2170        1        2
2487        2223        1        2
2487        2249        1        2
2487        2275        1        2
2487        2302        1        2
2487        2328        1        2
2461        2355        1        2
2461        2381        1        2
2461        2408        1        2
2461        2434        1        2
2461        2408        1        2
PEN_UP                  0
PEN_DOWN
2514        2090        1        3
2487        2090        1        3
2487        2064        1        3
2487        2037        1        3
2487        2011        1        3
2487        1984        1        3
2514        1958        1        3
2540        1931        1        3
2566        1905        1        3
2566        1879        1        3
2593        1879        1        3
2619        1852        1        3
2646        1852        1        3
2672        1826        1        3
2699        1826        1        3
2725        1826        1        3
2752        1826        1        3
2752        1852        1        3
2778        1852        1        3
2805        1879        1        3
2805        1905        1        3
2831        1931        1        3
2831        1958        1        3
2831        1984        1        3
2831        2011        1        3
2805        2037        1        3
2805        2064        1        3
2778        2090        1        3
2778        2117        1        3
2752        2117        1        3
2725        2143        1        3
2699        2143        1        3
2672        2143        1        3
2672        2117        1        3
2646        2117        1        3
2646        2090        1        3
2619        2090        1        3
2619        2064        1        3
2646        2037        1        3
PEN_UP                  0
PEN_DOWN
2408        2328        1        4
2434        2328        1        4
2408        2355        1        4
2381        2355        1        4
2355        2381        1        4
2328        2408        1        4
2302        2408        1        4
2275        2434        1        4
2223        2461        1        4
2170        2487        1        4
2143        2514        1        4
2090        2540        1        4
2011        2566        1        4
1958        2566        1        4
1931        2593        1        4
1879        2619        1        4
1852        2619        1        4
1826        2646        1        4
1799        2646        1        4
1773        2646        1        4
1773        2672        1        4
1746        2646        1        4
1773        2646        1        4
1799        2619        1        4
1826        2619        1        4
1852        2619        1        4
1879        2619        1        4
1905        2646        1        4
1931        2646        1        4
1958        2646        1        4
2011        2672        1        4
2037        2699        1        4
2064        2699        1        4
2117        2725        1        4
2143        2752        1        4
2170        2778        1        4
2196        2805        1        4
2223        2831        1        4
2249        2831        1        4
2275        2858        1        4
2302        2858        1        4
2302        2884        1        4
2328        2884        1        4
2328        2910        1        4
2355        2910        1        4
2381        2910        1        4
2381        2884        1        4
2408        2884        1        4
2408        2858        1        4
2434        2858        1        4
2434        2831        1        4
2434        2805        1        4
2461        2805        1        4
2461        2778        1        4
2461        2752        1        4
2461        2725        1        4
2487        2699        1        4
2487        2672        1        4
2487        2646        1        4
2514        2593        1        4
2514        2566        1        4
2514        2514        1        4
2514        2487        1        4
2514        2461        1        4
2514        2434        1        4
2540        2434        1        4
2540        2408        1        4
2540        2381        1        4
2540        2355        1        4
2514        2381        1        4
PEN_UP                  0
PEN_DOWN
2408        2593        1        5
2408        2566        1        5
2408        2540        1        5
2408        2514        1        5
2434        2514        1        5
2434        2487        1        5
2434        2461        1        5
2461        2434        1        5
2461        2408        1        5
2487        2408        1        5
2487        2381        1        5
2514        2381        1        5
2514        2355        1        5
2540        2355        1        5
2566        2355        1        5
2566        2328        1        5
2593        2328        1        5
2619        2328        1        5
2646        2328        1        5
2672        2328        1        5
2699        2328        1        5
2725        2328        1        5
2752        2355        1        5
2778        2355        1        5
2778        2381        1        5
2805        2381        1        5
2805        2408        1        5
2831        2434        1        5
2831        2461        1        5
2831        2487        1        5
2831        2514        1        5
2805        2540        1        5
2805        2566        1        5
2778        2566        1        5
2752        2593        1        5
2725        2593        1        5
2699        2593        1        5
2672        2593        1        5
2646        2566        1        5
2619        2566        1        5
2593        2540        1        5
2566        2540        1        5
2566        2514        1        5
2566        2487        1        5
2566        2461        1        5
2593        2434        1        5
2619        2434        1        5
2619        2408        1        5
2646        2408        1        5
2672        2408        1        5
PEN_UP                  0
END_CHARACTER: KK
