CHARACTER_NAME: KT
STROKE_COUNT: 3
  X           Y   STYLUS_STATE STROKE
PEN_DOWN
2646        2196        1        1
2619        2223        1        1
2593        2223        1        1
2593        2249        1        1
2566        2249        1        1
2566        2223        1        1
2540        2223        1        1
2514        2223        1        1
2514        2196        1        1
2487        2196        1        1
2461        2170        1        1
2461        2143        1        1
2434        2143        1        1
2434        2117        1        1
2434        2090        1        1
2434        2064        1        1
2461        2064        1        1
2461        2037        1        1
2461        2011        1        1
2461        1984        1        1
2487        1984        1        1
2487        1958        1        1
2487        1931        1        1
2514        1931        1        1
2514        1905        1        1
2540        1905        1        1
2540        1879        1        1
2566        1879        1        1
2593        1879        1        1
2619        1879        1        1
2646        1879        1        1
2672        1879        1        1
2699        1879        1        1
2725        1905        1        1
2752        1905        1        1
2752        1931        1        1
2778        1931        1        1
2805        1931        1        1
2805        1958        1        1
2831        1984        1        1
2831        2011        1        1
2858        2011        1        1
2858        2037        1        1
2858        2064        1        1
2858        2090        1        1
2858        2117        1        1
2858        2143        1        1
2858        2170        1        1
2831        2196        1        1
2831        2223        1        1
2831        2249        1        1
2805        2275        1        1
2805        2302        1        1
2778        2302        1        1
2778        2328        1        1
2778        2355        1        1
2752        2355        1        1
2752        2381        1        1
2725        2381        1        1
2725        2408        1        1
2699        2408        1        1
2699        2434        1        1
2672        2434        1        1
2646        2461        1        1
2619        2461        1        1
2593        2461        1        1
2566        2461        1        1
2566        2434        1        1
2593        2434        1        1
2593        2408        1        1
2619        2408        1        1
2646        2408        1        1
2646        2381        1        1
2672        2381        1        1
2699        2381        1        1
2725        2381        1        1
2752        2381        1        1
2752        2408        1        1
2778        2408        1        1
2805        2408        1        1
2805        2434        1        1
2831        2434        1        1
2831        2461        1        1
2858        2487        1        1
2858        2514        1        1
2858        2540        1        1
2858        2566        1        1
2831        2566        1        1
2831        2593        1        1
2831        2619        1        1
2805        2619        1        1
2805        2646        1        1
2778        2672        1        1
2752        2699        1        1
2725        2699        1        1
2699        2699        1        1
2672        2699        1        1
2646        2699        1        1
2619        2699        1        1
2566        2699        1        1
2540        2699        1        1
2514        2672        1        1
2487        2672        1        1
2434        2672        1        1
2408        2646        1        1
2381        2646        1        1
2355        2646        1        1
2328        2619        1        1
2302        2593        1        1
2275        2566        1        1
2249        2566        1        1
2223        2514        1        1
2196        2487        1        1
2196        2461        1        1
2170        2408        1        1
2170        2381        1        1
2143        2328        1        1
2143        2302        1        1
2143        2249        1        1
2143        2223        1        1
2143        2196        1        1
2143        2170        1        1
2143        2143        1        1
2143        2117        1        1
2143        2090        1        1
2143        2117        1        1
PEN_UP                  0
PEN_DOWN
2725        2461        1        2
2725        2434        1        2
2752        2434        1        2
2752        2408        1        2
2778        2381        1        2
2805        2355        1        2
2831        2328        1        2
2831        2302        1        2
2858        2302        1        2
2884        2275        1        2
2910        2275        1        2
2910        2249        1        2
2937        2249        1        2
2963        2223        1        2
2990        2223        1        2
3016        2223        1        2
3016        2196        1        2
3043        2196        1        2
3069        2196        1        2
3069        2223        1        2
3096        2223        1        2
3122        2223        1        2
3149        2223        1        2
3175        2249        1        2
3201        2249        1        2
3201        2275        1        2
3228        2275        1        2
3228        2302        1        2
3254        2302        1        2
3254        2328        1        2
3281        2355        1        2
3281        2381        1        2
3281        2408        1        2
3281        2434        1        2
3254        2461        1        2
3254        2487        1        2
3228        2487        1        2
3228        2514        1        2
3201        2514        1        2
3175        2514        1        2
3175        2540        1        2
3149        2540        1        2
3122        2514        1        2
3096        2514        1        2
3069        2487        1        2
3069        2461        1        2
3043        2461        1        2
3043        2434        1        2
3043        2408        1        2
3069        2408        1        2
3069        2381        1        2
3096        2355        1        2
3122        2355        1        2
PEN_UP                  0
PEN_DOWN
2090        1852        1        3
2090        1879        1        3
2117        1879        1        3
2143        1879        1        3
2170        1879        1        3
2196        1879        1        3
2223        1905        1        3
2249        1905        1        3
2275        1905        1        3
2302        1905        1        3
2328        1905        1        3
2355        1905        1        3
2381        1905        1        3
2408        1905        1        3
2434        1879        1        3
2461        1879        1        3
2487        1879        1        3
2514        1879        1        3
2540        1879        1        3
2566        1879        1        3
2593        1879        1        3
2619        1879        1        3
2646        1879        1        3
2672        1879        1        3
2699        1879        1        3
2725        1879        1        3
2752        1879        1        3
2778        1879        1        3
2805        1879        1        3
2831        1879        1        3
2858        1879        1        3
2884        1879        1        3
2910        1879        1        3
2937        1879        1        3
2990        1879        1        3
3016        1879        1        3
3043        1879        1        3
3096        1852        1        3
3122        1852        1        3
3175        1852        1        3
3201        1852        1        3
3254        1852        1        3
3281        1852        1        3
3307        1852        1        3
3360        1852        1        3
3387        1852        1        3
3413        1852        1        3
3440        1852        1        3
3466        1852        1        3
3493        1852        1        3
3519        1852        1        3
3545        1852        1        3
PEN_UP                  0
END_CHARACTER: KT
