CHARACTER_NAME: BJ
STROKE_COUNT: 4
  X           Y   STYLUS_STATE STROKE
PEN_DOWN
1058        1455        1        1
1085        1429        1        1
1111        1429        1        1
1138        1429        1        1
1191        1429        1        1
1244        1429        1        1
1296        1429        1        1
1376        1429        1        1
1429        1429        1        1
1508        1402        1        1
1588        1402        1        1
1640        1402        1        1
1693        1402        1        1
1746        1402        1        1
1799        1402        1        1
1826        1376        1        1
1852        1376        1        1
1879        1376        1        1
1905        1376        1        1
1931        1376        1        1
1905        1376        1        1
1905        1402        1        1
PEN_UP                  0
PEN_DOWN
1508        1455        1        2
1508        1482        1        2
1508        1508        1        2
1508        1535        1        2
1508        1561        1        2
1508        1588        1        2
1508        1614        1        2
1508        1640        1        2
1508        1667        1        2
1508        1693        1        2
1508        1720        1        2
1508        1746        1        2
1508        1773        1        2
1535        1799        1        2
1535        1826        1        2
1535        1852        1        2
1535        1879        1        2
1535        1905        1        2
1561        1905        1        2
1561        1879        1        2
1588        1879        1        2
1588        1852        1        2
1614        1852        1        2
1614        1826        1        2
1640        1826        1        2
1667        1799        1        2
1693        1773        1        2
1720        1773        1        2
1746        1746        1        2
1773        1746        1        2
1799        1746        1        2
1826        1746        1        2
1852        1746        1        2
1852        1773        1        2
1879        1773        1        2
1879        1799        1        2
1905        1799        1        2
1905        1826        1        2
1931        1852        1        2
1931        1879        1        2
1958        1905        1        2
1931        1905        1        2
1931        1931        1        2
1931        1958        1        2
1931        1984        1        2
1931        2011        1        2
1905        2037        1        2
1905        2064        1        2
1879        2064        1        2
1879        2090        1        2
1852        2117        1        2
1852        2143        1        2
1826        2143        1        2
1826        2170        1        2
1799        2170        1        2
1799        2196        1        2
1773        2196        1        2
1746        2223        1        2
1720        2223        1        2
1693        2249        1        2
1667        2249        1        2
1640        2249        1        2
1614        2275        1        2
1588        2275        1        2
1561        2275        1        2
1508        2275        1        2
1482        2275        1        2
1455        2275        1        2
1429        2275        1        2
1402        2249        1        2
1376        2249        1        2
1349        2249        1        2
1323        2223        1        2
1323        2196        1        2
1296        2196        1        2
1270        2170        1        2
1244        2143        1        2
1244        2117        1        2
1217        2090        1        2
1217        2064        1        2
1191        2011        1        2
1191        1984        1        2
1164        1958        1        2
1164        1931        1        2
1164        1905        1        2
1138        1905        1        2
1138        1879        1        2
1138        1852        1        2
PEN_UP                  0
PEN_DOWN
1640        1455        1        3
1667        1482        1        3
1667        1508        1        3
1693        1508        1        3
1693        1535        1        3
1720        1535        1        3
1720        1561        1        3
1746        1561        1        3
1773        1561        1        3
1799        1588        1        3
1826        1588        1        3
1852        1588        1        3
1879        1588        1        3
1905        1614        1        3
1931        1614        1        3
1958        1614        1        3
1984        1614        1        3
2011        1614        1        3
2037        1614        1        3
2064        1614        1        3
2090        1614        1        3
2117        1614        1        3
2143        1614        1        3
2170        1614        1        3
2196        1614        1        3
2223        1614        1        3
2223        1640        1        3
2223        1667        1        3
2196        1720        1        3
2196        1746        1        3
2170        1826        1        3
2170        1879        1        3
2143        1958        1        3
2143        2011        1        3
2143        2090        1        3
2117        2170        1        3
2117        2223        1        3
2117        2275        1        3
2117        2328        1        3
2117        2381        1        3
2117        2434        1        3
2117        2461        1        3
2117        2487        1        3
2117        2514        1        3
2117        2487        1        3
2117        2461        1        3
2117        2434        1        3
PEN_UP                  0
PEN_DOWN
1561        1376        1        4
1561        1402        1        4
1535        1402        1        4
1535        1429        1        4
1508        1429        1        4
1508        1455        1        4
1482        1455        1        4
1482        1482        1        4
1455        1482        1        4
1429        1508        1        4
1402        1508        1        4
1376        1535        1        4
1349        1535        1        4
1349        1561        1        4
1323        1561        1        4
1296        1588        1        4
1270        1588        1        4
1244        1614        1        4
1217        1614        1        4
1217        1640        1        4
1191        1640        1        4
1164        1640        1        4
1164        1667        1        4
1191        1667        1        4
1217        1693        1        4
1244        1693        1        4
1270        1693        1        4
1296        1693        1        4
1296        1720        1        4
1323        1720        1        4
1349        1720        1        4
1349        1746        1        4
1376        1746        1        4
1402        1773        1        4
1429        1773        1        4
1455        1799        1        4
1482        1799        1        4
1482        1826        1        4
1508        1826        1        4
1508        1852        1        4
1535        1852        1        4
1535        1879        1        4
1561        1879        1        4
1561        1905        1        4
1588        1905        1        4
1588        1931        1        4
PEN_UP                  0
END_CHARACTER: BJ
