CHARACTER_NAME: NDH
STROKE_COUNT: 5
  X           Y   STYLUS_STATE STROKE
PEN_DOWN
2487        1879        1        1
2487        1905        1        1
2461        1905        1        1
2461        1931        1        1
2434        1931        1        1
2434        1958        1        1
2408        1958        1        1
2381        1958        1        1
2355        1931        1        1
2355        1905        1        1
2328        1905        1        1
2328        1879        1        1
2328        1852        1        1
2328        1826        1        1
2328        1799        1        1
2328        1773        1        1
2355        1773        1        1
2355        1746        1        1
2381        1720        1        1
2381        1693        1        1
2408        1693        1        1
2408        1667        1        1
2434        1667        1        1
2461        1667        1        1
2487        1667        1        1
2514        1667        1        1
2540        1667        1        1
2566        1667        1        1
2593        1667        1        1
2619        1693        1        1
2646        1720        1        1
2672        1720        1        1
2699        1746        1        1
2725        1773        1        1
2752        1799        1        1
2778        1826        1        1
2778        1852        1        1
2805        1852        1        1
2831        1879        1        1
2858        1879        1        1
2884        1879        1        1
PEN_UP                  0
PEN_DOWN
2884        1376        1        2
2858        1376        1        2
2858        1402        1        2
2858        1429        1        2
2858        1455        1        2
2858        1482        1        2
2858        1508        1        2
2858        1535        1        2
2858        1588        1        2
2858        1614        1        2
2858        1667        1        2
2858        1693        1        2
2858        1746        1        2
2858        1773        1        2
2858        1826        1        2
2858        1852        1        2
2858        1905        1        2
2831        1931        1        2
2831        1958        1        2
2831        2011        1        2
2831        2037        1        2
2831        2064        1        2
2831        2117        1        2
2831        2143        1        2
2831        2170        1        2
2831        2196        1        2
2831        2223        1        2
2831        2249        1        2
2831        2275        1        2
2831        2302        1        2
2831        2328        1        2
2831        2302        1        2
2831        2275        1        2
2831        2249        1        2
2805        2223        1        2
PEN_UP                  0
PEN_DOWN
2884        1799        1        3
2884        1826        1        3
2858        1826        1        3
2831        1852        1        3
2805        1879        1        3
2778        1905        1        3
2752        1931        1        3
2725        1958        1        3
2699        2011        1        3
2646        2037        1        3
2619        2064        1        3
2566        2117        1        3
2540        2143        1        3
2514        2170        1        3
2461        2196        1        3
2434        2223        1        3
2408        2249        1        3
2381        2249        1        3
2381        2275        1        3
2355        2275        1        3
2381        2302        1        3
2408        2302        1        3
2434        2302        1        3
2461        2302        1        3
2514        2302        1        3
2540        2275        1        3
2593        2275        1        3
2646        2275        1        3
2672        2275        1        3
2725        2275        1        3
2752        2275        1        3
2805        2275        1        3
2831        2275        1        3
2858        2302        1        3
2884        2302        1        3
2910        2302        1        3
2910        2275        1        3
PEN_UP                  0
PEN_DOWN
2884        1931        1        4
2884        1905        1        4
2910        1879        1        4
2937        1852        1        4
2963        1852        1        4
2990        1826        1        4
3016        1799        1        4
3043        1799        1        4
3069        1773        1        4
3096        1773        1        4
3122        1746        1        4
3149        1746        1        4
3149        1720        1        4
3175        1720        1        4
3201        1720        1        4
3201        1746        1        4
3201        1773        1        4
3201        1826        1        4
3201        1852        1        4
3201        1905        1        4
3201        1958        1        4
3201        2011        1        4
3201        2037        1        4
3201        2090        1        4
3228        2117        1        4
3228        2170        1        4
3228        2196        1        4
3254        2196        1        4
3281        2223        1        4
3307        2223        1        4
3334        2249        1        4
3360        2249        1        4
3387        2223        1        4
3413        2223        1        4
3440        2223        1        4
3440        2196        1        4
3466        2196        1        4
3466        2170        1        4
3440        2143        1        4
PEN_UP                  0
PEN_DOWN
2355        1376        1        5
2328        1402        1        5
2302        1402        1        5
2275        1402        1        5
2275        1429        1        5
2302        1429        1        5
2328        1429        1        5
2381        1429        1        5
2434        1429        1        5
2514        1429        1        5
2593        1402        1        5
2699        1402        1        5
2805        1402        1        5
2884        1376        1        5
2990        1376        1        5
3069        1376        1        5
3149        1376        1        5
3201        1376        1        5
3254        1376        1        5
3281        1376        1        5
3307        1376        1        5
3334        1376        1        5
3334        1349        1        5
3360        1349        1        5
PEN_UP                  0
END_CHARACTER: NDH
