CHARACTER_NAME: PL
STROKE_COUNT: 5
  X           Y   STYLUS_STATE STROKE
PEN_DOWN
1614        2117        1        1
1614        2143        1        1
1640        2143        1        1
1640        2170        1        1
1640        2196        1        1
1667        2196        1        1
1667        2223        1        1
1667        2249        1        1
1693        2275        1        1
1693        2302        1        1
1720        2328        1        1
1720        2355        1        1
1746        2355        1        1
1746        2381        1        1
1773        2408        1        1
1799        2434        1        1
1826        2434        1        1
1852        2408        1        1
1852        2381        1        1
1879        2381        1        1
1879        2355        1        1
1905        2355        1        1
1905        2328        1        1
1931        2328        1        1
1931        2302        1        1
1931        2275        1        1
1958        2275        1        1
1958        2249        1        1
1984        2223        1        1
1984        2196        1        1
2011        2170        1        1
2011        2143        1        1
2037        2090        1        1
2037        2064        1        1
2064        2037        1        1
2064        2011        1        1
2090        1984        1        1
2117        1958        1        1
2117        1931        1        1
2117        1905        1        1
2143        1905        1        1
2143        1879        1        1
PEN_UP                  0
PEN_DOWN
1588        2249        1        2
1588        2223        1        2
1614        2196        1        2
1614        2170        1        2
1640        2170        1        2
1640        2143        1        2
1667        2117        1        2
1720        2090        1        2
1746        2064        1        2
1773        2037        1        2
1799        2011        1        2
1852        2011        1        2
1879        1984        1        2
1931        1984        1        2
1958        1958        1        2
1984        1958        1        2
2011        1958        1        2
2064        1958        1        2
2090        1958        1        2
2117        1958        1        2
2143        1958        1        2
2170        1958        1        2
2196        1958        1        2
2223        1984        1        2
2249        1984        1        2
2275        1984        1        2
2302        2011        1        2
2328        2011        1        2
2355        2037        1        2
2381        2064        1        2
2408        2064        1        2
2434        2090        1        2
2461        2090        1        2
2487        2090        1        2
2514        2117        1        2
2540        2117        1        2
2566        2117        1        2
2593        2117        1        2
PEN_UP                  0
PEN_DOWN
2646        1720        1        3
2646        1746        1        3
2646        1773        1        3
2646        1799        1        3
2619        1826        1        3
2619        1852        1        3
2619        1905        1        3
2619        1931        1        3
2619        1984        1        3
2619        2011        1        3
2619        2064        1        3
2619        2117        1        3
2619        2143        1        3
2619        2196        1        3
2619        2249        1        3
2619        2302        1        3
2619        2328        1        3
2619        2381        1        3
2593        2434        1        3
2593        2487        1        3
2593        2514        1        3
2593        2566        1        3
2593        2593        1        3
2593        2646        1        3
2619        2672        1        3
2619        2699        1        3
2619        2752        1        3
2619        2778        1        3
2619        2805        1        3
2619        2831        1        3
2619        2805        1        3
2619        2778        1        3
PEN_UP                  0
PEN_DOWN
1958        2805        1        4
1931        2831        1        4
1931        2858        1        4
1905        2858        1        4
1905        2884        1        4
1879        2884        1        4
1879        2910        1        4
1852        2910        1        4
1826        2910        1        4
1826        2884        1        4
1799        2884        1        4
1773        2858        1        4
1746        2831        1        4
1746        2805        1        4
1773        2805        1        4
1773        2778        1        4
1773        2752        1        4
1799        2752        1        4
1799        2725        1        4
1799        2699        1        4
1826        2699        1        4
1826        2672        1        4
1852        2672        1        4
1879        2646        1        4
1905        2619        1        4
1931        2593        1        4
1958        2593        1        4
1984        2593        1        4
2011        2593        1        4
2037        2593        1        4
2037        2619        1        4
2064        2619        1        4
2064        2646        1        4
2090        2646        1        4
2090        2672        1        4
2117        2672        1        4
2117        2699        1        4
2143        2699        1        4
2143        2725        1        4
2170        2725        1        4
2170        2752        1        4
2170        2778        1        4
2196        2778        1        4
2196        2805        1        4
2223        2831        1        4
2223        2858        1        4
2223        2831        1        4
2249        2831        1        4
2249        2805        1        4
2249        2778        1        4
2275        2778        1        4
2275        2752        1        4
2302        2725        1        4
2302        2699        1        4
2328        2699        1        4
2328        2672        1        4
2355        2672        1        4
2355        2646        1        4
2381        2646        1        4
2381        2619        1        4
2408        2619        1        4
2434        2619        1        4
2461        2619        1        4
2487        2619        1        4
2514        2619        1        4
2540        2619        1        4
2540        2646        1        4
2566        2646        1        4
2566        2672        1        4
PEN_UP                  0
PEN_DOWN
2514        1720        1        5
2540        1720        1        5
2566        1720        1        5
2593        1720        1        5
2619        1720        1        5
2646        1720        1        5
2672        1720        1        5
2699        1720        1        5
2725        1720        1        5
2752        1720        1        5
2778        1720        1        5
PEN_UP                  0
END_CHARACTER: PL
