CHARACTER_NAME: LP
STROKE_COUNT: 5
  X           Y   STYLUS_STATE STROKE
PEN_DOWN
1667        2223        1        1
1693        2223        1        1
1693        2249        1        1
1693        2275        1        1
1693        2302        1        1
1667        2302        1        1
1640        2302        1        1
1640        2275        1        1
1614        2275        1        1
1614        2249        1        1
1614        2223        1        1
1614        2196        1        1
1614        2143        1        1
1614        2117        1        1
1640        2090        1        1
1640        2064        1        1
1667        2037        1        1
1693        2011        1        1
1720        2011        1        1
1773        2011        1        1
1799        2011        1        1
1852        2011        1        1
1879        2037        1        1
1931        2064        1        1
1958        2090        1        1
1984        2090        1        1
2011        2117        1        1
2037        2143        1        1
2037        2170        1        1
2064        2170        1        1
2064        2196        1        1
2064        2170        1        1
2037        2143        1        1
2037        2117        1        1
2037        2090        1        1
2037        2064        1        1
2064        2037        1        1
2064        1984        1        1
2090        1958        1        1
2117        1958        1        1
2143        1931        1        1
2170        1931        1        1
2223        1931        1        1
2249        1931        1        1
2275        1958        1        1
2328        1984        1        1
2355        1984        1        1
2381        2011        1        1
2408        2037        1        1
2434        2037        1        1
2461        2037        1        1
2434        2037        1        1
2434        2011        1        1
2408        2011        1        1
2408        1958        1        1
2381        1931        1        1
2355        1905        1        1
2355        1852        1        1
2328        1799        1        1
2302        1746        1        1
2302        1693        1        1
2275        1640        1        1
2275        1614        1        1
2275        1588        1        1
2275        1561        1        1
2249        1561        1        1
2249        1535        1        1
2275        1535        1        1
2275        1561        1        1
2249        1561        1        1
2249        1588        1        1
PEN_UP                  0
PEN_DOWN
1931        3016        1        2
1931        2990        1        2
1958        2963        1        2
1958        2910        1        2
1984        2884        1        2
2011        2831        1        2
2037        2805        1        2
2064        2778        1        2
2090        2752        1        2
2117        2725        1        2
2143        2725        1        2
2170        2725        1        2
2196        2752        1        2
2223        2778        1        2
2249        2805        1        2
2275        2831        1        2
2302        2858        1        2
2302        2884        1        2
2328        2910        1        2
2328        2937        1        2
2355        2963        1        2
2355        2990        1        2
2381        2990        1        2
2381        2963        1        2
2381        2937        1        2
2381        2910        1        2
2381        2858        1        2
2381        2805        1        2
2408        2725        1        2
2408        2672        1        2
2408        2646        1        2
2434        2593        1        2
2434        2566        1        2
2461        2540        1        2
2461        2514        1        2
2461        2487        1        2
2487        2514        1        2
2461        2540        1        2
PEN_UP                  0
PEN_DOWN
2143        2831        1        3
2143        2805        1        3
2143        2778        1        3
2143        2752        1        3
2170        2725        1        3
2170        2699        1        3
2196        2672        1        3
2223        2646        1        3
2249        2619        1        3
2275        2593        1        3
2302        2593        1        3
2355        2566        1        3
2381        2566        1        3
2408        2566        1        3
2461        2566        1        3
2487        2566        1        3
2514        2566        1        3
2566        2593        1        3
2593        2593        1        3
2619        2593        1        3
2646        2619        1        3
2672        2619        1        3
2672        2646        1        3
PEN_UP                  0
PEN_DOWN
2434        2064        1        4
2434        2037        1        4
2461        2037        1        4
2461        2064        1        4
2487        2090        1        4
2514        2143        1        4
2540        2196        1        4
2566        2275        1        4
2593        2328        1        4
2619        2408        1        4
2646        2487        1        4
2672        2540        1        4
2699        2619        1        4
2725        2672        1        4
2752        2725        1        4
2778        2778        1        4
2778        2805        1        4
2805        2831        1        4
2805        2884        1        4
2831        2884        1        4
2831        2910        1        4
2831        2937        1        4
2858        2937        1        4
2831        2937        1        4
2805        2937        1        4
2778        2910        1        4
PEN_UP                  0
PEN_DOWN
1799        1773        1        5
1773        1773        1        5
1746        1773        1        5
1773        1773        1        5
1826        1773        1        5
1879        1746        1        5
1958        1720        1        5
2037        1667        1        5
2143        1640        1        5
2249        1588        1        5
2381        1535        1        5
2487        1482        1        5
2593        1429        1        5
2699        1402        1        5
2778        1376        1        5
2831        1349        1        5
2858        1349        1        5
2910        1323        1        5
2937        1323        1        5
2963        1296        1        5
2963        1323        1        5
2990        1323        1        5
2990        1349        1        5
2990        1376        1        5
PEN_UP                  0
END_CHARACTER: LP
