CHARACTER_NAME: SC
STROKE_COUNT: 2
  X           Y   STYLUS_STATE STROKE
PEN_DOWN
1535        2302        1        1
1535        2275        1        1
1561        2275        1        1
1561        2249        1        1
1588        2249        1        1
1588        2223        1        1
1614        2196        1        1
1640        2170        1        1
1640        2143        1        1
1667        2143        1        1
1693        2117        1        1
1720        2090        1        1
1773        2064        1        1
1799        2037        1        1
1852        1984        1        1
1905        1958        1        1
1958        1931        1        1
2011        1905        1        1
2064        1905        1        1
2117        1879        1        1
2143        1879        1        1
2196        1852        1        1
2223        1852        1        1
2249        1879        1        1
2275        1905        1        1
2275        1931        1        1
2302        1984        1        1
2275        2011        1        1
2275        2064        1        1
2275        2117        1        1
2249        2170        1        1
2223        2223        1        1
2196        2275        1        1
2196        2302        1        1
2170        2328        1        1
2143        2355        1        1
2143        2381        1        1
2117        2381        1        1
2117        2355        1        1
2143        2328        1        1
2143        2302        1        1
2170        2275        1        1
2196        2249        1        1
2223        2196        1        1
2249        2170        1        1
2302        2143        1        1
2328        2117        1        1
2381        2090        1        1
2434        2064        1        1
2487        2037        1        1
2514        2037        1        1
2566        2037        1        1
2593        2064        1        1
2646        2064        1        1
2672        2090        1        1
2672        2117        1        1
2699        2143        1        1
2699        2170        1        1
2699        2196        1        1
2672        2249        1        1
2646        2249        1        1
2646        2275        1        1
2619        2302        1        1
2593        2302        1        1
2566        2302        1        1
2540        2275        1        1
2514        2249        1        1
2514        2196        1        1
2514        2143        1        1
2514        2090        1        1
2540        2037        1        1
2566        1984        1        1
2619        1931        1        1
2646        1879        1        1
2699        1826        1        1
2752        1799        1        1
2778        1773        1        1
2831        1746        1        1
2858        1720        1        1
2884        1693        1        1
2910        1693        1        1
2937        1667        1        1
2963        1667        1        1
2990        1667        1        1
2990        1693        1        1
3016        1720        1        1
3043        1746        1        1
3069        1773        1        1
3096        1826        1        1
3122        1879        1        1
3122        1931        1        1
3149        2011        1        1
3175        2090        1        1
3175        2143        1        1
3201        2223        1        1
3201        2275        1        1
3201        2355        1        1
3201        2408        1        1
3228        2434        1        1
3228        2487        1        1
3228        2514        1        1
3254        2514        1        1
3254        2540        1        1
3281        2540        1        1
3307        2540        1        1
3334        2540        1        1
3360        2514        1        1
3387        2487        1        1
3413        2461        1        1
3466        2408        1        1
3493        2381        1        1
3519        2355        1        1
3519        2328        1        1
3545        2302        1        1
3545        2275        1        1
3545        2249        1        1
3519        2223        1        1
3493        2223        1        1
3466        2249        1        1
3440        2249        1        1
3413        2249        1        1
3413        2275        1        1
3387        2275        1        1
3360        2275        1        1
3334        2275        1        1
3307        2275        1        1
PEN_UP                  0
PEN_DOWN
2831        1640        1        2
2805        1667        1        2
2831        1640        1        2
2884        1614        1        2
2937        1588        1        2
3016        1561        1        2
3096        1535        1        2
3201        1482        1        2
3281        1455        1        2
3360        1402        1        2
3440        1376        1        2
3493        1349        1        2
3519        1323        1        2
3545        1323        1        2
3572        1323        1        2
3572        1296        1        2
3598        1296        1        2
3598        1323        1        2
3598        1349        1        2
3598        1376        1        2
3598        1402        1        2
PEN_UP                  0
END_CHARACTER: SC
