CHARACTER_NAME: SKH
STROKE_COUNT: 3
  X           Y   STYLUS_STATE STROKE
PEN_DOWN
1164        2408        1        1
1164        2381        1        1
1191        2381        1        1
1191        2355        1        1
1244        2302        1        1
1296        2275        1        1
1349        2223        1        1
1429        2196        1        1
1508        2143        1        1
1588        2090        1        1
1693        2064        1        1
1746        2011        1        1
1826        1984        1        1
1879        1958        1        1
1931        1931        1        1
1958        1905        1        1
1984        1905        1        1
2011        1879        1        1
2037        1879        1        1
2064        1852        1        1
2064        1879        1        1
2037        1879        1        1
PEN_UP                  0
PEN_DOWN
1455        2223        1        2
1455        2249        1        2
1455        2275        1        2
1482        2328        1        2
1482        2355        1        2
1482        2381        1        2
1508        2434        1        2
1508        2461        1        2
1535        2514        1        2
1535        2540        1        2
1561        2566        1        2
1561        2593        1        2
1588        2593        1        2
1588        2619        1        2
1614        2619        1        2
1640        2619        1        2
1667        2619        1        2
1693        2593        1        2
1720        2566        1        2
1746        2540        1        2
1773        2514        1        2
1773        2487        1        2
1799        2434        1        2
1799        2408        1        2
1799        2381        1        2
1826        2328        1        2
1826        2302        1        2
1826        2275        1        2
1826        2249        1        2
1826        2275        1        2
1826        2302        1        2
1852        2328        1        2
1852        2355        1        2
1852        2381        1        2
1879        2408        1        2
1879        2434        1        2
1905        2461        1        2
1905        2487        1        2
1931        2487        1        2
1958        2514        1        2
1984        2514        1        2
2011        2514        1        2
2037        2514        1        2
2064        2487        1        2
2090        2487        1        2
2117        2434        1        2
2143        2408        1        2
2170        2381        1        2
2170        2328        1        2
2196        2275        1        2
2196        2223        1        2
2196        2196        1        2
2196        2143        1        2
2170        2090        1        2
2170        2064        1        2
2143        2011        1        2
2143        1984        1        2
2117        1958        1        2
2090        1931        1        2
2064        1931        1        2
2064        1905        1        2
2037        1905        1        2
2011        1905        1        2
1984        1905        1        2
1958        1905        1        2
1931        1905        1        2
1931        1931        1        2
1958        1958        1        2
PEN_UP                  0
PEN_DOWN
2143        2434        1        3
2170        2434        1        3
2170        2461        1        3
2196        2487        1        3
2223        2487        1        3
2249        2461        1        3
2275        2461        1        3
2275        2434        1        3
2302        2434        1        3
2328        2408        1        3
2355        2355        1        3
2381        2328        1        3
2408        2302        1        3
2434        2275        1        3
2461        2223        1        3
2487        2170        1        3
2514        2143        1        3
2540        2090        1        3
2566        2037        1        3
2566        1984        1        3
2593        1958        1        3
2593        1905        1        3
2619        1879        1        3
2593        1826        1        3
2593        1799        1        3
2593        1773        1        3
2566        1746        1        3
2566        1720        1        3
2540        1720        1        3
2540        1693        1        3
2514        1720        1        3
2487        1746        1        3
2461        1773        1        3
2461        1799        1        3
2461        1826        1        3
2461        1852        1        3
2461        1879        1        3
2461        1905        1        3
2487        1931        1        3
2514        1958        1        3
2540        1958        1        3
2593        1958        1        3
2619        1958        1        3
2646        1958        1        3
2672        1984        1        3
2699        1984        1        3
2725        1984        1        3
2752        1984        1        3
2778        1984        1        3
2778        2011        1        3
2805        2011        1        3
2805        2037        1        3
2831        2037        1        3
2831        2064        1        3
2831        2090        1        3
2805        2143        1        3
2805        2170        1        3
2805        2196        1        3
2778        2223        1        3
2778        2275        1        3
2778        2302        1        3
2752        2328        1        3
2752        2355        1        3
2752        2381        1        3
2778        2355        1        3
2805        2328        1        3
2831        2302        1        3
2858        2275        1        3
2884        2249        1        3
2937        2223        1        3
2963        2196        1        3
2990        2170        1        3
3016        2170        1        3
3043        2143        1        3
3069        2143        1        3
3096        2117        1        3
3122        2117        1        3
3149        2117        1        3
3175        2143        1        3
3201        2143        1        3
3228        2170        1        3
3254        2196        1        3
3254        2170        1        3
3228        2170        1        3
3228        2143        1        3
3201        2117        1        3
3201        2064        1        3
3175        2037        1        3
3149        1984        1        3
3122        1931        1        3
3096        1879        1        3
3096        1826        1        3
3069        1773        1        3
3043        1720        1        3
3016        1693        1        3
3016        1640        1        3
2990        1614        1        3
2963        1588        1        3
2963        1561        1        3
2963        1535        1        3
2937        1508        1        3
2937        1482        1        3
2910        1482        1        3
2910        1455        1        3
2884        1455        1        3
2858        1455        1        3
2831        1455        1        3
2805        1482        1        3
2778        1482        1        3
2778        1508        1        3
2752        1508        1        3
2778        1482        1        3
2805        1482        1        3
2858        1455        1        3
2910        1402        1        3
2990        1376        1        3
3069        1323        1        3
3149        1296        1        3
3228        1244        1        3
3281        1217        1        3
3334        1191        1        3
3387        1164        1        3
3413        1138        1        3
3440        1138        1        3
3466        1111        1        3
3493        1111        1        3
3493        1085        1        3
3519        1111        1        3
3519        1138        1        3
3519        1164        1        3
PEN_UP                  0
END_CHARACTER: SKH
