CHARACTER_NAME: NKH
STROKE_COUNT: 3
  X           Y   STYLUS_STATE STROKE
PEN_DOWN
1535        1614        1        1
1535        1588        1        1
1508        1588        1        1
PEN_UP                  0
PEN_DOWN
1032        1667        1        2
1058        1667        1        2
1111        1640        1        2
1164        1640        1        2
1217        1640        1        2
1296        1640        1        2
1349        1614        1        2
1429        1614        1        2
1508        1614        1        2
1561        1614        1        2
1614        1614        1        2
1640        1588        1        2
1667        1588        1        2
1693        1588        1        2
1720        1588        1        2
1746        1588        1        2
1720        1614        1        2
1720        1640        1        2
1720        1667        1        2
1746        1693        1        2
1746        1720        1        2
1773        1720        1        2
1799        1746        1        2
1826        1746        1        2
1852        1746        1        2
1879        1746        1        2
1905        1746        1        2
1931        1746        1        2
1984        1746        1        2
2011        1746        1        2
2037        1720        1        2
2064        1720        1        2
2090        1693        1        2
2117        1693        1        2
2117        1667        1        2
2143        1640        1        2
2143        1614        1        2
2143        1588        1        2
2143        1561        1        2
2143        1535        1        2
2117        1535        1        2
2090        1535        1        2
2064        1561        1        2
2037        1561        1        2
2037        1588        1        2
2011        1614        1        2
1984        1640        1        2
1984        1667        1        2
1958        1693        1        2
1958        1720        1        2
1931        1746        1        2
1931        1773        1        2
1931        1799        1        2
1931        1826        1        2
1931        1852        1        2
1931        1879        1        2
1958        1905        1        2
1958        1931        1        2
1984        1931        1        2
2011        1958        1        2
2037        1958        1        2
2064        1931        1        2
2090        1931        1        2
2117        1931        1        2
2170        1905        1        2
2196        1905        1        2
2223        1905        1        2
2249        1879        1        2
2275        1879        1        2
2302        1879        1        2
2328        1852        1        2
2355        1852        1        2
2381        1879        1        2
2355        1879        1        2
2355        1905        1        2
2355        1931        1        2
2328        1958        1        2
2328        1984        1        2
2302        2011        1        2
2275        2037        1        2
2249        2064        1        2
2223        2090        1        2
2196        2117        1        2
2143        2143        1        2
2117        2170        1        2
2064        2196        1        2
2011        2223        1        2
1958        2249        1        2
1905        2249        1        2
1826        2275        1        2
1746        2275        1        2
1693        2275        1        2
1614        2275        1        2
1561        2249        1        2
1482        2249        1        2
1429        2223        1        2
1402        2196        1        2
1349        2170        1        2
1323        2117        1        2
1296        2090        1        2
1296        2037        1        2
1270        2011        1        2
1270        1984        1        2
1270        1958        1        2
1270        1931        1        2
1270        1905        1        2
1270        1879        1        2
1296        1879        1        2
1296        1905        1        2
1323        1931        1        2
PEN_UP                  0
PEN_DOWN
2275        2434        1        3
2302        2434        1        3
2302        2408        1        3
2328        2408        1        3
2355        2381        1        3
2355        2355        1        3
2381        2355        1        3
2408        2328        1        3
2408        2302        1        3
2434        2249        1        3
2461        2223        1        3
2461        2196        1        3
2461        2143        1        3
2487        2117        1        3
2487        2090        1        3
2487        2064        1        3
2487        2037        1        3
2487        2011        1        3
2487        1984        1        3
2487        1958        1        3
2461        1958        1        3
2461        1931        1        3
2461        1905        1        3
2434        1879        1        3
2461        1879        1        3
2461        1905        1        3
2487        1905        1        3
2514        1905        1        3
2540        1931        1        3
2566        1931        1        3
2593        1931        1        3
2646        1958        1        3
2672        1958        1        3
2699        1958        1        3
2699        1984        1        3
2725        1984        1        3
2752        1984        1        3
2752        2011        1        3
2778        2037        1        3
2778        2064        1        3
2778        2090        1        3
2752        2117        1        3
2752        2143        1        3
2725        2170        1        3
2725        2196        1        3
2699        2249        1        3
2672        2275        1        3
2672        2302        1        3
2646        2328        1        3
2619        2328        1        3
2619        2355        1        3
2593        2355        1        3
2593        2381        1        3
2619        2381        1        3
2646        2355        1        3
2672        2355        1        3
2699        2355        1        3
2752        2355        1        3
2778        2355        1        3
2805        2328        1        3
2858        2328        1        3
2884        2328        1        3
2910        2328        1        3
2937        2328        1        3
2937        2355        1        3
2963        2355        1        3
2963        2328        1        3
2963        2302        1        3
2963        2275        1        3
2963        2223        1        3
2963        2170        1        3
2963        2117        1        3
2963        2064        1        3
2963        2011        1        3
2963        1958        1        3
2963        1905        1        3
2963        1852        1        3
2963        1799        1        3
2963        1746        1        3
2963        1720        1        3
2963        1667        1        3
2963        1640        1        3
2963        1588        1        3
2963        1561        1        3
2963        1535        1        3
2963        1508        1        3
2963        1482        1        3
2937        1482        1        3
2910        1482        1        3
2937        1482        1        3
2963        1482        1        3
2990        1482        1        3
3043        1482        1        3
3096        1482        1        3
3149        1455        1        3
3228        1455        1        3
3281        1455        1        3
3360        1429        1        3
3413        1429        1        3
3493        1429        1        3
3519        1429        1        3
3545        1429        1        3
3572        1402        1        3
3598        1402        1        3
3625        1402        1        3
3651        1402        1        3
3651        1429        1        3
3651        1455        1        3
PEN_UP                  0
END_CHARACTER: NKH
