CHARACTER_NAME: MTA
STROKE_COUNT: 3
  X           Y   STYLUS_STATE STROKE
PEN_DOWN
1085        1931        1        1
1111        1931        1        1
1138        1931        1        1
1138        1905        1        1
1164        1905        1        1
1191        1905        1        1
1244        1879        1        1
1270        1879        1        1
1323        1852        1        1
1376        1852        1        1
1429        1826        1        1
1455        1826        1        1
1508        1799        1        1
1535        1799        1        1
1561        1799        1        1
1561        1773        1        1
1588        1773        1        1
1614        1773        1        1
1614        1799        1        1
1614        1826        1        1
1640        1852        1        1
1640        1879        1        1
1640        1905        1        1
1667        1931        1        1
1667        1984        1        1
1693        2037        1        1
1693        2090        1        1
1693        2143        1        1
1720        2196        1        1
1720        2249        1        1
1720        2302        1        1
1720        2355        1        1
1720        2381        1        1
1720        2408        1        1
1720        2434        1        1
1720        2461        1        1
1720        2487        1        1
1746        2514        1        1
1746        2487        1        1
1773        2487        1        1
1799        2461        1        1
1826        2434        1        1
1879        2408        1        1
1905        2381        1        1
1931        2355        1        1
1984        2328        1        1
2011        2302        1        1
2037        2249        1        1
2064        2223        1        1
2090        2196        1        1
2117        2196        1        1
2117        2170        1        1
2117        2143        1        1
2143        2117        1        1
2143        2090        1        1
2143        2064        1        1
2117        2037        1        1
2090        2011        1        1
2064        2037        1        1
2037        2037        1        1
2011        2064        1        1
1984        2064        1        1
1984        2090        1        1
1958        2090        1        1
1958        2117        1        1
1984        2143        1        1
2011        2143        1        1
2037        2143        1        1
2064        2143        1        1
2090        2143        1        1
2064        2143        1        1
2037        2143        1        1
PEN_UP                  0
PEN_DOWN
1455        1773        1        2
1482        1773        1        2
1482        1746        1        2
1508        1746        1        2
1535        1746        1        2
1561        1720        1        2
1561        1693        1        2
1588        1667        1        2
1614        1667        1        2
1640        1640        1        2
1640        1614        1        2
1667        1588        1        2
1667        1561        1        2
1667        1535        1        2
1640        1508        1        2
1640        1482        1        2
1614        1455        1        2
1561        1455        1        2
1535        1455        1        2
1482        1455        1        2
1429        1455        1        2
1376        1482        1        2
1323        1508        1        2
1296        1508        1        2
1244        1535        1        2
1217        1535        1        2
1191        1535        1        2
1164        1508        1        2
1164        1482        1        2
1138        1455        1        2
1138        1429        1        2
1138        1376        1        2
1138        1323        1        2
1164        1270        1        2
1164        1217        1        2
1191        1164        1        2
1191        1111        1        2
1217        1085        1        2
1244        1032        1        2
1270        1005        1        2
1296         979        1        2
1296         953        1        2
1323         953        1        2
1296         953        1        2
1323         953        1        2
1349         953        1        2
1376         979        1        2
1376        1005        1        2
1402        1032        1        2
PEN_UP                  0
PEN_DOWN
1614        1799        1        3
1640        1799        1        3
1640        1773        1        3
1667        1773        1        3
1720        1746        1        3
1746        1746        1        3
1799        1720        1        3
1852        1720        1        3
1905        1693        1        3
1958        1693        1        3
2011        1667        1        3
2064        1667        1        3
2090        1640        1        3
2117        1640        1        3
PEN_UP                  0
END_CHARACTER: MTA
