CHARACTER_NAME: PHA
STROKE_COUNT: 2
  X           Y   STYLUS_STATE STROKE
PEN_DOWN
 926        1852        1        1
 926        1826        1        1
 953        1826        1        1
 979        1852        1        1
1005        1879        1        1
1032        1879        1        1
1058        1905        1        1
1085        1905        1        1
1111        1931        1        1
1138        1931        1        1
1191        1958        1        1
1244        1958        1        1
1270        1958        1        1
1323        1958        1        1
1376        1958        1        1
1429        1958        1        1
1482        1958        1        1
1535        1958        1        1
1588        1931        1        1
1614        1931        1        1
1640        1931        1        1
1667        1931        1        1
1693        1931        1        1
1693        1958        1        1
1667        1984        1        1
1640        1984        1        1
1640        2011        1        1
1614        2037        1        1
1588        2064        1        1
1535        2090        1        1
1508        2117        1        1
1482        2143        1        1
1429        2196        1        1
1402        2223        1        1
1376        2275        1        1
1349        2328        1        1
1323        2355        1        1
1296        2408        1        1
1270        2434        1        1
1270        2461        1        1
1244        2487        1        1
1244        2514        1        1
1244        2540        1        1
1217        2566        1        1
1217        2593        1        1
1244        2619        1        1
1270        2593        1        1
1296        2593        1        1
1349        2593        1        1
1402        2566        1        1
1455        2566        1        1
1508        2540        1        1
1588        2540        1        1
1667        2514        1        1
1720        2487        1        1
1799        2487        1        1
1852        2487        1        1
1931        2461        1        1
1958        2461        1        1
2011        2487        1        1
2037        2487        1        1
2090        2487        1        1
2090        2514        1        1
2117        2514        1        1
2143        2540        1        1
2143        2566        1        1
2170        2566        1        1
2170        2593        1        1
2170        2619        1        1
2170        2593        1        1
2170        2566        1        1
2170        2540        1        1
2143        2514        1        1
2143        2461        1        1
2117        2408        1        1
2117        2328        1        1
2117        2275        1        1
2090        2223        1        1
2090        2143        1        1
2064        2090        1        1
2064        2037        1        1
2064        2011        1        1
2064        1958        1        1
2064        1905        1        1
2064        1879        1        1
2064        1852        1        1
2064        1826        1        1
2064        1799        1        1
2064        1773        1        1
2064        1746        1        1
2090        1720        1        1
2117        1693        1        1
2143        1693        1        1
2196        1693        1        1
2223        1693        1        1
2275        1693        1        1
2328        1693        1        1
2381        1720        1        1
2408        1720        1        1
2461        1746        1        1
2487        1773        1        1
2514        1799        1        1
2514        1826        1        1
2514        1852        1        1
2514        1905        1        1
2487        1931        1        1
2461        1958        1        1
2408        1984        1        1
2381        2011        1        1
2328        2037        1        1
2302        2037        1        1
2275        2037        1        1
2249        2037        1        1
2223        2037        1        1
2223        2011        1        1
2249        1984        1        1
2275        1984        1        1
2275        1958        1        1
2302        1958        1        1
2328        1931        1        1
2355        1931        1        1
2355        1958        1        1
2328        1984        1        1
PEN_UP                  0
PEN_DOWN
 794        1958        1        2
 820        1931        1        2
 847        1931        1        2
 873        1931        1        2
 953        1905        1        2
1032        1879        1        2
1111        1852        1        2
1244        1826        1        2
1402        1799        1        2
1561        1746        1        2
1720        1693        1        2
1879        1667        1        2
2011        1614        1        2
2117        1588        1        2
2223        1561        1        2
2302        1535        1        2
2355        1508        1        2
2381        1508        1        2
2408        1482        1        2
2434        1482        1        2
2434        1508        1        2
2461        1508        1        2
PEN_UP                  0
END_CHARACTER: PHA
