CHARACTER_NAME: DHRA
STROKE_COUNT: 3
  X           Y   STYLUS_STATE STROKE
PEN_DOWN
1138        1984        1        1
1111        1984        1        1
1138        1958        1        1
1164        1931        1        1
1244        1931        1        1
1323        1905        1        1
1429        1852        1        1
1588        1826        1        1
1720        1799        1        1
1852        1746        1        1
2011        1693        1        1
2117        1667        1        1
2249        1614        1        1
2328        1588        1        1
2408        1561        1        1
2487        1535        1        1
2514        1508        1        1
2566        1508        1        1
2593        1482        1        1
2566        1508        1        1
2540        1535        1        1
PEN_UP                  0
PEN_DOWN
1746        1799        1        2
1773        1799        1        2
1773        1826        1        2
1773        1852        1        2
1799        1879        1        2
1799        1931        1        2
1826        1984        1        2
1826        2064        1        2
1826        2143        1        2
1852        2249        1        2
1852        2355        1        2
1879        2461        1        2
1879        2540        1        2
1879        2619        1        2
1905        2699        1        2
1905        2778        1        2
1905        2831        1        2
1931        2884        1        2
1931        2910        1        2
1931        2963        1        2
1931        2990        1        2
1958        2990        1        2
1958        3016        1        2
1984        3016        1        2
2011        3016        1        2
2037        2990        1        2
2090        2990        1        2
2117        2963        1        2
2170        2937        1        2
2196        2884        1        2
2249        2858        1        2
2302        2805        1        2
2328        2752        1        2
2355        2725        1        2
2408        2672        1        2
2408        2619        1        2
2434        2566        1        2
2461        2514        1        2
2461        2461        1        2
2461        2408        1        2
2461        2355        1        2
2461        2328        1        2
2461        2275        1        2
2434        2249        1        2
2434        2223        1        2
2408        2223        1        2
2408        2196        1        2
2381        2196        1        2
2355        2196        1        2
2328        2223        1        2
2302        2249        1        2
2275        2275        1        2
2249        2302        1        2
2249        2328        1        2
2223        2328        1        2
2223        2355        1        2
2223        2381        1        2
2249        2408        1        2
2275        2408        1        2
2275        2381        1        2
2302        2381        1        2
2328        2381        1        2
2355        2381        1        2
2355        2408        1        2
PEN_UP                  0
PEN_DOWN
2223        3307        1        3
2223        3334        1        3
2223        3360        1        3
2223        3387        1        3
2223        3413        1        3
2249        3413        1        3
2249        3440        1        3
2275        3413        1        3
2302        3413        1        3
2328        3387        1        3
2355        3387        1        3
2381        3360        1        3
2381        3334        1        3
2381        3307        1        3
2355        3307        1        3
2328        3334        1        3
2302        3334        1        3
2275        3334        1        3
2275        3360        1        3
PEN_UP                  0
END_CHARACTER: DHRA
