CHARACTER_NAME: KM
STROKE_COUNT: 3
  X           Y   STYLUS_STATE STROKE
PEN_DOWN
 953        2275        1        1
 953        2249        1        1
 979        2249        1        1
 979        2223        1        1
1005        2223        1        1
1032        2196        1        1
1058        2170        1        1
1111        2143        1        1
1138        2143        1        1
1191        2117        1        1
1244        2090        1        1
1296        2064        1        1
1349        2037        1        1
1402        2011        1        1
1455        1984        1        1
1535        1958        1        1
1588        1931        1        1
1614        1931        1        1
1667        1905        1        1
1693        1905        1        1
1720        1879        1        1
1746        1879        1        1
1773        1879        1        1
1799        1879        1        1
1799        1852        1        1
1826        1852        1        1
1826        1879        1        1
1799        1879        1        1
1799        1905        1        1
1773        1931        1        1
1746        1958        1        1
1720        1984        1        1
1693        2037        1        1
1667        2064        1        1
1640        2117        1        1
1614        2143        1        1
1614        2196        1        1
1588        2223        1        1
1561        2275        1        1
1535        2302        1        1
1535        2328        1        1
1535        2355        1        1
1508        2381        1        1
1508        2408        1        1
1508        2434        1        1
1535        2434        1        1
1561        2408        1        1
1588        2408        1        1
1614        2408        1        1
1667        2381        1        1
1693        2381        1        1
1746        2355        1        1
1773        2355        1        1
1826        2355        1        1
1852        2355        1        1
1879        2328        1        1
1905        2355        1        1
1931        2355        1        1
1958        2355        1        1
1984        2381        1        1
2011        2408        1        1
2037        2434        1        1
2037        2408        1        1
2011        2381        1        1
2011        2355        1        1
2011        2302        1        1
1984        2275        1        1
1958        2249        1        1
1958        2196        1        1
1931        2170        1        1
1931        2143        1        1
1905        2090        1        1
1905        2064        1        1
1879        2037        1        1
1879        2011        1        1
1879        1984        1        1
1852        1958        1        1
1852        1931        1        1
1826        1931        1        1
1826        1905        1        1
1826        1879        1        1
1826        1852        1        1
1826        1826        1        1
1826        1799        1        1
1852        1799        1        1
1879        1826        1        1
1905        1826        1        1
1931        1826        1        1
1958        1852        1        1
1984        1852        1        1
2037        1879        1        1
2064        1879        1        1
2090        1879        1        1
2117        1905        1        1
2143        1931        1        1
2170        1958        1        1
2170        1984        1        1
2170        2011        1        1
2170        2037        1        1
2143        2064        1        1
2143        2090        1        1
2117        2090        1        1
2090        2117        1        1
2090        2090        1        1
2064        2090        1        1
2064        2064        1        1
2090        2064        1        1
2090        2037        1        1
2117        2064        1        1
2090        2090        1        1
PEN_UP                  0
PEN_DOWN
2196        2566        1        2
2196        2540        1        2
2196        2566        1        2
2196        2593        1        2
2196        2619        1        2
2196        2646        1        2
2170        2646        1        2
2170        2672        1        2
2143        2699        1        2
2117        2725        1        2
2090        2725        1        2
2064        2725        1        2
2037        2699        1        2
2011        2672        1        2
2011        2646        1        2
1984        2619        1        2
1984        2593        1        2
1984        2566        1        2
1984        2540        1        2
2011        2487        1        2
2011        2461        1        2
2037        2434        1        2
2037        2408        1        2
2064        2381        1        2
2090        2355        1        2
2117        2328        1        2
2143        2302        1        2
2170        2275        1        2
2196        2249        1        2
2223        2249        1        2
2249        2223        1        2
2275        2223        1        2
2302        2223        1        2
2328        2223        1        2
2355        2223        1        2
2381        2249        1        2
2408        2249        1        2
2434        2249        1        2
2461        2275        1        2
2461        2302        1        2
2487        2302        1        2
2514        2328        1        2
2514        2355        1        2
2540        2355        1        2
2540        2381        1        2
2566        2381        1        2
2566        2408        1        2
2593        2434        1        2
2593        2461        1        2
2619        2461        1        2
2593        2434        1        2
2593        2408        1        2
2593        2381        1        2
2566        2355        1        2
2566        2328        1        2
2540        2302        1        2
2514        2249        1        2
2487        2223        1        2
2487        2170        1        2
2461        2117        1        2
2434        2090        1        2
2408        2037        1        2
2381        1984        1        2
2381        1958        1        2
2355        1905        1        2
2328        1852        1        2
2328        1826        1        2
2302        1773        1        2
2302        1746        1        2
2275        1693        1        2
2275        1667        1        2
2275        1640        1        2
2275        1614        1        2
2249        1614        1        2
2249        1588        1        2
2249        1561        1        2
2249        1588        1        2
2249        1614        1        2
2249        1640        1        2
2249        1667        1        2
PEN_UP                  0
PEN_DOWN
1826        1852        1        3
1852        1852        1        3
1879        1826        1        3
1905        1826        1        3
1931        1799        1        3
1984        1799        1        3
2037        1773        1        3
2090        1746        1        3
2143        1720        1        3
2223        1667        1        3
2275        1640        1        3
2355        1614        1        3
2408        1588        1        3
2461        1561        1        3
2514        1535        1        3
2566        1508        1        3
2593        1482        1        3
2619        1482        1        3
2646        1455        1        3
2672        1455        1        3
2672        1482        1        3
2646        1482        1        3
2646        1508        1        3
PEN_UP                  0
END_CHARACTER: KM
