CHARACTER_NAME: BJ
STROKE_COUNT: 4
  X           Y   STYLUS_STATE STROKE
PEN_DOWN
1005        1455        1        1
1032        1455        1        1
1058        1455        1        1
1085        1455        1        1
1111        1455        1        1
1164        1455        1        1
1217        1429        1        1
1270        1429        1        1
1323        1429        1        1
1376        1402        1        1
1455        1402        1        1
1508        1402        1        1
1561        1376        1        1
1614        1376        1        1
1667        1376        1        1
1720        1349        1        1
1746        1349        1        1
1773        1349        1        1
1799        1349        1        1
1826        1349        1        1
1852        1349        1        1
1852        1323        1        1
1826        1323        1        1
1799        1323        1        1
1773        1349        1        1
1773        1376        1        1
1773        1402        1        1
1746        1455        1        1
1746        1482        1        1
1746        1508        1        1
1720        1561        1        1
1720        1588        1        1
1720        1640        1        1
1693        1667        1        1
1693        1720        1        1
1693        1746        1        1
1667        1799        1        1
1667        1826        1        1
1667        1852        1        1
1667        1879        1        1
1667        1905        1        1
1667        1931        1        1
1667        1958        1        1
1667        1931        1        1
1693        1931        1        1
1720        1905        1        1
1746        1879        1        1
1773        1852        1        1
1799        1826        1        1
1826        1826        1        1
1826        1799        1        1
1852        1799        1        1
1852        1773        1        1
1879        1773        1        1
1905        1773        1        1
1931        1773        1        1
1958        1773        1        1
1984        1773        1        1
1984        1799        1        1
2011        1799        1        1
2037        1799        1        1
2037        1826        1        1
2064        1826        1        1
2064        1852        1        1
2090        1879        1        1
2117        1905        1        1
2117        1931        1        1
2117        1984        1        1
2117        2011        1        1
2117        2064        1        1
2117        2090        1        1
2117        2143        1        1
2090        2196        1        1
2064        2223        1        1
2064        2249        1        1
2011        2302        1        1
1984        2328        1        1
1931        2355        1        1
1905        2381        1        1
1852        2408        1        1
1773        2434        1        1
1720        2434        1        1
1640        2461        1        1
1561        2461        1        1
1482        2461        1        1
1402        2461        1        1
1349        2461        1        1
1270        2461        1        1
1244        2434        1        1
1191        2434        1        1
1164        2408        1        1
1138        2408        1        1
1111        2381        1        1
1085        2381        1        1
1058        2355        1        1
1058        2328        1        1
PEN_UP                  0
PEN_DOWN
1640        1349        1        2
1640        1376        1        2
1614        1402        1        2
PEN_UP                  0
PEN_DOWN
1879        1376        1        3
1879        1402        1        3
1905        1429        1        3
1905        1455        1        3
1905        1482        1        3
1931        1482        1        3
1931        1508        1        3
1958        1535        1        3
1984        1561        1        3
2011        1588        1        3
2037        1588        1        3
2064        1588        1        3
2090        1614        1        3
2117        1614        1        3
2170        1640        1        3
2196        1640        1        3
2223        1640        1        3
2275        1640        1        3
2302        1640        1        3
2328        1640        1        3
2355        1640        1        3
2381        1640        1        3
2408        1640        1        3
2434        1640        1        3
2408        1667        1        3
2381        1693        1        3
2381        1720        1        3
2355        1746        1        3
2328        1799        1        3
2328        1826        1        3
2302        1879        1        3
2302        1931        1        3
2302        1984        1        3
2275        2064        1        3
2275        2117        1        3
2302        2196        1        3
2302        2275        1        3
2328        2328        1        3
2328        2408        1        3
2355        2461        1        3
2381        2514        1        3
2408        2566        1        3
2434        2593        1        3
2487        2619        1        3
2514        2646        1        3
2540        2672        1        3
2566        2672        1        3
2593        2699        1        3
2619        2699        1        3
2619        2725        1        3
2619        2699        1        3
2593        2699        1        3
PEN_UP                  0
PEN_DOWN
1773        1376        1        4
1746        1376        1        4
1746        1402        1        4
1720        1402        1        4
1693        1429        1        4
1667        1455        1        4
1640        1482        1        4
1614        1482        1        4
1561        1508        1        4
1535        1535        1        4
1508        1561        1        4
1482        1588        1        4
1455        1614        1        4
1429        1614        1        4
1402        1640        1        4
1376        1667        1        4
1349        1693        1        4
1323        1693        1        4
1323        1720        1        4
1296        1720        1        4
1270        1746        1        4
1244        1773        1        4
1217        1799        1        4
1191        1799        1        4
1191        1826        1        4
1217        1826        1        4
1244        1826        1        4
1270        1826        1        4
1296        1826        1        4
1323        1852        1        4
1349        1852        1        4
1376        1852        1        4
1402        1852        1        4
1429        1879        1        4
1455        1879        1        4
1482        1879        1        4
1482        1905        1        4
1508        1905        1        4
1535        1905        1        4
1561        1931        1        4
1588        1931        1        4
1614        1958        1        4
1640        1958        1        4
1667        1958        1        4
1693        1984        1        4
1720        1984        1        4
1746        1984        1        4
1773        1984        1        4
1799        1984        1        4
1799        2011        1        4
1826        2011        1        4
1826        1984        1        4
PEN_UP                  0
END_CHARACTER: BJ
