CHARACTER_NAME: A
STROKE_COUNT: 4
  X           Y   STYLUS_STATE STROKE
PEN_DOWN
1058        1508        1        1
1085        1535        1        1
1111        1535        1        1
1111        1561        1        1
1138        1561        1        1
1164        1561        1        1
1191        1561        1        1
1217        1561        1        1
1244        1561        1        1
1296        1561        1        1
1323        1561        1        1
1376        1561        1        1
1429        1561        1        1
1482        1561        1        1
1535        1561        1        1
1588        1561        1        1
1640        1561        1        1
1693        1561        1        1
1720        1561        1        1
1773        1561        1        1
1826        1561        1        1
1879        1535        1        1
1931        1535        1        1
1984        1535        1        1
2037        1535        1        1
2090        1535        1        1
2143        1535        1        1
2196        1535        1        1
2249        1535        1        1
2302        1535        1        1
2328        1535        1        1
2381        1535        1        1
2434        1535        1        1
2487        1535        1        1
2514        1535        1        1
2566        1535        1        1
2619        1535        1        1
2672        1508        1        1
2725        1508        1        1
2778        1508        1        1
2805        1508        1        1
2858        1508        1        1
2910        1508        1        1
2937        1508        1        1
2990        1508        1        1
3016        1535        1        1
3069        1535        1        1
3096        1508        1        1
3122        1535        1        1
3175        1535        1        1
3201        1535        1        1
3228        1535        1        1
3254        1535        1        1
3281        1535        1        1
3307        1535        1        1
3334        1535        1        1
3360        1535        1        1
3387        1535        1        1
3413        1535        1        1
3440        1535        1        1
3466        1561        1        1
3519        1561        1        1
3545        1561        1        1
3572        1561        1        1
3598        1561        1        1
3625        1561        1        1
3651        1561        1        1
3678        1561        1        1
3704        1561        1        1
3731        1561        1        1
3757        1561        1        1
3784        1561        1        1
3810        1561        1        1
3836        1561        1        1
3863        1561        1        1
3889        1561        1        1
3916        1561        1        1
PEN_UP                  0
PEN_DOWN
3043        1614        1        2
3069        1588        1        2
3096        1588        1        2
3122        1588        1        2
3122        1614        1        2
3149        1614        1        2
3175        1614        1        2
3175        1640        1        2
3201        1640        1        2
3201        1667        1        2
3228        1693        1        2
3228        1720        1        2
3228        1746        1        2
3254        1773        1        2
3228        1773        1        2
3228        1799        1        2
3228        1826        1        2
3201        1852        1        2
3201        1879        1        2
3175        1905        1        2
3175        1931        1        2
3149        1958        1        2
3122        1958        1        2
3096        1984        1        2
3069        1984        1        2
3043        2011        1        2
3016        2011        1        2
2990        2011        1        2
2963        2011        1        2
2963        1984        1        2
2937        1984        1        2
2910        1984        1        2
2884        1958        1        2
2858        1931        1        2
2831        1905        1        2
2831        1879        1        2
2831        1852        1        2
2858        1826        1        2
2858        1799        1        2
2858        1773        1        2
2884        1746        1        2
2910        1720        1        2
2937        1693        1        2
2963        1667        1        2
2990        1667        1        2
3016        1667        1        2
3043        1667        1        2
3069        1640        1        2
3096        1640        1        2
3122        1640        1        2
3149        1640        1        2
3175        1667        1        2
3201        1667        1        2
3228        1667        1        2
3254        1693        1        2
3281        1693        1        2
3307        1720        1        2
3334        1746        1        2
3360        1746        1        2
3387        1773        1        2
3413        1799        1        2
3440        1826        1        2
3440        1852        1        2
3466        1879        1        2
3466        1905        1        2
3466        1931        1        2
3493        1958        1        2
3493        1984        1        2
3493        2011        1        2
3493        2037        1        2
3493        2064        1        2
3519        2090        1        2
3493        2117        1        2
3493        2143        1        2
3493        2170        1        2
3493        2196        1        2
3466        2223        1        2
3466        2249        1        2
3440        2302        1        2
3440        2328        1        2
3440        2355        1        2
3413        2381        1        2
3413        2434        1        2
3387        2461        1        2
3387        2487        1        2
3360        2514        1        2
3360        2540        1        2
3334        2540        1        2
3307        2566        1        2
3307        2593        1        2
3281        2619        1        2
3254        2619        1        2
3228        2646        1        2
3201        2672        1        2
3149        2672        1        2
3122        2699        1        2
3096        2699        1        2
3043        2725        1        2
3016        2725        1        2
2990        2725        1        2
2937        2725        1        2
2910        2725        1        2
2884        2725        1        2
2831        2725        1        2
2805        2725        1        2
2752        2699        1        2
2725        2699        1        2
2672        2699        1        2
2646        2672        1        2
2593        2672        1        2
2566        2646        1        2
2514        2646        1        2
2487        2619        1        2
2434        2619        1        2
2408        2593        1        2
2381        2593        1        2
2355        2566        1        2
2328        2566        1        2
2302        2540        1        2
2275        2514        1        2
2249        2487        1        2
2223        2461        1        2
2196        2434        1        2
2196        2408        1        2
2196        2381        1        2
2170        2355        1        2
2170        2328        1        2
2143        2302        1        2
2143        2275        1        2
2117        2249        1        2
2117        2223        1        2
2117        2196        1        2
2090        2170        1        2
2090        2143        1        2
2090        2117        1        2
2090        2090        1        2
2090        2064        1        2
2090        2037        1        2
2090        2011        1        2
2090        1984        1        2
2090        1958        1        2
2090        1931        1        2
2090        1905        1        2
2090        1879        1        2
2090        1852        1        2
2090        1826        1        2
2090        1799        1        2
2090        1773        1        2
2090        1746        1        2
2064        1720        1        2
2064        1693        1        2
2064        1667        1        2
2037        1667        1        2
2037        1640        1        2
PEN_UP                  0
PEN_DOWN
3360        2461        1        3
3387        2461        1        3
3413        2487        1        3
3440        2487        1        3
3466        2487        1        3
3493        2514        1        3
3519        2514        1        3
3545        2540        1        3
3572        2540        1        3
3572        2566        1        3
3598        2566        1        3
3625        2593        1        3
3651        2619        1        3
3678        2646        1        3
3704        2672        1        3
3704        2699        1        3
3731        2725        1        3
3757        2725        1        3
3784        2752        1        3
3810        2778        1        3
3836        2805        1        3
3863        2831        1        3
3889        2858        1        3
3889        2831        1        3
3889        2805        1        3
PEN_UP                  0
PEN_DOWN
3836        1746        1        4
3836        1773        1        4
3836        1799        1        4
3810        1799        1        4
3810        1826        1        4
3810        1852        1        4
3810        1879        1        4
3784        1879        1        4
3784        1905        1        4
3784        1931        1        4
3784        1958        1        4
3784        1984        1        4
3784        2011        1        4
3784        2037        1        4
3784        2064        1        4
3784        2090        1        4
3784        2117        1        4
3784        2143        1        4
3784        2170        1        4
3784        2196        1        4
3784        2223        1        4
3784        2249        1        4
3784        2275        1        4
3784        2302        1        4
3810        2302        1        4
3810        2328        1        4
3810        2355        1        4
3810        2381        1        4
3810        2408        1        4
3810        2434        1        4
3810        2461        1        4
3836        2487        1        4
3836        2514        1        4
3836        2540        1        4
3836        2566        1        4
3836        2593        1        4
3836        2619        1        4
3836        2646        1        4
3836        2672        1        4
3836        2699        1        4
3836        2725        1        4
3836        2752        1        4
3836        2778        1        4
3836        2805        1        4
3810        2805        1        4
3810        2831        1        4
3810        2858        1        4
3810        2884        1        4
3810        2910        1        4
3810        2937        1        4
3810        2963        1        4
3836        2963        1        4
PEN_UP                  0
END_CHARACTER: A
