CHARACTER_NAME: SK
STROKE_COUNT: 4
  X           Y   STYLUS_STATE STROKE
PEN_DOWN
1323        1455        1        1
1296        1455        1        1
1270        1482        1        1
1270        1508        1        1
1244        1535        1        1
1244        1561        1        1
1244        1588        1        1
1244        1614        1        1
1244        1640        1        1
1244        1667        1        1
1270        1667        1        1
1270        1693        1        1
1296        1720        1        1
1296        1746        1        1
1323        1773        1        1
1323        1799        1        1
1349        1826        1        1
1376        1852        1        1
1402        1852        1        1
1429        1879        1        1
1455        1879        1        1
1482        1905        1        1
1508        1905        1        1
1535        1879        1        1
1561        1879        1        1
1588        1879        1        1
1588        1852        1        1
1614        1852        1        1
1614        1826        1        1
1640        1826        1        1
1667        1799        1        1
1667        1773        1        1
1693        1773        1        1
1693        1746        1        1
1720        1720        1        1
1746        1693        1        1
1746        1667        1        1
1773        1667        1        1
1773        1640        1        1
1773        1614        1        1
1773        1588        1        1
1773        1561        1        1
1773        1588        1        1
1773        1614        1        1
1773        1640        1        1
1799        1640        1        1
1799        1667        1        1
1799        1693        1        1
1799        1720        1        1
1826        1746        1        1
1826        1773        1        1
1852        1799        1        1
1879        1826        1        1
1905        1826        1        1
1931        1826        1        1
1958        1826        1        1
1984        1826        1        1
2011        1826        1        1
2064        1826        1        1
2090        1826        1        1
2117        1826        1        1
2170        1826        1        1
2196        1799        1        1
2223        1799        1        1
2249        1799        1        1
2275        1773        1        1
2302        1773        1        1
2328        1746        1        1
2355        1720        1        1
2355        1693        1        1
2381        1667        1        1
2408        1640        1        1
2408        1614        1        1
2434        1561        1        1
2434        1535        1        1
2434        1508        1        1
2408        1482        1        1
2408        1455        1        1
2408        1429        1        1
2381        1402        1        1
2381        1376        1        1
2381        1349        1        1
2355        1323        1        1
2355        1296        1        1
2328        1270        1        1
2328        1296        1        1
2328        1323        1        1
2328        1349        1        1
2328        1376        1        1
2328        1402        1        1
2328        1429        1        1
2328        1455        1        1
2328        1482        1        1
2328        1508        1        1
2328        1535        1        1
2328        1561        1        1
2355        1588        1        1
2355        1614        1        1
2355        1640        1        1
2355        1667        1        1
2355        1693        1        1
2381        1720        1        1
2381        1746        1        1
2381        1773        1        1
2381        1799        1        1
2381        1826        1        1
2381        1852        1        1
2381        1879        1        1
2381        1905        1        1
2381        1931        1        1
2381        1958        1        1
2408        1984        1        1
2408        2011        1        1
2408        2037        1        1
2408        2064        1        1
2408        2090        1        1
2408        2117        1        1
2408        2143        1        1
2408        2170        1        1
2408        2196        1        1
2434        2223        1        1
2434        2249        1        1
2434        2302        1        1
2434        2328        1        1
2434        2355        1        1
2434        2381        1        1
2434        2408        1        1
2434        2461        1        1
2434        2487        1        1
2434        2514        1        1
2434        2540        1        1
2434        2566        1        1
2434        2593        1        1
2434        2619        1        1
2434        2646        1        1
2434        2672        1        1
2434        2699        1        1
2434        2672        1        1
2408        2646        1        1
2408        2619        1        1
2408        2593        1        1
2408        2566        1        1
PEN_UP                  0
PEN_DOWN
2434        1720        1        2
2408        1720        1        2
2381        1746        1        2
2355        1746        1        2
2328        1773        1        2
2302        1773        1        2
2302        1799        1        2
2275        1799        1        2
2249        1826        1        2
2223        1852        1        2
2196        1852        1        2
2170        1879        1        2
2143        1905        1        2
2117        1931        1        2
2064        1958        1        2
2037        1984        1        2
1984        2011        1        2
1958        2037        1        2
1905        2064        1        2
1879        2090        1        2
1826        2117        1        2
1799        2143        1        2
1773        2170        1        2
1746        2196        1        2
1720        2223        1        2
1693        2249        1        2
1667        2275        1        2
1667        2302        1        2
1640        2302        1        2
1640        2328        1        2
1667        2328        1        2
1693        2328        1        2
1720        2328        1        2
1746        2355        1        2
1773        2355        1        2
1826        2355        1        2
1852        2355        1        2
1879        2355        1        2
1905        2381        1        2
1931        2381        1        2
1958        2408        1        2
1984        2408        1        2
2011        2434        1        2
2064        2434        1        2
2090        2461        1        2
2117        2487        1        2
2170        2487        1        2
2196        2514        1        2
2223        2540        1        2
2275        2566        1        2
2302        2593        1        2
2328        2619        1        2
2355        2646        1        2
2355        2672        1        2
2381        2699        1        2
2381        2725        1        2
2381        2752        1        2
2408        2752        1        2
2408        2778        1        2
PEN_UP                  0
PEN_DOWN
2381        1826        1        3
2408        1826        1        3
2434        1852        1        3
2461        1852        1        3
2487        1852        1        3
2514        1852        1        3
2540        1852        1        3
2566        1879        1        3
2593        1879        1        3
2646        1879        1        3
2672        1879        1        3
2699        1905        1        3
2725        1905        1        3
2752        1905        1        3
2778        1931        1        3
2805        1931        1        3
2805        1958        1        3
2805        1984        1        3
2831        2011        1        3
2831        2037        1        3
2805        2064        1        3
2805        2090        1        3
2805        2117        1        3
2778        2117        1        3
2778        2143        1        3
2752        2170        1        3
2725        2170        1        3
2699        2196        1        3
2672        2196        1        3
2646        2196        1        3
2619        2196        1        3
2593        2196        1        3
2566        2196        1        3
2566        2170        1        3
2540        2170        1        3
2514        2170        1        3
2514        2143        1        3
2540        2117        1        3
2566        2117        1        3
2593        2090        1        3
2619        2090        1        3
2646        2090        1        3
2672        2090        1        3
2699        2090        1        3
2725        2090        1        3
PEN_UP                  0
PEN_DOWN
1032        1429        1        4
1058        1429        1        4
1085        1429        1        4
1111        1429        1        4
1138        1429        1        4
1164        1429        1        4
1191        1429        1        4
1217        1429        1        4
1244        1429        1        4
1270        1429        1        4
1296        1429        1        4
1323        1429        1        4
1349        1429        1        4
1376        1429        1        4
1402        1429        1        4
1429        1429        1        4
1482        1429        1        4
1508        1402        1        4
1535        1402        1        4
1588        1402        1        4
1614        1402        1        4
1667        1402        1        4
1720        1402        1        4
1746        1402        1        4
1799        1376        1        4
1852        1376        1        4
1905        1376        1        4
1931        1376        1        4
1984        1376        1        4
2011        1376        1        4
2037        1376        1        4
2064        1376        1        4
2090        1376        1        4
2117        1376        1        4
2170        1376        1        4
2196        1376        1        4
2223        1376        1        4
2249        1376        1        4
2275        1376        1        4
2328        1376        1        4
2355        1376        1        4
2381        1376        1        4
2408        1376        1        4
2461        1376        1        4
2487        1376        1        4
2514        1376        1        4
2540        1376        1        4
2593        1376        1        4
2619        1376        1        4
2646        1376        1        4
2672        1376        1        4
2725        1376        1        4
2752        1376        1        4
2805        1376        1        4
2831        1376        1        4
2858        1376        1        4
2910        1376        1        4
2937        1376        1        4
2963        1376        1        4
2990        1376        1        4
3016        1376        1        4
3043        1376        1        4
3069        1376        1        4
3096        1376        1        4
3122        1376        1        4
3149        1376        1        4
3175        1376        1        4
3201        1376        1        4
3228        1376        1        4
PEN_UP                  0
END_CHARACTER: SK
