CHARACTER_NAME: HR
STROKE_COUNT: 4
  X           Y   STYLUS_STATE STROKE
PEN_DOWN
 953        1402        1        1
 926        1376        1        1
 953        1376        1        1
 953        1402        1        1
 979        1402        1        1
1005        1402        1        1
1032        1402        1        1
1058        1402        1        1
1111        1402        1        1
1164        1429        1        1
1191        1429        1        1
1244        1429        1        1
1296        1429        1        1
1349        1429        1        1
1376        1429        1        1
1429        1429        1        1
1508        1429        1        1
1561        1429        1        1
1614        1429        1        1
1667        1429        1        1
1720        1429        1        1
1773        1429        1        1
1826        1429        1        1
1905        1429        1        1
1958        1429        1        1
2011        1429        1        1
2064        1429        1        1
2117        1429        1        1
2170        1429        1        1
2223        1429        1        1
2275        1429        1        1
2355        1429        1        1
2408        1429        1        1
2461        1429        1        1
2514        1429        1        1
2566        1429        1        1
2619        1429        1        1
2646        1429        1        1
2699        1429        1        1
2752        1429        1        1
2805        1429        1        1
2858        1429        1        1
2910        1429        1        1
2963        1429        1        1
3016        1429        1        1
3069        1429        1        1
3122        1429        1        1
3175        1429        1        1
3201        1429        1        1
3254        1429        1        1
3281        1429        1        1
3307        1429        1        1
3334        1429        1        1
3360        1429        1        1
3387        1429        1        1
3360        1429        1        1
3334        1429        1        1
3281        1429        1        1
PEN_UP                  0
PEN_DOWN
1746        1482        1        2
1773        1455        1        2
1799        1455        1        2
1826        1455        1        2
1826        1429        1        2
1852        1429        1        2
1879        1429        1        2
1905        1429        1        2
1931        1429        1        2
1958        1429        1        2
1958        1455        1        2
1984        1455        1        2
2011        1455        1        2
2011        1482        1        2
2037        1482        1        2
2037        1508        1        2
2064        1508        1        2
2064        1535        1        2
2064        1561        1        2
2090        1588        1        2
2090        1614        1        2
2090        1640        1        2
2117        1667        1        2
2090        1667        1        2
2090        1693        1        2
2090        1720        1        2
2090        1746        1        2
2064        1773        1        2
2037        1799        1        2
2011        1826        1        2
1984        1852        1        2
1958        1852        1        2
1931        1852        1        2
1905        1879        1        2
1879        1879        1        2
1852        1879        1        2
1826        1879        1        2
1799        1852        1        2
1773        1852        1        2
1746        1852        1        2
1720        1852        1        2
1693        1826        1        2
1667        1799        1        2
1667        1773        1        2
1667        1746        1        2
1667        1720        1        2
1693        1720        1        2
1720        1693        1        2
1746        1693        1        2
1773        1667        1        2
1799        1667        1        2
1826        1667        1        2
1852        1667        1        2
1879        1667        1        2
1905        1667        1        2
1931        1667        1        2
1958        1667        1        2
1984        1667        1        2
2011        1667        1        2
2037        1667        1        2
2064        1693        1        2
2090        1693        1        2
2117        1693        1        2
2143        1720        1        2
2170        1720        1        2
2196        1746        1        2
2223        1746        1        2
2249        1746        1        2
2249        1773        1        2
2275        1773        1        2
2302        1773        1        2
2302        1799        1        2
2328        1799        1        2
2355        1826        1        2
2381        1826        1        2
2381        1852        1        2
2381        1879        1        2
2408        1879        1        2
2408        1905        1        2
2408        1931        1        2
2408        1958        1        2
2434        1984        1        2
2408        1984        1        2
2434        1984        1        2
2408        2011        1        2
2408        2037        1        2
2381        2037        1        2
2381        2064        1        2
2381        2090        1        2
2355        2090        1        2
2328        2117        1        2
2302        2117        1        2
2275        2143        1        2
2249        2143        1        2
2223        2170        1        2
2196        2170        1        2
2170        2170        1        2
2143        2196        1        2
2117        2196        1        2
2090        2196        1        2
2064        2223        1        2
2037        2223        1        2
2011        2223        1        2
1984        2249        1        2
1958        2249        1        2
1931        2249        1        2
1905        2275        1        2
1879        2275        1        2
1852        2275        1        2
1826        2302        1        2
1799        2302        1        2
1773        2328        1        2
1746        2328        1        2
1720        2355        1        2
1693        2355        1        2
1667        2381        1        2
1640        2381        1        2
1588        2408        1        2
1561        2434        1        2
1535        2434        1        2
1508        2461        1        2
1482        2487        1        2
1429        2487        1        2
1402        2514        1        2
1376        2514        1        2
1376        2540        1        2
1349        2566        1        2
1323        2566        1        2
1296        2593        1        2
1296        2566        1        2
1323        2566        1        2
1349        2566        1        2
1349        2540        1        2
1376        2540        1        2
1402        2540        1        2
1429        2540        1        2
1455        2514        1        2
1482        2514        1        2
1508        2514        1        2
1535        2487        1        2
1561        2487        1        2
1561        2514        1        2
1588        2514        1        2
1614        2514        1        2
1640        2540        1        2
1667        2540        1        2
1693        2566        1        2
1720        2593        1        2
1746        2619        1        2
1799        2646        1        2
1826        2672        1        2
1852        2699        1        2
1879        2725        1        2
1931        2752        1        2
1958        2778        1        2
2011        2805        1        2
2037        2831        1        2
2064        2858        1        2
2090        2884        1        2
2117        2910        1        2
2143        2910        1        2
2170        2937        1        2
2196        2937        1        2
2223        2937        1        2
PEN_UP                  0
PEN_DOWN
2223        2990        1        3
2249        2990        1        3
2275        3016        1        3
2302        3016        1        3
2328        3016        1        3
2355        3016        1        3
2381        3016        1        3
2408        3016        1        3
2434        3016        1        3
2461        3016        1        3
2487        2990        1        3
2514        2990        1        3
2540        2990        1        3
2566        2990        1        3
2593        2990        1        3
PEN_UP                  0
PEN_DOWN
2408        2090        1        4
2434        2090        1        4
2408        2090        1        4
2434        2090        1        4
2461        2090        1        4
2487        2064        1        4
2540        2064        1        4
2566        2064        1        4
2593        2064        1        4
2646        2037        1        4
2672        2037        1        4
2699        2037        1        4
2725        2011        1        4
2752        2011        1        4
2778        2011        1        4
2805        2011        1        4
2831        2011        1        4
2858        2011        1        4
2884        1984        1        4
2910        1984        1        4
2910        2011        1        4
2884        2037        1        4
2884        2064        1        4
2884        2090        1        4
2858        2117        1        4
2858        2143        1        4
2858        2170        1        4
2858        2196        1        4
2858        2223        1        4
2858        2249        1        4
2858        2275        1        4
2858        2328        1        4
2858        2355        1        4
2858        2408        1        4
2858        2434        1        4
2858        2487        1        4
2858        2540        1        4
2858        2566        1        4
2858        2619        1        4
2884        2646        1        4
2884        2699        1        4
2884        2725        1        4
2884        2752        1        4
2910        2778        1        4
2937        2805        1        4
2937        2831        1        4
2963        2858        1        4
2990        2884        1        4
2990        2910        1        4
3016        2910        1        4
3043        2937        1        4
3069        2963        1        4
3069        2937        1        4
PEN_UP                  0
END_CHARACTER: HR
