CHARACTER_NAME: MF
STROKE_COUNT: 3
  X           Y   STYLUS_STATE STROKE
PEN_DOWN
1164        1482        1        1
1164        1508        1        1
1191        1508        1        1
1217        1508        1        1
1244        1508        1        1
1296        1508        1        1
1323        1508        1        1
1376        1508        1        1
1402        1508        1        1
1455        1508        1        1
1508        1508        1        1
1561        1508        1        1
1614        1508        1        1
1667        1508        1        1
1720        1508        1        1
1746        1482        1        1
1799        1482        1        1
1852        1482        1        1
1879        1482        1        1
1931        1482        1        1
1984        1482        1        1
2011        1482        1        1
2064        1482        1        1
2117        1482        1        1
2170        1482        1        1
2196        1482        1        1
2249        1482        1        1
2302        1482        1        1
2355        1455        1        1
2381        1455        1        1
2434        1455        1        1
2461        1455        1        1
2487        1455        1        1
2540        1455        1        1
2566        1455        1        1
2619        1455        1        1
2672        1455        1        1
2699        1429        1        1
2752        1429        1        1
2778        1429        1        1
2831        1429        1        1
2858        1429        1        1
2884        1429        1        1
2910        1429        1        1
2937        1429        1        1
2963        1429        1        1
2990        1429        1        1
2963        1429        1        1
PEN_UP                  0
PEN_DOWN
1640        1535        1        2
1614        1535        1        2
1588        1561        1        2
1561        1561        1        2
1561        1588        1        2
1535        1588        1        2
1535        1614        1        2
1508        1614        1        2
1508        1640        1        2
1482        1667        1        2
1455        1693        1        2
1429        1720        1        2
1402        1720        1        2
1376        1746        1        2
1376        1773        1        2
1349        1799        1        2
1323        1799        1        2
1296        1826        1        2
1323        1826        1        2
1349        1799        1        2
1376        1799        1        2
1402        1799        1        2
1429        1773        1        2
1455        1773        1        2
1482        1773        1        2
1508        1773        1        2
1535        1773        1        2
1561        1773        1        2
1588        1773        1        2
1614        1773        1        2
1640        1799        1        2
1667        1799        1        2
1693        1799        1        2
1693        1826        1        2
1720        1826        1        2
1720        1852        1        2
1720        1879        1        2
1720        1905        1        2
1720        1931        1        2
1720        1958        1        2
1720        1984        1        2
1693        2011        1        2
1693        2037        1        2
1693        2064        1        2
1667        2064        1        2
1640        2090        1        2
1640        2117        1        2
1614        2117        1        2
1588        2143        1        2
1561        2170        1        2
1535        2170        1        2
1508        2170        1        2
1482        2170        1        2
1455        2170        1        2
1429        2170        1        2
1402        2143        1        2
1376        2143        1        2
1376        2117        1        2
1402        2090        1        2
1402        2064        1        2
1429        2064        1        2
1429        2037        1        2
1455        2037        1        2
1482        2011        1        2
1508        2011        1        2
1535        1984        1        2
1561        1984        1        2
1588        1984        1        2
1614        1984        1        2
1640        1984        1        2
1667        1984        1        2
1693        1984        1        2
1720        1984        1        2
1746        1984        1        2
1773        2011        1        2
1799        2011        1        2
1826        2011        1        2
1852        2037        1        2
1879        2037        1        2
1879        2064        1        2
1905        2064        1        2
1905        2090        1        2
1931        2090        1        2
1958        2117        1        2
1984        2143        1        2
2011        2170        1        2
2011        2196        1        2
2037        2196        1        2
2037        2223        1        2
2064        2249        1        2
2064        2223        1        2
2064        2196        1        2
2064        2170        1        2
2037        2143        1        2
2037        2117        1        2
2037        2090        1        2
2037        2064        1        2
2037        2037        1        2
2037        2011        1        2
2037        1984        1        2
2037        1958        1        2
2037        1931        1        2
2037        1905        1        2
2037        1879        1        2
2037        1852        1        2
2037        1826        1        2
2037        1799        1        2
2037        1773        1        2
2037        1746        1        2
2037        1720        1        2
2037        1693        1        2
2037        1667        1        2
2037        1640        1        2
2037        1614        1        2
2037        1588        1        2
2064        1561        1        2
2037        1561        1        2
PEN_UP                  0
PEN_DOWN
2090        2223        1        3
2090        2196        1        3
2090        2223        1        3
2117        2223        1        3
2143        2223        1        3
2170        2223        1        3
2170        2249        1        3
2196        2249        1        3
2223        2249        1        3
2223        2275        1        3
2249        2275        1        3
2249        2302        1        3
2275        2328        1        3
2275        2355        1        3
2275        2381        1        3
2249        2408        1        3
2249        2434        1        3
2249        2461        1        3
2223        2487        1        3
2223        2514        1        3
2196        2540        1        3
2170        2566        1        3
2143        2593        1        3
2117        2619        1        3
2090        2619        1        3
2064        2646        1        3
2037        2646        1        3
1984        2646        1        3
1958        2646        1        3
1931        2672        1        3
1905        2672        1        3
1879        2672        1        3
1852        2672        1        3
1852        2646        1        3
1879        2646        1        3
1905        2619        1        3
1958        2619        1        3
1984        2593        1        3
2011        2593        1        3
2064        2593        1        3
2117        2566        1        3
2143        2566        1        3
2170        2566        1        3
2223        2566        1        3
2249        2566        1        3
2275        2566        1        3
2328        2566        1        3
2355        2566        1        3
2381        2566        1        3
2408        2593        1        3
2434        2593        1        3
2461        2593        1        3
2514        2619        1        3
2540        2619        1        3
2566        2646        1        3
2593        2646        1        3
2619        2646        1        3
2646        2672        1        3
2672        2672        1        3
2672        2699        1        3
2699        2699        1        3
2699        2672        1        3
2672        2646        1        3
2672        2619        1        3
2699        2593        1        3
2699        2566        1        3
2699        2540        1        3
2699        2514        1        3
2699        2487        1        3
2699        2461        1        3
2699        2434        1        3
2699        2408        1        3
2699        2381        1        3
2699        2355        1        3
2725        2328        1        3
2725        2302        1        3
2725        2249        1        3
2725        2223        1        3
2725        2196        1        3
2725        2170        1        3
2725        2143        1        3
2725        2090        1        3
2725        2064        1        3
2725        2037        1        3
2725        2011        1        3
2725        1984        1        3
2725        1958        1        3
2725        1931        1        3
2725        1905        1        3
2752        1905        1        3
2752        1879        1        3
2752        1852        1        3
2752        1826        1        3
2752        1799        1        3
2752        1773        1        3
2752        1746        1        3
2752        1720        1        3
2778        1720        1        3
2805        1720        1        3
2831        1720        1        3
2858        1720        1        3
2884        1720        1        3
2910        1720        1        3
2937        1720        1        3
2963        1720        1        3
2990        1720        1        3
3016        1720        1        3
3043        1720        1        3
3069        1720        1        3
3096        1720        1        3
3122        1746        1        3
3149        1746        1        3
3175        1746        1        3
3175        1773        1        3
3201        1773        1        3
3201        1799        1        3
3228        1826        1        3
3228        1852        1        3
3254        1879        1        3
3254        1905        1        3
3254        1931        1        3
3254        1958        1        3
3254        1984        1        3
3228        2011        1        3
3228        2037        1        3
3228        2064        1        3
3201        2090        1        3
3201        2117        1        3
3175        2117        1        3
3175        2143        1        3
3149        2143        1        3
3122        2170        1        3
3096        2170        1        3
3069        2170        1        3
3043        2143        1        3
3016        2143        1        3
2990        2143        1        3
2990        2117        1        3
2963        2117        1        3
2937        2090        1        3
2937        2064        1        3
2963        2064        1        3
2963        2037        1        3
2990        2037        1        3
2990        2011        1        3
3016        2011        1        3
3043        1984        1        3
3069        1984        1        3
3096        1984        1        3
3122        1984        1        3
3149        1984        1        3
3175        1984        1        3
3201        2011        1        3
3228        2011        1        3
3254        2011        1        3
PEN_UP                  0
END_CHARACTER: MF
