CHARACTER_NAME: JR
STROKE_COUNT: 3
  X           Y   STYLUS_STATE STROKE
PEN_DOWN
1244        1693        1        1
1270        1693        1        1
1296        1693        1        1
1323        1693        1        1
1349        1693        1        1
1376        1693        1        1
1429        1693        1        1
1455        1693        1        1
1482        1693        1        1
1508        1693        1        1
1535        1693        1        1
1561        1693        1        1
1588        1693        1        1
1614        1693        1        1
1640        1693        1        1
1667        1693        1        1
1693        1693        1        1
1746        1693        1        1
1773        1693        1        1
1799        1693        1        1
1852        1693        1        1
1879        1693        1        1
1931        1693        1        1
1984        1693        1        1
2011        1693        1        1
2064        1693        1        1
2090        1693        1        1
2143        1693        1        1
2170        1693        1        1
2196        1693        1        1
2223        1693        1        1
2275        1693        1        1
2302        1693        1        1
2328        1693        1        1
2381        1720        1        1
2408        1720        1        1
2461        1720        1        1
2487        1720        1        1
2540        1720        1        1
2566        1720        1        1
2619        1720        1        1
2672        1720        1        1
2699        1720        1        1
2752        1720        1        1
2778        1720        1        1
2831        1720        1        1
2858        1720        1        1
2910        1720        1        1
2937        1720        1        1
2963        1720        1        1
3016        1720        1        1
3043        1720        1        1
3069        1720        1        1
3096        1720        1        1
3122        1720        1        1
3149        1720        1        1
3175        1720        1        1
3149        1720        1        1
3122        1720        1        1
PEN_UP                  0
PEN_DOWN
2355        1720        1        2
2328        1720        1        2
2328        1746        1        2
2302        1746        1        2
2275        1773        1        2
2249        1799        1        2
2223        1799        1        2
2223        1826        1        2
2196        1852        1        2
2170        1852        1        2
2170        1879        1        2
2143        1905        1        2
2143        1931        1        2
2117        1931        1        2
2117        1958        1        2
2090        1984        1        2
2090        2011        1        2
2064        2037        1        2
2064        2064        1        2
2037        2090        1        2
2064        2090        1        2
2090        2090        1        2
2090        2064        1        2
2117        2064        1        2
2143        2064        1        2
2170        2064        1        2
2196        2064        1        2
2223        2064        1        2
2249        2064        1        2
2275        2064        1        2
2275        2090        1        2
2302        2117        1        2
2302        2143        1        2
2328        2170        1        2
2328        2196        1        2
2355        2223        1        2
2355        2249        1        2
2355        2275        1        2
2355        2302        1        2
2355        2328        1        2
2328        2355        1        2
2328        2381        1        2
2328        2408        1        2
2328        2434        1        2
2302        2461        1        2
2302        2487        1        2
2275        2514        1        2
2249        2540        1        2
2249        2566        1        2
2223        2593        1        2
2196        2593        1        2
2170        2619        1        2
2143        2619        1        2
2117        2619        1        2
2090        2619        1        2
2064        2619        1        2
2037        2593        1        2
1984        2593        1        2
1958        2593        1        2
1931        2566        1        2
1879        2566        1        2
1852        2540        1        2
1799        2514        1        2
1773        2461        1        2
1746        2434        1        2
1693        2381        1        2
1667        2328        1        2
1640        2275        1        2
1640        2196        1        2
1614        2143        1        2
1614        2064        1        2
1588        2011        1        2
1588        1958        1        2
1588        1931        1        2
1561        1905        1        2
1561        1879        1        2
PEN_UP                  0
PEN_DOWN
2355        1773        1        3
2355        1799        1        3
2355        1826        1        3
2381        1826        1        3
2381        1852        1        3
2381        1879        1        3
2408        1905        1        3
2408        1931        1        3
2408        1958        1        3
2434        1984        1        3
2434        2037        1        3
2461        2064        1        3
2461        2090        1        3
2487        2117        1        3
2514        2143        1        3
2540        2143        1        3
2566        2170        1        3
2593        2196        1        3
2619        2196        1        3
2593        2196        1        3
2593        2223        1        3
2566        2223        1        3
2540        2249        1        3
2540        2275        1        3
2514        2302        1        3
2514        2328        1        3
2487        2355        1        3
2487        2381        1        3
2461        2408        1        3
2461        2434        1        3
2434        2487        1        3
2434        2514        1        3
2434        2540        1        3
2434        2566        1        3
2434        2593        1        3
2434        2619        1        3
2461        2646        1        3
2461        2699        1        3
2461        2725        1        3
2461        2752        1        3
2461        2778        1        3
2487        2778        1        3
2487        2805        1        3
2487        2831        1        3
2487        2858        1        3
2487        2884        1        3
2487        2910        1        3
2514        2910        1        3
2487        2910        1        3
2487        2884        1        3
2487        2858        1        3
2461        2858        1        3
2461        2831        1        3
2434        2831        1        3
2408        2805        1        3
2381        2805        1        3
2355        2805        1        3
2328        2805        1        3
2302        2805        1        3
2275        2805        1        3
2249        2805        1        3
2223        2805        1        3
2223        2831        1        3
2196        2831        1        3
2170        2831        1        3
2143        2858        1        3
2117        2858        1        3
2090        2884        1        3
2064        2884        1        3
2037        2910        1        3
2011        2910        1        3
2011        2937        1        3
1984        2937        1        3
1984        2963        1        3
1958        2963        1        3
1931        2990        1        3
1905        2990        1        3
1879        2990        1        3
1852        3016        1        3
1826        3043        1        3
1799        3043        1        3
1773        3043        1        3
1746        3069        1        3
1720        3069        1        3
1693        3043        1        3
1667        3043        1        3
1640        3043        1        3
1614        3043        1        3
1588        3043        1        3
1561        3043        1        3
1535        3043        1        3
1508        3016        1        3
1482        3016        1        3
1455        3016        1        3
1429        2990        1        3
1402        2990        1        3
1376        2963        1        3
1349        2937        1        3
1323        2937        1        3
1296        2910        1        3
1270        2884        1        3
1244        2858        1        3
1244        2831        1        3
1217        2805        1        3
1191        2778        1        3
1191        2752        1        3
1164        2725        1        3
1164        2699        1        3
1191        2672        1        3
1191        2646        1        3
1217        2619        1        3
PEN_UP                  0
END_CHARACTER: JR
