CHARACTER_NAME: KS
STROKE_COUNT: 5
  X           Y   STYLUS_STATE STROKE
PEN_DOWN
1191        1296        1        1
1191        1323        1        1
1217        1323        1        1
1244        1323        1        1
1270        1323        1        1
1296        1323        1        1
1323        1323        1        1
1349        1323        1        1
1376        1323        1        1
1402        1323        1        1
1429        1323        1        1
1455        1323        1        1
1508        1323        1        1
1535        1323        1        1
1561        1323        1        1
1588        1323        1        1
1614        1349        1        1
1640        1349        1        1
1667        1349        1        1
1693        1349        1        1
1720        1349        1        1
1746        1349        1        1
1773        1349        1        1
1826        1349        1        1
1852        1349        1        1
1879        1349        1        1
1931        1349        1        1
1958        1349        1        1
1984        1349        1        1
2037        1349        1        1
2064        1349        1        1
2090        1349        1        1
2143        1349        1        1
2170        1349        1        1
2196        1349        1        1
2223        1349        1        1
2249        1349        1        1
2275        1349        1        1
2302        1349        1        1
2328        1349        1        1
2355        1349        1        1
2381        1376        1        1
2408        1376        1        1
2434        1376        1        1
2461        1376        1        1
2487        1376        1        1
2514        1376        1        1
2540        1376        1        1
2593        1376        1        1
2619        1376        1        1
2646        1376        1        1
2672        1376        1        1
2725        1376        1        1
2752        1376        1        1
2778        1376        1        1
2805        1376        1        1
2858        1376        1        1
2884        1376        1        1
2910        1376        1        1
2937        1376        1        1
2990        1376        1        1
3016        1376        1        1
3043        1376        1        1
3069        1376        1        1
3096        1376        1        1
3122        1376        1        1
PEN_UP                  0
PEN_DOWN
2461        1376        1        2
2461        1402        1        2
2434        1402        1        2
2408        1402        1        2
2408        1429        1        2
2381        1429        1        2
2355        1429        1        2
2328        1455        1        2
2302        1455        1        2
2275        1482        1        2
2249        1508        1        2
2223        1508        1        2
2196        1535        1        2
2143        1561        1        2
2117        1561        1        2
2064        1588        1        2
2011        1614        1        2
1958        1640        1        2
1905        1667        1        2
1879        1693        1        2
1826        1720        1        2
1773        1746        1        2
1720        1773        1        2
1667        1799        1        2
1640        1826        1        2
1588        1852        1        2
1535        1879        1        2
1508        1879        1        2
1482        1905        1        2
1455        1905        1        2
1429        1931        1        2
1402        1931        1        2
1402        1958        1        2
1429        1958        1        2
1455        1958        1        2
1482        1958        1        2
1508        1958        1        2
1535        1958        1        2
1561        1958        1        2
1588        1958        1        2
1614        1958        1        2
1640        1958        1        2
1693        1984        1        2
1720        1984        1        2
1773        2011        1        2
1799        2011        1        2
1852        2037        1        2
1879        2064        1        2
1931        2090        1        2
1958        2117        1        2
1984        2143        1        2
2037        2170        1        2
2064        2196        1        2
2090        2223        1        2
2117        2223        1        2
2143        2249        1        2
2143        2275        1        2
2170        2275        1        2
2196        2275        1        2
2196        2302        1        2
2223        2302        1        2
PEN_UP                  0
PEN_DOWN
2328        1402        1        3
2328        1429        1        3
2328        1455        1        3
2328        1482        1        3
2328        1508        1        3
2328        1535        1        3
2328        1561        1        3
2328        1588        1        3
2328        1614        1        3
2328        1640        1        3
2328        1667        1        3
2328        1693        1        3
2328        1720        1        3
2328        1746        1        3
2328        1773        1        3
2328        1799        1        3
2328        1826        1        3
2328        1852        1        3
2328        1879        1        3
2328        1905        1        3
2328        1931        1        3
2328        1958        1        3
2302        1984        1        3
2328        2011        1        3
2328        2037        1        3
2302        2037        1        3
2302        2064        1        3
2302        2090        1        3
2302        2117        1        3
2302        2143        1        3
2275        2143        1        3
2275        2170        1        3
2275        2196        1        3
2275        2223        1        3
2275        2249        1        3
2249        2249        1        3
2249        2275        1        3
2249        2302        1        3
2223        2328        1        3
2223        2355        1        3
2223        2381        1        3
2196        2408        1        3
2196        2434        1        3
2196        2461        1        3
2170        2487        1        3
2170        2514        1        3
2170        2540        1        3
PEN_UP                  0
PEN_DOWN
2408        1588        1        4
2434        1588        1        4
2434        1614        1        4
2461        1614        1        4
2487        1614        1        4
2514        1614        1        4
2540        1640        1        4
2566        1640        1        4
2593        1667        1        4
2619        1693        1        4
2646        1693        1        4
2672        1720        1        4
2672        1773        1        4
2699        1773        1        4
2699        1799        1        4
2725        1826        1        4
2725        1852        1        4
2725        1879        1        4
2725        1905        1        4
2699        1931        1        4
2672        1958        1        4
2646        1958        1        4
2619        1958        1        4
2593        1958        1        4
2566        1958        1        4
2540        1958        1        4
2514        1958        1        4
2487        1958        1        4
2461        1958        1        4
2434        1931        1        4
2408        1931        1        4
2434        1905        1        4
2461        1879        1        4
2487        1879        1        4
2514        1852        1        4
2540        1852        1        4
2566        1879        1        4
PEN_UP                  0
PEN_DOWN
3016        1455        1        5
3016        1482        1        5
3016        1508        1        5
3016        1535        1        5
3016        1561        1        5
3016        1588        1        5
3016        1614        1        5
2990        1640        1        5
2990        1667        1        5
2990        1693        1        5
2990        1720        1        5
2990        1746        1        5
2990        1799        1        5
2990        1826        1        5
2990        1852        1        5
2990        1879        1        5
2990        1905        1        5
2990        1931        1        5
2990        1958        1        5
2990        1984        1        5
2990        2011        1        5
2990        2037        1        5
2990        2064        1        5
2990        2090        1        5
2990        2117        1        5
2990        2143        1        5
2990        2170        1        5
2990        2196        1        5
2990        2223        1        5
2963        2249        1        5
2963        2275        1        5
2963        2302        1        5
2963        2328        1        5
2963        2355        1        5
2963        2381        1        5
2937        2381        1        5
2937        2408        1        5
2937        2434        1        5
2937        2461        1        5
2937        2487        1        5
2937        2514        1        5
2937        2540        1        5
2910        2540        1        5
2910        2566        1        5
2910        2593        1        5
2884        2566        1        5
2858        2540        1        5
2858        2514        1        5
2831        2514        1        5
2831        2487        1        5
2805        2461        1        5
2805        2434        1        5
2778        2434        1        5
2778        2408        1        5
2752        2408        1        5
2752        2381        1        5
2725        2381        1        5
2725        2355        1        5
2699        2355        1        5
2699        2328        1        5
2672        2328        1        5
2646        2302        1        5
2619        2302        1        5
2593        2275        1        5
2566        2275        1        5
2540        2275        1        5
2514        2275        1        5
2487        2275        1        5
2461        2275        1        5
2434        2275        1        5
2408        2275        1        5
2381        2275        1        5
2355        2275        1        5
2328        2275        1        5
2328        2302        1        5
2302        2302        1        5
2275        2302        1        5
2275        2328        1        5
2249        2328        1        5
2223        2328        1        5
2223        2355        1        5
2196        2355        1        5
2170        2355        1        5
2170        2381        1        5
2143        2381        1        5
2143        2408        1        5
2117        2434        1        5
2090        2434        1        5
2090        2461        1        5
2064        2461        1        5
2037        2487        1        5
2011        2487        1        5
2011        2514        1        5
1984        2514        1        5
1958        2540        1        5
1958        2566        1        5
1931        2566        1        5
1905        2593        1        5
1879        2593        1        5
1852        2619        1        5
1826        2619        1        5
1799        2646        1        5
1773        2646        1        5
1746        2672        1        5
1720        2672        1        5
1693        2672        1        5
1667        2699        1        5
1640        2699        1        5
1614        2699        1        5
1588        2699        1        5
1535        2725        1        5
1508        2725        1        5
1482        2725        1        5
1455        2699        1        5
1402        2699        1        5
1376        2699        1        5
1349        2699        1        5
1323        2672        1        5
1296        2672        1        5
1270        2646        1        5
1244        2619        1        5
1217        2593        1        5
1191        2566        1        5
1164        2540        1        5
1138        2487        1        5
1111        2461        1        5
1085        2408        1        5
1085        2381        1        5
1058        2355        1        5
PEN_UP                  0
END_CHARACTER: KS
