CHARACTER_NAME: QJ
STROKE_COUNT: 4
  X           Y   STYLUS_STATE STROKE
PEN_DOWN
2805        1588        1        1
2778        1588        1        1
2752        1588        1        1
2725        1588        1        1
2699        1561        1        1
2672        1561        1        1
2672        1535        1        1
2646        1535        1        1
2646        1508        1        1
2646        1482        1        1
2646        1455        1        1
2646        1429        1        1
2672        1429        1        1
2672        1402        1        1
2699        1402        1        1
2699        1376        1        1
2725        1376        1        1
2725        1349        1        1
2752        1349        1        1
2778        1349        1        1
2778        1323        1        1
2805        1323        1        1
2831        1323        1        1
2858        1323        1        1
2884        1323        1        1
2910        1323        1        1
2937        1323        1        1
2963        1323        1        1
2963        1349        1        1
2990        1349        1        1
2990        1376        1        1
2990        1402        1        1
2990        1429        1        1
2990        1455        1        1
3016        1482        1        1
3016        1508        1        1
3016        1535        1        1
3016        1561        1        1
3016        1588        1        1
3016        1614        1        1
3016        1640        1        1
3016        1667        1        1
3016        1693        1        1
2990        1693        1        1
2990        1720        1        1
2990        1746        1        1
2990        1773        1        1
2990        1799        1        1
2990        1826        1        1
2990        1852        1        1
2990        1879        1        1
2990        1905        1        1
2990        1931        1        1
2990        1958        1        1
2990        1984        1        1
2990        2011        1        1
2990        2037        1        1
2990        2064        1        1
2990        2090        1        1
2963        2117        1        1
2963        2143        1        1
2963        2170        1        1
2963        2196        1        1
2963        2223        1        1
2963        2249        1        1
2963        2275        1        1
2963        2302        1        1
2963        2328        1        1
2963        2355        1        1
2963        2381        1        1
2963        2408        1        1
2963        2434        1        1
2937        2434        1        1
2937        2408        1        1
2937        2381        1        1
2937        2355        1        1
2910        2355        1        1
2910        2328        1        1
2884        2302        1        1
2858        2275        1        1
2831        2249        1        1
2805        2249        1        1
2805        2223        1        1
2778        2223        1        1
2752        2196        1        1
2725        2196        1        1
2699        2196        1        1
2699        2170        1        1
2672        2196        1        1
2646        2196        1        1
2619        2196        1        1
2593        2223        1        1
2566        2223        1        1
2566        2249        1        1
2540        2249        1        1
2540        2275        1        1
2514        2275        1        1
2514        2302        1        1
2487        2328        1        1
2461        2355        1        1
2434        2381        1        1
2408        2408        1        1
2381        2434        1        1
2355        2434        1        1
2328        2434        1        1
2302        2461        1        1
2275        2461        1        1
2249        2461        1        1
2223        2461        1        1
2196        2461        1        1
2170        2461        1        1
2143        2461        1        1
2117        2434        1        1
2090        2434        1        1
2064        2408        1        1
2037        2381        1        1
2011        2381        1        1
1984        2355        1        1
1958        2328        1        1
1958        2302        1        1
1931        2275        1        1
1931        2223        1        1
1931        2196        1        1
1931        2170        1        1
1931        2143        1        1
1931        2090        1        1
1931        2064        1        1
1931        2037        1        1
1931        2011        1        1
1931        1984        1        1
1931        1958        1        1
PEN_UP                  0
PEN_DOWN
2937        2434        1        2
2910        2434        1        2
2910        2461        1        2
2884        2461        1        2
2858        2487        1        2
2831        2514        1        2
2805        2540        1        2
2778        2540        1        2
2752        2566        1        2
2725        2566        1        2
2699        2593        1        2
2672        2619        1        2
2646        2619        1        2
2619        2646        1        2
2593        2672        1        2
2566        2699        1        2
2540        2699        1        2
2487        2725        1        2
2461        2752        1        2
2434        2778        1        2
2408        2805        1        2
2355        2831        1        2
2328        2831        1        2
2302        2858        1        2
2275        2858        1        2
2275        2884        1        2
2249        2884        1        2
2223        2910        1        2
2196        2937        1        2
2170        2963        1        2
2143        2963        1        2
2117        2990        1        2
2143        2990        1        2
2143        2963        1        2
2170        2963        1        2
2196        2963        1        2
2196        2937        1        2
2223        2937        1        2
2249        2937        1        2
2275        2937        1        2
2302        2910        1        2
2328        2910        1        2
2355        2910        1        2
2381        2910        1        2
2408        2910        1        2
2434        2910        1        2
2461        2910        1        2
2487        2937        1        2
2514        2937        1        2
2540        2937        1        2
2566        2937        1        2
2593        2937        1        2
2619        2963        1        2
2646        2963        1        2
2672        2963        1        2
2672        2990        1        2
2699        2990        1        2
2699        3016        1        2
2725        3016        1        2
2752        3043        1        2
2752        3069        1        2
2778        3069        1        2
2778        3096        1        2
2778        3122        1        2
2805        3149        1        2
2805        3175        1        2
2831        3201        1        2
2831        3228        1        2
2858        3254        1        2
2858        3281        1        2
2884        3281        1        2
2884        3307        1        2
2884        3334        1        2
2910        3360        1        2
2910        3387        1        2
2937        3413        1        2
2937        3440        1        2
2937        3413        1        2
2937        3387        1        2
2937        3360        1        2
2963        3360        1        2
2963        3334        1        2
2963        3307        1        2
2963        3281        1        2
2937        3281        1        2
2937        3254        1        2
2937        3228        1        2
2937        3201        1        2
2937        3175        1        2
2937        3149        1        2
2937        3122        1        2
2937        3096        1        2
2937        3069        1        2
2937        3043        1        2
2910        3016        1        2
2910        2990        1        2
2910        2963        1        2
2910        2937        1        2
2910        2910        1        2
2910        2884        1        2
2910        2858        1        2
2910        2831        1        2
2910        2805        1        2
2910        2778        1        2
2910        2752        1        2
2910        2725        1        2
2910        2699        1        2
2937        2672        1        2
2937        2646        1        2
2937        2619        1        2
2937        2593        1        2
2937        2566        1        2
2937        2540        1        2
2963        2514        1        2
2963        2487        1        2
2963        2461        1        2
2963        2434        1        2
PEN_UP                  0
PEN_DOWN
3043        3069        1        3
3069        3069        1        3
3069        3043        1        3
3096        3043        1        3
3122        3043        1        3
3149        3043        1        3
3175        3043        1        3
3201        3069        1        3
3228        3096        1        3
3254        3122        1        3
3281        3149        1        3
3281        3175        1        3
3307        3175        1        3
3307        3201        1        3
3334        3228        1        3
3334        3254        1        3
3334        3281        1        3
3334        3254        1        3
3334        3228        1        3
3307        3228        1        3
3307        3201        1        3
3307        3175        1        3
3307        3149        1        3
3307        3122        1        3
3307        3096        1        3
3307        3069        1        3
3307        3016        1        3
3307        2990        1        3
3307        2963        1        3
3307        2937        1        3
3281        2884        1        3
3281        2858        1        3
3281        2831        1        3
3281        2805        1        3
3281        2778        1        3
3281        2752        1        3
3281        2725        1        3
3281        2699        1        3
PEN_UP                  0
PEN_DOWN
3149        1852        1        4
3149        1826        1        4
3149        1799        1        4
3149        1773        1        4
3175        1773        1        4
3175        1746        1        4
3201        1746        1        4
3201        1720        1        4
3228        1720        1        4
3254        1693        1        4
3281        1693        1        4
3281        1667        1        4
3307        1667        1        4
3307        1640        1        4
3334        1640        1        4
3360        1640        1        4
3387        1640        1        4
3413        1640        1        4
3440        1640        1        4
3440        1667        1        4
3466        1667        1        4
3466        1693        1        4
3493        1693        1        4
3493        1720        1        4
3493        1746        1        4
3519        1773        1        4
3519        1799        1        4
3493        1826        1        4
3493        1852        1        4
3493        1879        1        4
3466        1879        1        4
3466        1905        1        4
3440        1931        1        4
3413        1958        1        4
3387        1958        1        4
3360        1984        1        4
3334        2011        1        4
3307        2011        1        4
3281        2037        1        4
3254        2037        1        4
3228        2037        1        4
3228        2011        1        4
3254        2011        1        4
3254        1984        1        4
3281        1984        1        4
3307        1984        1        4
3334        1984        1        4
3360        1958        1        4
3387        1984        1        4
3413        1984        1        4
3440        1984        1        4
3440        2011        1        4
3466        2011        1        4
3466        2037        1        4
3493        2064        1        4
3493        2090        1        4
3466        2090        1        4
3466        2117        1        4
3466        2143        1        4
3440        2143        1        4
3440        2170        1        4
3413        2196        1        4
3387        2223        1        4
3360        2249        1        4
3334        2249        1        4
3334        2275        1        4
3307        2275        1        4
3281        2275        1        4
3254        2275        1        4
3228        2275        1        4
3201        2275        1        4
3175        2249        1        4
3149        2249        1        4
3122        2223        1        4
3096        2196        1        4
3069        2170        1        4
3043        2143        1        4
3016        2117        1        4
2990        2090        1        4
2990        2064        1        4
2963        2064        1        4
2963        2037        1        4
PEN_UP                  0
END_CHARACTER: QJ
