CHARACTER_NAME: TB
STROKE_COUNT: 4
  X           Y   STYLUS_STATE STROKE
PEN_DOWN
 953        1323        1        1
 926        1323        1        1
 900        1323        1        1
 873        1323        1        1
 873        1349        1        1
 900        1349        1        1
 926        1349        1        1
 953        1349        1        1
 979        1349        1        1
1005        1349        1        1
1032        1349        1        1
1085        1349        1        1
1111        1349        1        1
1164        1323        1        1
1217        1323        1        1
1244        1323        1        1
1296        1323        1        1
1349        1323        1        1
1402        1323        1        1
1455        1323        1        1
1508        1323        1        1
1561        1323        1        1
1614        1323        1        1
1667        1323        1        1
1693        1323        1        1
1746        1323        1        1
1799        1323        1        1
1852        1323        1        1
1879        1323        1        1
1931        1323        1        1
1984        1323        1        1
2037        1323        1        1
2064        1323        1        1
2117        1323        1        1
2170        1349        1        1
2223        1349        1        1
2249        1349        1        1
2302        1349        1        1
2355        1349        1        1
2381        1349        1        1
2434        1349        1        1
2461        1349        1        1
2514        1349        1        1
2566        1349        1        1
2593        1349        1        1
2646        1349        1        1
2699        1349        1        1
2752        1349        1        1
2778        1349        1        1
2831        1349        1        1
2884        1349        1        1
2910        1349        1        1
2963        1349        1        1
2990        1376        1        1
3043        1376        1        1
3096        1376        1        1
3122        1376        1        1
3175        1376        1        1
3201        1376        1        1
3254        1376        1        1
3281        1376        1        1
3334        1376        1        1
3387        1376        1        1
3413        1376        1        1
3440        1376        1        1
3493        1376        1        1
3519        1376        1        1
3545        1376        1        1
3572        1376        1        1
3598        1376        1        1
3625        1376        1        1
3651        1376        1        1
3678        1376        1        1
3704        1376        1        1
3731        1376        1        1
3757        1376        1        1
3757        1349        1        1
3784        1349        1        1
3810        1349        1        1
3810        1376        1        1
3784        1376        1        1
3757        1376        1        1
PEN_UP                  0
PEN_DOWN
2275        1429        1        2
2302        1429        1        2
2328        1429        1        2
2355        1429        1        2
2381        1429        1        2
2408        1455        1        2
2408        1482        1        2
2434        1508        1        2
2434        1535        1        2
2434        1561        1        2
2461        1588        1        2
2434        1588        1        2
2434        1614        1        2
2434        1640        1        2
2434        1667        1        2
2408        1693        1        2
2408        1720        1        2
2381        1720        1        2
2381        1746        1        2
2355        1773        1        2
2328        1773        1        2
2302        1773        1        2
2275        1799        1        2
2249        1799        1        2
2223        1799        1        2
2196        1799        1        2
2170        1799        1        2
2143        1773        1        2
2117        1773        1        2
2090        1773        1        2
2064        1746        1        2
2037        1746        1        2
2037        1720        1        2
2011        1693        1        2
2011        1667        1        2
2011        1640        1        2
2011        1614        1        2
2037        1614        1        2
2037        1588        1        2
2037        1561        1        2
2064        1561        1        2
2064        1535        1        2
2090        1508        1        2
2117        1508        1        2
2143        1482        1        2
2170        1482        1        2
2196        1482        1        2
2223        1455        1        2
2249        1455        1        2
2275        1455        1        2
2302        1429        1        2
2328        1429        1        2
2355        1429        1        2
2381        1455        1        2
2408        1455        1        2
2434        1482        1        2
2461        1482        1        2
2487        1508        1        2
2514        1508        1        2
2540        1535        1        2
2566        1535        1        2
2566        1561        1        2
2593        1588        1        2
2619        1614        1        2
2646        1640        1        2
2672        1667        1        2
2672        1693        1        2
2699        1720        1        2
2699        1746        1        2
2725        1773        1        2
2725        1826        1        2
2725        1852        1        2
2725        1879        1        2
2752        1905        1        2
2752        1958        1        2
2752        1984        1        2
2725        2011        1        2
2725        2037        1        2
2725        2064        1        2
2699        2117        1        2
2699        2143        1        2
2672        2170        1        2
2672        2196        1        2
2672        2223        1        2
2646        2249        1        2
2619        2275        1        2
2593        2302        1        2
2566        2328        1        2
2540        2328        1        2
2514        2355        1        2
2487        2355        1        2
2434        2381        1        2
2408        2381        1        2
2355        2381        1        2
2328        2381        1        2
2275        2381        1        2
2223        2381        1        2
2170        2381        1        2
2117        2355        1        2
2064        2355        1        2
1984        2328        1        2
1931        2328        1        2
1879        2302        1        2
1826        2275        1        2
1746        2249        1        2
1720        2223        1        2
1667        2196        1        2
1614        2170        1        2
1588        2117        1        2
1535        2090        1        2
1482        2037        1        2
1455        2011        1        2
1429        1958        1        2
1376        1931        1        2
1349        1905        1        2
1323        1852        1        2
1296        1826        1        2
1270        1799        1        2
1244        1799        1        2
1217        1773        1        2
1191        1773        1        2
PEN_UP                  0
PEN_DOWN
2646        2090        1        3
2672        2064        1        3
2699        2064        1        3
2725        2037        1        3
2725        2064        1        3
2725        2037        1        3
2752        2037        1        3
2778        2064        1        3
2805        2064        1        3
2805        2090        1        3
2778        2090        1        3
2778        2117        1        3
2778        2143        1        3
2778        2170        1        3
2778        2196        1        3
2778        2223        1        3
2752        2275        1        3
2752        2302        1        3
2752        2328        1        3
2752        2381        1        3
2752        2408        1        3
2752        2461        1        3
2752        2487        1        3
2752        2540        1        3
2725        2566        1        3
2725        2619        1        3
2725        2672        1        3
2725        2725        1        3
2725        2778        1        3
2725        2805        1        3
2725        2858        1        3
2725        2910        1        3
2725        2963        1        3
2725        3016        1        3
2725        3069        1        3
2725        3122        1        3
2725        3175        1        3
2725        3228        1        3
2699        3254        1        3
2699        3307        1        3
2725        3334        1        3
2699        3360        1        3
2699        3387        1        3
2699        3413        1        3
2699        3440        1        3
2699        3466        1        3
2699        3440        1        3
2672        3413        1        3
2672        3387        1        3
2672        3334        1        3
PEN_UP                  0
PEN_DOWN
2752        2196        1        4
2725        2223        1        4
2699        2223        1        4
2672        2249        1        4
2672        2275        1        4
2646        2302        1        4
2619        2328        1        4
2593        2355        1        4
2566        2381        1        4
2514        2434        1        4
2487        2461        1        4
2461        2514        1        4
2408        2540        1        4
2381        2566        1        4
2355        2619        1        4
2302        2646        1        4
2275        2672        1        4
2249        2699        1        4
2223        2725        1        4
2196        2752        1        4
2170        2778        1        4
2143        2805        1        4
2090        2831        1        4
2064        2858        1        4
2037        2884        1        4
1984        2884        1        4
1958        2910        1        4
1931        2937        1        4
1905        2937        1        4
1879        2963        1        4
1852        2963        1        4
1852        2990        1        4
1826        2990        1        4
1799        2990        1        4
1799        3016        1        4
1773        3016        1        4
1746        3016        1        4
1773        3043        1        4
1799        3043        1        4
1826        3043        1        4
1852        3043        1        4
1879        3043        1        4
1905        3043        1        4
1931        3043        1        4
1958        3043        1        4
2011        3043        1        4
2037        3043        1        4
2090        3069        1        4
2117        3069        1        4
2143        3069        1        4
2196        3096        1        4
2223        3096        1        4
2275        3122        1        4
2302        3149        1        4
2328        3149        1        4
2381        3175        1        4
2408        3201        1        4
2434        3201        1        4
2461        3228        1        4
2487        3254        1        4
2514        3254        1        4
2540        3281        1        4
2566        3307        1        4
2593        3307        1        4
2619        3334        1        4
2646        3360        1        4
2672        3360        1        4
2699        3387        1        4
2752        3387        1        4
2778        3413        1        4
2805        3413        1        4
PEN_UP                  0
END_CHARACTER: TB
