CHARACTER_NAME: A
STROKE_COUNT: 4
  X           Y   STYLUS_STATE STROKE
PEN_DOWN
1958        1958        1        1
1958        1931        1        1
1984        1931        1        1
2011        1931        1        1
2037        1931        1        1
2064        1931        1        1
2064        1958        1        1
2090        1984        1        1
2090        2011        1        1
2090        2037        1        1
2064        2037        1        1
2064        2064        1        1
2064        2090        1        1
2037        2090        1        1
2011        2117        1        1
1984        2143        1        1
1958        2143        1        1
1931        2170        1        1
1905        2170        1        1
1879        2170        1        1
1852        2170        1        1
1826        2170        1        1
1799        2170        1        1
1773        2170        1        1
1746        2170        1        1
1746        2143        1        1
1720        2143        1        1
1720        2117        1        1
1693        2117        1        1
1693        2090        1        1
1720        2064        1        1
1720        2037        1        1
1720        2011        1        1
1746        1984        1        1
1773        1958        1        1
1799        1931        1        1
1826        1905        1        1
1852        1905        1        1
1879        1879        1        1
1931        1852        1        1
1958        1852        1        1
2011        1852        1        1
2037        1826        1        1
2090        1826        1        1
2143        1826        1        1
2196        1826        1        1
2249        1852        1        1
2275        1852        1        1
2328        1852        1        1
2381        1879        1        1
2408        1905        1        1
2434        1931        1        1
2487        1958        1        1
2514        1984        1        1
2514        2037        1        1
2540        2064        1        1
2566        2117        1        1
2566        2170        1        1
2566        2196        1        1
2593        2249        1        1
2566        2302        1        1
2566        2328        1        1
2566        2381        1        1
2540        2408        1        1
2540        2461        1        1
2514        2487        1        1
2487        2514        1        1
2461        2540        1        1
2408        2593        1        1
2381        2619        1        1
2302        2646        1        1
2249        2672        1        1
2170        2699        1        1
2117        2699        1        1
2011        2725        1        1
1931        2725        1        1
1852        2752        1        1
1746        2752        1        1
1640        2725        1        1
1561        2725        1        1
1455        2699        1        1
1349        2672        1        1
1270        2619        1        1
1191        2566        1        1
1111        2514        1        1
1032        2434        1        1
 953        2355        1        1
 900        2249        1        1
 847        2170        1        1
 794        2090        1        1
 741        2037        1        1
 714        1958        1        1
 688        1905        1        1
 661        1852        1        1
 661        1826        1        1
 635        1799        1        1
 635        1773        1        1
 635        1746        1        1
 609        1720        1        1
 609        1746        1        1
 635        1773        1        1
 635        1799        1        1
PEN_UP                  0
PEN_DOWN
2778        2461        1        2
2805        2461        1        2
2805        2434        1        2
2831        2434        1        2
2858        2434        1        2
2884        2434        1        2
2910        2434        1        2
2937        2434        1        2
2963        2434        1        2
2990        2461        1        2
3016        2461        1        2
3043        2487        1        2
3069        2487        1        2
3122        2514        1        2
3175        2540        1        2
3201        2540        1        2
3228        2566        1        2
3281        2593        1        2
3307        2619        1        2
3334        2646        1        2
3360        2646        1        2
3413        2672        1        2
3440        2699        1        2
3466        2725        1        2
3493        2725        1        2
3519        2752        1        2
3519        2778        1        2
3545        2778        1        2
3572        2805        1        2
3598        2805        1        2
3625        2831        1        2
3625        2858        1        2
3651        2858        1        2
3651        2831        1        2
3625        2805        1        2
3625        2778        1        2
3598        2725        1        2
3598        2699        1        2
3572        2646        1        2
3572        2619        1        2
3545        2540        1        2
3519        2487        1        2
3519        2434        1        2
3493        2355        1        2
3466        2302        1        2
3466        2223        1        2
3466        2170        1        2
3440        2090        1        2
3440        2064        1        2
3440        2011        1        2
3440        1958        1        2
3440        1931        1        2
3440        1905        1        2
3440        1879        1        2
3440        1852        1        2
3413        1826        1        2
3413        1799        1        2
3413        1773        1        2
3413        1746        1        2
PEN_UP                  0
PEN_DOWN
 397        1746        1        3
 397        1773        1        3
 423        1773        1        3
 450        1773        1        3
 476        1773        1        3
 503        1773        1        3
 529        1773        1        3
 556        1773        1        3
 609        1773        1        3
 635        1773        1        3
 688        1799        1        3
 714        1799        1        3
 767        1799        1        3
 820        1799        1        3
 847        1799        1        3
 900        1799        1        3
 926        1799        1        3
 953        1826        1        3
1005        1826        1        3
1032        1826        1        3
1085        1826        1        3
1111        1826        1        3
1164        1826        1        3
1217        1826        1        3
1244        1852        1        3
1296        1852        1        3
1349        1852        1        3
1402        1852        1        3
1429        1852        1        3
1482        1852        1        3
1535        1852        1        3
1588        1852        1        3
1614        1852        1        3
1667        1852        1        3
1720        1852        1        3
1746        1852        1        3
1799        1852        1        3
1826        1852        1        3
1879        1879        1        3
1905        1879        1        3
1931        1879        1        3
1958        1879        1        3
2011        1879        1        3
2037        1879        1        3
2064        1879        1        3
2090        1879        1        3
2117        1879        1        3
2143        1879        1        3
2196        1879        1        3
2223        1879        1        3
2249        1879        1        3
2275        1879        1        3
2302        1879        1        3
2328        1879        1        3
2355        1879        1        3
2381        1879        1        3
2408        1879        1        3
2434        1879        1        3
2461        1879        1        3
2487        1879        1        3
2540        1879        1        3
2566        1879        1        3
2593        1879        1        3
2619        1879        1        3
2646        1879        1        3
2672        1879        1        3
2699        1879        1        3
2752        1879        1        3
2778        1879        1        3
2805        1879        1        3
2831        1879        1        3
2858        1879        1        3
2910        1879        1        3
2937        1879        1        3
2963        1879        1        3
2990        1879        1        3
3016        1879        1        3
3069        1879        1        3
3096        1879        1        3
3122        1879        1        3
3149        1879        1        3
3201        1879        1        3
3228        1879        1        3
3254        1879        1        3
3281        1879        1        3
3307        1879        1        3
3334        1879        1        3
3360        1879        1        3
3387        1879        1        3
3413        1879        1        3
3440        1879        1        3
3466        1879        1        3
3493        1879        1        3
3519        1879        1        3
3545        1879        1        3
3572        1879        1        3
3598        1879        1        3
3625        1879        1        3
3651        1879        1        3
3678        1879        1        3
3704        1879        1        3
3731        1879        1        3
3757        1879        1        3
3784        1879        1        3
3810        1879        1        3
3836        1879        1        3
3863        1879        1        3
3889        1879        1        3
3916        1879        1        3
3942        1879        1        3
3969        1879        1        3
3969        1905        1        3
3995        1879        1        3
3995        1905        1        3
4022        1905        1        3
4022        1879        1        3
3995        1879        1        3
3969        1879        1        3
PEN_UP                  0
PEN_DOWN
2593        2514        1        4
2619        2514        1        4
2646        2514        1        4
2672        2514        1        4
2699        2514        1        4
2725        2514        1        4
2752        2514        1        4
2778        2514        1        4
2805        2514        1        4
2831        2514        1        4
2858        2514        1        4
PEN_UP                  0
END_CHARACTER: A
