CHARACTER_NAME: LL
STROKE_COUNT: 5
  X           Y   STYLUS_STATE STROKE
PEN_DOWN
1826        1640        1        1
1852        1640        1        1
1879        1667        1        1
1879        1693        1        1
1852        1720        1        1
1852        1746        1        1
1826        1773        1        1
1826        1799        1        1
1799        1799        1        1
1799        1826        1        1
1773        1826        1        1
1746        1826        1        1
1746        1799        1        1
1773        1773        1        1
1773        1746        1        1
1773        1720        1        1
1799        1693        1        1
1799        1667        1        1
1799        1640        1        1
1826        1640        1        1
1826        1614        1        1
1852        1588        1        1
1852        1561        1        1
1879        1561        1        1
1879        1535        1        1
1905        1535        1        1
1931        1535        1        1
1931        1508        1        1
1958        1508        1        1
1958        1535        1        1
1984        1535        1        1
2011        1535        1        1
2011        1561        1        1
2037        1561        1        1
2064        1588        1        1
2064        1614        1        1
2090        1614        1        1
2090        1640        1        1
2117        1667        1        1
2117        1693        1        1
2090        1720        1        1
2090        1746        1        1
2090        1773        1        1
2090        1799        1        1
2064        1799        1        1
2090        1773        1        1
2090        1746        1        1
2117        1746        1        1
2117        1720        1        1
2143        1693        1        1
2143        1667        1        1
2170        1640        1        1
2196        1640        1        1
2223        1614        1        1
2249        1614        1        1
2249        1588        1        1
2275        1588        1        1
2302        1588        1        1
2328        1614        1        1
2355        1614        1        1
2381        1640        1        1
2408        1640        1        1
2434        1667        1        1
2461        1693        1        1
2487        1693        1        1
2487        1720        1        1
2514        1720        1        1
2514        1746        1        1
2540        1746        1        1
PEN_UP                  0
PEN_DOWN
2593        1296        1        2
2619        1270        1        2
2619        1244        1        2
2619        1270        1        2
2619        1296        1        2
2593        1323        1        2
2593        1349        1        2
2593        1376        1        2
2566        1429        1        2
2566        1455        1        2
2566        1482        1        2
2540        1535        1        2
2540        1561        1        2
2514        1614        1        2
2514        1640        1        2
2514        1693        1        2
2487        1720        1        2
2487        1773        1        2
2461        1799        1        2
2461        1826        1        2
2461        1879        1        2
2434        1905        1        2
2434        1931        1        2
2434        1958        1        2
2408        1984        1        2
2408        2011        1        2
2408        2037        1        2
2381        2064        1        2
2381        2090        1        2
2381        2117        1        2
2381        2143        1        2
2381        2170        1        2
PEN_UP                  0
PEN_DOWN
1826        2196        1        3
1799        2196        1        3
1799        2223        1        3
1799        2249        1        3
1799        2275        1        3
1773        2275        1        3
1773        2302        1        3
1746        2302        1        3
1746        2275        1        3
1746        2249        1        3
1746        2223        1        3
1746        2196        1        3
1746        2170        1        3
1773        2170        1        3
1773        2143        1        3
1799        2117        1        3
1799        2090        1        3
1826        2090        1        3
1852        2064        1        3
1879        2037        1        3
1905        2037        1        3
1931        2037        1        3
1958        2037        1        3
1984        2064        1        3
2011        2090        1        3
2011        2117        1        3
2011        2143        1        3
1984        2143        1        3
1984        2170        1        3
1984        2196        1        3
1984        2223        1        3
1984        2249        1        3
1958        2249        1        3
1958        2275        1        3
1958        2302        1        3
1958        2275        1        3
1984        2249        1        3
2011        2223        1        3
2011        2196        1        3
2037        2196        1        3
2037        2170        1        3
2064        2170        1        3
2064        2143        1        3
2090        2117        1        3
2117        2090        1        3
2143        2090        1        3
2143        2064        1        3
2170        2064        1        3
2196        2064        1        3
2196        2037        1        3
2223        2064        1        3
2249        2064        1        3
2249        2090        1        3
2275        2090        1        3
2275        2117        1        3
2302        2117        1        3
2302        2143        1        3
2328        2143        1        3
2328        2170        1        3
2328        2196        1        3
2328        2223        1        3
PEN_UP                  0
PEN_DOWN
2355        2090        1        4
2381        2117        1        4
2381        2143        1        4
2381        2170        1        4
2355        2170        1        4
2355        2196        1        4
2355        2223        1        4
2355        2249        1        4
2328        2249        1        4
2328        2275        1        4
2328        2302        1        4
2302        2328        1        4
2302        2355        1        4
2275        2355        1        4
2275        2381        1        4
2275        2408        1        4
2275        2434        1        4
2275        2461        1        4
2249        2461        1        4
2249        2487        1        4
2249        2514        1        4
PEN_UP                  0
PEN_DOWN
2011        1349        1        5
1984        1349        1        5
1958        1349        1        5
1931        1349        1        5
1905        1349        1        5
1931        1349        1        5
1958        1349        1        5
1984        1349        1        5
2011        1349        1        5
2037        1349        1        5
2064        1349        1        5
2117        1349        1        5
2143        1349        1        5
2170        1349        1        5
2223        1349        1        5
2249        1349        1        5
2302        1349        1        5
2328        1349        1        5
2381        1349        1        5
2408        1349        1        5
2461        1349        1        5
2514        1349        1        5
2540        1349        1        5
2593        1349        1        5
2619        1349        1        5
2646        1349        1        5
2699        1349        1        5
2725        1349        1        5
2752        1349        1        5
2778        1349        1        5
2805        1349        1        5
2831        1349        1        5
2858        1349        1        5
2884        1349        1        5
2910        1349        1        5
2937        1349        1        5
2963        1349        1        5
PEN_UP                  0
END_CHARACTER: LL
