CHARACTER_NAME: NGJ
STROKE_COUNT: 2
  X           Y   STYLUS_STATE STROKE
PEN_DOWN
1984        1482        1        1
2011        1482        1        1
1984        1482        1        1
1984        1508        1        1
1984        1535        1        1
1984        1561        1        1
1958        1561        1        1
1958        1588        1        1
1931        1588        1        1
1931        1614        1        1
1905        1614        1        1
1905        1640        1        1
1879        1614        1        1
1852        1588        1        1
1852        1561        1        1
1852        1535        1        1
1879        1535        1        1
1879        1508        1        1
1879        1482        1        1
1879        1455        1        1
1905        1455        1        1
1905        1429        1        1
1931        1402        1        1
1958        1376        1        1
1958        1349        1        1
1984        1349        1        1
2011        1323        1        1
2037        1323        1        1
2064        1323        1        1
2090        1323        1        1
2090        1349        1        1
2117        1349        1        1
2117        1376        1        1
2143        1376        1        1
2143        1402        1        1
2170        1402        1        1
2170        1429        1        1
2170        1455        1        1
2196        1482        1        1
2196        1508        1        1
2196        1535        1        1
2170        1561        1        1
2170        1588        1        1
2170        1614        1        1
2170        1640        1        1
2143        1667        1        1
2143        1693        1        1
2143        1720        1        1
2117        1720        1        1
2117        1746        1        1
2117        1773        1        1
2090        1773        1        1
2090        1799        1        1
2064        1826        1        1
2064        1852        1        1
2064        1879        1        1
2037        1879        1        1
2037        1905        1        1
2011        1905        1        1
2011        1931        1        1
1984        1958        1        1
1984        1984        1        1
1958        1984        1        1
1958        2011        1        1
1931        2037        1        1
1931        2064        1        1
1905        2064        1        1
1905        2090        1        1
1879        2117        1        1
1879        2143        1        1
1852        2143        1        1
1852        2170        1        1
1826        2170        1        1
1826        2196        1        1
1799        2196        1        1
1799        2223        1        1
1799        2249        1        1
1773        2249        1        1
1773        2275        1        1
1746        2275        1        1
1746        2302        1        1
1720        2328        1        1
1720        2355        1        1
1693        2355        1        1
1693        2381        1        1
1667        2381        1        1
1667        2408        1        1
1640        2434        1        1
1640        2461        1        1
1640        2487        1        1
1640        2514        1        1
1667        2514        1        1
1667        2540        1        1
1693        2540        1        1
1693        2566        1        1
1720        2566        1        1
1720        2593        1        1
1746        2593        1        1
1773        2593        1        1
1773        2619        1        1
1799        2619        1        1
1826        2619        1        1
1826        2646        1        1
1852        2646        1        1
1879        2646        1        1
1905        2646        1        1
1931        2646        1        1
1931        2619        1        1
1958        2619        1        1
1984        2619        1        1
1984        2593        1        1
2011        2593        1        1
2037        2566        1        1
2064        2540        1        1
2090        2540        1        1
2090        2514        1        1
2117        2514        1        1
2117        2487        1        1
2143        2487        1        1
2143        2461        1        1
2170        2434        1        1
2170        2408        1        1
2196        2408        1        1
2196        2381        1        1
2196        2355        1        1
2223        2355        1        1
2223        2328        1        1
2223        2302        1        1
2223        2275        1        1
2249        2275        1        1
2249        2249        1        1
2249        2223        1        1
2249        2196        1        1
2249        2170        1        1
2249        2143        1        1
2249        2117        1        1
2249        2090        1        1
2249        2064        1        1
2249        2037        1        1
2223        2011        1        1
2223        1984        1        1
2196        1984        1        1
2196        1958        1        1
2170        1958        1        1
2170        1931        1        1
2143        1931        1        1
2117        1931        1        1
2143        1931        1        1
2170        1958        1        1
2196        1984        1        1
2223        1984        1        1
2223        2011        1        1
2249        2011        1        1
2275        2037        1        1
2302        2037        1        1
2328        2064        1        1
2355        2064        1        1
2355        2090        1        1
2381        2090        1        1
2408        2117        1        1
2408        2143        1        1
2434        2143        1        1
2434        2170        1        1
2434        2196        1        1
2434        2223        1        1
2408        2249        1        1
2408        2275        1        1
2408        2302        1        1
2408        2328        1        1
2381        2355        1        1
2381        2381        1        1
2355        2408        1        1
2355        2434        1        1
2328        2461        1        1
2328        2487        1        1
2302        2514        1        1
2275        2540        1        1
2275        2566        1        1
2249        2593        1        1
2223        2619        1        1
2223        2646        1        1
2196        2672        1        1
2170        2699        1        1
2170        2725        1        1
2143        2752        1        1
2117        2752        1        1
2117        2778        1        1
2090        2805        1        1
2090        2831        1        1
2064        2831        1        1
2090        2831        1        1
2117        2831        1        1
2143        2831        1        1
2170        2831        1        1
2196        2831        1        1
2223        2831        1        1
2249        2831        1        1
2275        2831        1        1
2302        2831        1        1
2328        2858        1        1
2355        2884        1        1
2381        2910        1        1
2408        2937        1        1
2434        2963        1        1
2461        2990        1        1
2487        3043        1        1
2514        3069        1        1
2540        3096        1        1
2540        3149        1        1
2566        3175        1        1
2593        3175        1        1
2619        3201        1        1
2619        3228        1        1
PEN_UP                  0
PEN_DOWN
2275        1773        1        2
2275        1746        1        2
2249        1746        1        2
2249        1720        1        2
2223        1720        1        2
2223        1693        1        2
2196        1667        1        2
2196        1640        1        2
2196        1614        1        2
2196        1588        1        2
2196        1561        1        2
2196        1535        1        2
2196        1508        1        2
2223        1508        1        2
2223        1482        1        2
2223        1455        1        2
2249        1455        1        2
2275        1429        1        2
2302        1402        1        2
2328        1402        1        2
2355        1402        1        2
2355        1429        1        2
2381        1429        1        2
2381        1455        1        2
2408        1455        1        2
2434        1482        1        2
2434        1508        1        2
2461        1508        1        2
2461        1535        1        2
2487        1535        1        2
2461        1535        1        2
2461        1561        1        2
2461        1588        1        2
2461        1614        1        2
2434        1640        1        2
2434        1667        1        2
2408        1667        1        2
2408        1693        1        2
2381        1693        1        2
2381        1720        1        2
2355        1746        1        2
2355        1773        1        2
2355        1746        1        2
2381        1746        1        2
2408        1720        1        2
2434        1693        1        2
2461        1693        1        2
2487        1667        1        2
2514        1667        1        2
2540        1667        1        2
2566        1667        1        2
2593        1667        1        2
2619        1667        1        2
2619        1693        1        2
2646        1693        1        2
2672        1693        1        2
2672        1720        1        2
2699        1720        1        2
2699        1746        1        2
2725        1773        1        2
2725        1799        1        2
2725        1826        1        2
2699        1852        1        2
2699        1879        1        2
2672        1905        1        2
2672        1931        1        2
2646        1958        1        2
2619        1984        1        2
2593        2011        1        2
2593        2037        1        2
2566        2037        1        2
2540        2037        1        2
2540        2064        1        2
2514        2064        1        2
2487        2064        1        2
2487        2090        1        2
2461        2090        1        2
2434        2090        1        2
2408        2090        1        2
2381        2090        1        2
2355        2064        1        2
2328        2064        1        2
2302        2064        1        2
2275        2037        1        2
2249        2037        1        2
2223        2011        1        2
2196        1984        1        2
2170        1958        1        2
PEN_UP                  0
END_CHARACTER: NGJ
