CHARACTER_NAME: GA
STROKE_COUNT: 4
  X           Y   STYLUS_STATE STROKE
PEN_DOWN
 794        2381        1        1
 794        2408        1        1
 820        2408        1        1
 820        2381        1        1
 847        2381        1        1
 873        2381        1        1
 900        2355        1        1
 926        2328        1        1
 953        2302        1        1
 979        2275        1        1
1032        2223        1        1
1058        2196        1        1
1085        2143        1        1
1138        2090        1        1
1164        2037        1        1
1191        1984        1        1
1217        1958        1        1
1244        1905        1        1
1270        1879        1        1
1296        1852        1        1
1296        1826        1        1
1323        1799        1        1
1323        1773        1        1
1323        1746        1        1
1296        1746        1        1
1296        1773        1        1
1270        1773        1        1
1244        1773        1        1
1217        1799        1        1
1191        1799        1        1
1138        1826        1        1
1111        1852        1        1
1085        1852        1        1
1058        1879        1        1
1005        1879        1        1
 979        1905        1        1
 953        1905        1        1
 926        1905        1        1
 900        1905        1        1
 873        1905        1        1
 847        1905        1        1
 847        1879        1        1
 820        1852        1        1
 820        1826        1        1
 820        1799        1        1
 847        1773        1        1
 847        1746        1        1
 847        1720        1        1
 847        1693        1        1
 873        1667        1        1
 900        1640        1        1
 900        1614        1        1
 926        1588        1        1
 953        1588        1        1
1005        1561        1        1
1032        1561        1        1
1085        1535        1        1
1138        1535        1        1
1217        1535        1        1
1270        1561        1        1
1323        1561        1        1
1376        1588        1        1
1455        1588        1        1
1508        1614        1        1
1588        1640        1        1
1640        1667        1        1
1693        1693        1        1
1746        1720        1        1
1799        1746        1        1
1826        1773        1        1
1879        1799        1        1
1905        1826        1        1
1931        1826        1        1
1958        1852        1        1
1984        1879        1        1
2011        1905        1        1
2037        1905        1        1
2037        1931        1        1
2064        1931        1        1
PEN_UP                  0
PEN_DOWN
2170        1640        1        2
2170        1614        1        2
2170        1588        1        2
2170        1561        1        2
2170        1535        1        2
2170        1508        1        2
2196        1508        1        2
2196        1535        1        2
2196        1561        1        2
2196        1588        1        2
2196        1640        1        2
2196        1693        1        2
2223        1773        1        2
2223        1852        1        2
2223        1931        1        2
2223        2011        1        2
2223        2090        1        2
2223        2170        1        2
2223        2249        1        2
2223        2328        1        2
2223        2381        1        2
2223        2434        1        2
2223        2487        1        2
2223        2540        1        2
2196        2593        1        2
2196        2619        1        2
2196        2646        1        2
2223        2672        1        2
2223        2699        1        2
2223        2725        1        2
2223        2752        1        2
2249        2725        1        2
2249        2699        1        2
2223        2699        1        2
PEN_UP                  0
PEN_DOWN
2117        1984        1        3
2117        1958        1        3
2117        1931        1        3
2090        1931        1        3
2117        1958        1        3
2117        1984        1        3
2143        1984        1        3
2143        2011        1        3
2170        2011        1        3
2170        2037        1        3
2196        2037        1        3
2196        2064        1        3
2223        2090        1        3
2249        2090        1        3
2249        2117        1        3
2249        2090        1        3
PEN_UP                  0
PEN_DOWN
2196        1535        1        4
2223        1561        1        4
2249        1561        1        4
2275        1561        1        4
2302        1561        1        4
2328        1561        1        4
2355        1561        1        4
2381        1561        1        4
2408        1561        1        4
2434        1561        1        4
PEN_UP                  0
END_CHARACTER: GA
