CHARACTER_NAME: GHR
STROKE_COUNT: 3
  X           Y   STYLUS_STATE STROKE
PEN_DOWN
1640        1614        1        1
1640        1640        1        1
1667        1640        1        1
1693        1640        1        1
1720        1640        1        1
1746        1640        1        1
1773        1640        1        1
1799        1640        1        1
1852        1640        1        1
1879        1640        1        1
1905        1640        1        1
1931        1640        1        1
1958        1640        1        1
1984        1640        1        1
2011        1640        1        1
1984        1640        1        1
1958        1640        1        1
1931        1667        1        1
1905        1667        1        1
1879        1667        1        1
1852        1693        1        1
1826        1720        1        1
1826        1746        1        1
1799        1746        1        1
1799        1773        1        1
1799        1799        1        1
1826        1799        1        1
1826        1826        1        1
1852        1826        1        1
1852        1852        1        1
1879        1852        1        1
1905        1852        1        1
1931        1852        1        1
1958        1852        1        1
1984        1852        1        1
2011        1852        1        1
2037        1852        1        1
2011        1852        1        1
2011        1879        1        1
1984        1879        1        1
1984        1905        1        1
1958        1931        1        1
1931        1958        1        1
1905        1984        1        1
1879        2011        1        1
1852        2037        1        1
1826        2064        1        1
1826        2090        1        1
1799        2090        1        1
1799        2117        1        1
1773        2143        1        1
1773        2170        1        1
1799        2170        1        1
1826        2170        1        1
1852        2143        1        1
1879        2143        1        1
1905        2143        1        1
1905        2117        1        1
1931        2117        1        1
1958        2117        1        1
1984        2117        1        1
2011        2090        1        1
2037        2090        1        1
2064        2090        1        1
2090        2090        1        1
2117        2117        1        1
2143        2117        1        1
2170        2143        1        1
2196        2143        1        1
2223        2170        1        1
2223        2196        1        1
2249        2196        1        1
2249        2223        1        1
2275        2249        1        1
2302        2275        1        1
2328        2302        1        1
2328        2275        1        1
2328        2249        1        1
2328        2223        1        1
2328        2196        1        1
2328        2170        1        1
2328        2143        1        1
2328        2117        1        1
2328        2064        1        1
2328        2037        1        1
2328        1984        1        1
2328        1958        1        1
2328        1931        1        1
2328        1879        1        1
2328        1852        1        1
2328        1826        1        1
2328        1799        1        1
2328        1773        1        1
2328        1746        1        1
2328        1720        1        1
2328        1693        1        1
2355        1693        1        1
2328        1667        1        1
2355        1667        1        1
2328        1667        1        1
2328        1640        1        1
2302        1640        1        1
2302        1614        1        1
2275        1640        1        1
2249        1614        1        1
2249        1640        1        1
2223        1640        1        1
2196        1640        1        1
2170        1640        1        1
2143        1640        1        1
2117        1640        1        1
2090        1640        1        1
2064        1640        1        1
2090        1640        1        1
2117        1640        1        1
2143        1640        1        1
2170        1640        1        1
2196        1640        1        1
2223        1614        1        1
2249        1614        1        1
2275        1614        1        1
2302        1614        1        1
2328        1614        1        1
2355        1614        1        1
2381        1614        1        1
2408        1614        1        1
2434        1614        1        1
PEN_UP                  0
PEN_DOWN
2328        2223        1        2
2355        2223        1        2
2328        2249        1        2
2355        2249        1        2
2328        2249        1        2
2328        2275        1        2
2355        2275        1        2
2355        2302        1        2
2355        2328        1        2
2355        2355        1        2
2355        2381        1        2
2355        2408        1        2
2355        2434        1        2
2355        2461        1        2
2355        2487        1        2
2328        2487        1        2
2328        2514        1        2
2355        2514        1        2
2355        2540        1        2
2355        2566        1        2
2355        2593        1        2
2355        2619        1        2
2355        2646        1        2
2381        2672        1        2
2381        2646        1        2
2381        2619        1        2
2381        2593        1        2
2355        2593        1        2
2355        2566        1        2
2328        2540        1        2
2302        2514        1        2
2275        2487        1        2
2249        2487        1        2
2223        2487        1        2
2223        2514        1        2
2196        2514        1        2
2170        2514        1        2
2143        2540        1        2
2117        2540        1        2
2090        2566        1        2
2064        2593        1        2
2037        2593        1        2
2011        2619        1        2
1984        2646        1        2
1958        2672        1        2
1931        2699        1        2
1905        2725        1        2
1852        2752        1        2
1826        2752        1        2
1799        2778        1        2
1773        2778        1        2
1746        2805        1        2
1720        2805        1        2
1693        2778        1        2
1667        2778        1        2
1640        2778        1        2
1614        2752        1        2
1588        2752        1        2
1561        2725        1        2
1535        2699        1        2
1508        2672        1        2
1482        2646        1        2
1455        2619        1        2
1429        2593        1        2
1402        2593        1        2
1402        2566        1        2
1376        2566        1        2
1402        2540        1        2
PEN_UP                  0
PEN_DOWN
2064        1852        1        3
2090        1852        1        3
2117        1852        1        3
2117        1826        1        3
2143        1826        1        3
2117        1799        1        3
2090        1799        1        3
2064        1799        1        3
2037        1826        1        3
2011        1852        1        3
2011        1879        1        3
1984        1905        1        3
PEN_UP                  0
END_CHARACTER: GHR
