CHARACTER_NAME: MDA
STROKE_COUNT: 2
  X           Y   STYLUS_STATE STROKE
PEN_DOWN
1032        1376        1        1
1032        1402        1        1
1005        1402        1        1
 979        1402        1        1
 953        1429        1        1
 926        1429        1        1
 900        1429        1        1
 926        1429        1        1
 953        1429        1        1
1005        1429        1        1
1058        1429        1        1
1138        1429        1        1
1244        1429        1        1
1376        1429        1        1
1508        1402        1        1
1667        1402        1        1
1826        1402        1        1
1984        1376        1        1
2170        1376        1        1
2328        1349        1        1
2487        1349        1        1
2619        1349        1        1
2725        1323        1        1
2805        1323        1        1
2884        1323        1        1
2937        1296        1        1
2990        1296        1        1
3016        1296        1        1
3043        1296        1        1
3069        1296        1        1
3069        1270        1        1
PEN_UP                  0
PEN_DOWN
2170        1429        1        2
2143        1429        1        2
2143        1455        1        2
2143        1482        1        2
2143        1508        1        2
2143        1561        1        2
2117        1588        1        2
2117        1640        1        2
2117        1693        1        2
2117        1773        1        2
2117        1852        1        2
2117        1905        1        2
2143        1984        1        2
2143        2064        1        2
2143        2117        1        2
2170        2196        1        2
2196        2249        1        2
2223        2275        1        2
2249        2328        1        2
2275        2355        1        2
2302        2355        1        2
2328        2381        1        2
2381        2381        1        2
2408        2355        1        2
2434        2328        1        2
2487        2302        1        2
2540        2275        1        2
2566        2249        1        2
2619        2196        1        2
2646        2170        1        2
2699        2143        1        2
2725        2090        1        2
2752        2064        1        2
2805        2037        1        2
2831        2037        1        2
2858        2011        1        2
2884        2011        1        2
2910        2037        1        2
2910        2064        1        2
2910        2117        1        2
2937        2143        1        2
2910        2196        1        2
2910        2249        1        2
2884        2328        1        2
2858        2381        1        2
2831        2434        1        2
2778        2487        1        2
2699        2540        1        2
2646        2593        1        2
2566        2619        1        2
2461        2672        1        2
2355        2699        1        2
2275        2725        1        2
2170        2725        1        2
2064        2725        1        2
1984        2725        1        2
1905        2699        1        2
1826        2672        1        2
1746        2619        1        2
1693        2566        1        2
1640        2487        1        2
1588        2434        1        2
1561        2355        1        2
1535        2302        1        2
1508        2249        1        2
1508        2196        1        2
1482        2170        1        2
1482        2143        1        2
1482        2117        1        2
1508        2143        1        2
1535        2143        1        2
PEN_UP                  0
END_CHARACTER: MDA
