CHARACTER_NAME: KHYA
STROKE_COUNT: 2
  X           Y   STYLUS_STATE STROKE
PEN_DOWN
 503        1191        1        1
 476        1164        1        1
 476        1138        1        1
 503        1138        1        1
 503        1111        1        1
 529        1085        1        1
 556        1058        1        1
 582        1058        1        1
 635        1032        1        1
 688        1032        1        1
 741        1005        1        1
 794        1005        1        1
 847        1005        1        1
 900        1005        1        1
 953        1005        1        1
1005        1032        1        1
1058        1032        1        1
1085        1058        1        1
1138        1085        1        1
1164        1111        1        1
1191        1138        1        1
1217        1191        1        1
1217        1217        1        1
1244        1244        1        1
1244        1296        1        1
1270        1323        1        1
1244        1376        1        1
1244        1402        1        1
1244        1429        1        1
1217        1482        1        1
1191        1508        1        1
1164        1535        1        1
1138        1561        1        1
1085        1588        1        1
1058        1614        1        1
1005        1640        1        1
 979        1667        1        1
 926        1667        1        1
 900        1693        1        1
 873        1693        1        1
 847        1720        1        1
 820        1720        1        1
 847        1693        1        1
 847        1667        1        1
 873        1667        1        1
 873        1640        1        1
 900        1640        1        1
 926        1614        1        1
 953        1614        1        1
1005        1588        1        1
1032        1588        1        1
1058        1588        1        1
1111        1561        1        1
1138        1561        1        1
1164        1561        1        1
1191        1561        1        1
1217        1588        1        1
1244        1588        1        1
1270        1588        1        1
1296        1614        1        1
1323        1614        1        1
1323        1640        1        1
1349        1667        1        1
1349        1693        1        1
1376        1720        1        1
1376        1746        1        1
1376        1773        1        1
1402        1799        1        1
1402        1826        1        1
1402        1852        1        1
1376        1879        1        1
1376        1931        1        1
1349        1958        1        1
1323        2011        1        1
1296        2037        1        1
1270        2090        1        1
1217        2143        1        1
1191        2196        1        1
1138        2249        1        1
1085        2302        1        1
1032        2328        1        1
 979        2381        1        1
 953        2408        1        1
 900        2434        1        1
 873        2434        1        1
 873        2461        1        1
 847        2461        1        1
 847        2487        1        1
 820        2461        1        1
 820        2434        1        1
 847        2408        1        1
 847        2381        1        1
 873        2355        1        1
 900        2328        1        1
 953        2302        1        1
 979        2249        1        1
1032        2223        1        1
1085        2196        1        1
1164        2196        1        1
1217        2170        1        1
1296        2170        1        1
1349        2143        1        1
1429        2170        1        1
1482        2170        1        1
1535        2170        1        1
1588        2196        1        1
1640        2196        1        1
1693        2223        1        1
1720        2249        1        1
1773        2249        1        1
1799        2275        1        1
1852        2302        1        1
1879        2328        1        1
1905        2328        1        1
1931        2355        1        1
1958        2355        1        1
1958        2381        1        1
1984        2381        1        1
1984        2408        1        1
2011        2408        1        1
2011        2381        1        1
2011        2355        1        1
2011        2302        1        1
2011        2249        1        1
2011        2196        1        1
2011        2117        1        1
2011        2037        1        1
2011        1984        1        1
2011        1905        1        1
2011        1826        1        1
2011        1746        1        1
2037        1667        1        1
2037        1588        1        1
2037        1508        1        1
2064        1455        1        1
2064        1402        1        1
2064        1349        1        1
2090        1323        1        1
2090        1270        1        1
2090        1244        1        1
2117        1217        1        1
2117        1191        1        1
2090        1191        1        1
2064        1191        1        1
2037        1191        1        1
2011        1217        1        1
1958        1217        1        1
1931        1244        1        1
1905        1270        1        1
1879        1296        1        1
1852        1323        1        1
1826        1349        1        1
1826        1376        1        1
1799        1402        1        1
1799        1455        1        1
1826        1482        1        1
1826        1508        1        1
1826        1535        1        1
1852        1561        1        1
1879        1561        1        1
1931        1588        1        1
1958        1588        1        1
2011        1614        1        1
2064        1640        1        1
2117        1640        1        1
2196        1667        1        1
2249        1667        1        1
2302        1693        1        1
2328        1720        1        1
2381        1720        1        1
2408        1746        1        1
2461        1799        1        1
2461        1826        1        1
2487        1852        1        1
2514        1905        1        1
2514        1958        1        1
2514        1984        1        1
2487        2037        1        1
2487        2090        1        1
2461        2117        1        1
2461        2170        1        1
2434        2196        1        1
2408        2223        1        1
2381        2249        1        1
2355        2275        1        1
2381        2249        1        1
2408        2223        1        1
2434        2196        1        1
PEN_UP                  0
PEN_DOWN
 609         953        1        2
 609         979        1        2
 582        1005        1        2
 556        1005        1        2
 556        1032        1        2
 529        1032        1        2
 556        1032        1        2
 582        1032        1        2
 609        1058        1        2
 635        1058        1        2
 661        1058        1        2
 688        1058        1        2
 741        1058        1        2
 767        1058        1        2
 820        1058        1        2
 873        1058        1        2
 926        1085        1        2
 979        1085        1        2
1058        1085        1        2
1111        1085        1        2
1191        1085        1        2
1270        1085        1        2
1323        1085        1        2
1402        1111        1        2
1482        1111        1        2
1561        1111        1        2
1614        1111        1        2
1693        1111        1        2
1773        1111        1        2
1826        1111        1        2
1879        1111        1        2
1958        1111        1        2
2011        1111        1        2
2064        1111        1        2
2117        1111        1        2
2170        1111        1        2
2223        1111        1        2
2249        1111        1        2
2302        1111        1        2
2328        1111        1        2
2381        1111        1        2
2408        1111        1        2
2461        1111        1        2
2487        1111        1        2
2540        1111        1        2
2566        1111        1        2
2619        1111        1        2
2646        1111        1        2
2672        1111        1        2
2725        1111        1        2
2752        1111        1        2
2778        1111        1        2
2805        1111        1        2
2831        1085        1        2
2831        1111        1        2
2858        1111        1        2
2884        1111        1        2
2910        1111        1        2
2937        1111        1        2
2937        1085        1        2
2963        1111        1        2
2990        1111        1        2
3016        1111        1        2
3043        1111        1        2
3016        1085        1        2
PEN_UP                  0
END_CHARACTER: KHYA
