CHARACTER_NAME: GHN
STROKE_COUNT: 3
  X           Y   STYLUS_STATE STROKE
PEN_DOWN
1773        1588        1        1
1773        1614        1        1
1746        1614        1        1
1720        1614        1        1
1720        1640        1        1
1693        1640        1        1
1693        1667        1        1
1667        1667        1        1
1640        1693        1        1
1614        1720        1        1
1588        1746        1        1
1588        1773        1        1
1561        1799        1        1
1535        1826        1        1
1535        1852        1        1
1535        1879        1        1
1508        1905        1        1
1508        1931        1        1
1508        1958        1        1
1508        1984        1        1
1508        2011        1        1
1535        2037        1        1
1535        2064        1        1
1561        2090        1        1
1561        2117        1        1
1588        2117        1        1
1614        2143        1        1
1640        2143        1        1
1667        2143        1        1
1693        2143        1        1
1720        2117        1        1
1746        2117        1        1
1773        2090        1        1
1799        2090        1        1
1826        2090        1        1
1852        2064        1        1
1879        2037        1        1
1905        2037        1        1
1905        2011        1        1
1931        1984        1        1
1958        1984        1        1
1984        1958        1        1
1984        1931        1        1
2011        1931        1        1
2011        1905        1        1
2037        1905        1        1
2037        1879        1        1
2064        1852        1        1
2037        1879        1        1
2011        1905        1        1
2011        1931        1        1
2011        1958        1        1
1984        1984        1        1
1958        2011        1        1
1958        2037        1        1
1931        2064        1        1
1905        2090        1        1
1879        2117        1        1
1879        2143        1        1
1852        2170        1        1
1826        2196        1        1
1826        2223        1        1
1799        2249        1        1
1773        2249        1        1
1773        2275        1        1
1746        2302        1        1
1746        2328        1        1
1720        2328        1        1
1720        2355        1        1
1693        2355        1        1
1693        2381        1        1
1693        2408        1        1
1667        2408        1        1
1667        2434        1        1
1640        2461        1        1
1640        2487        1        1
1640        2461        1        1
1667        2461        1        1
1693        2461        1        1
1693        2434        1        1
1720        2434        1        1
1746        2434        1        1
1773        2408        1        1
1799        2408        1        1
1826        2408        1        1
1852        2381        1        1
1879        2381        1        1
1905        2381        1        1
1931        2381        1        1
1958        2381        1        1
1984        2381        1        1
2037        2381        1        1
2064        2381        1        1
2090        2381        1        1
2117        2381        1        1
2143        2381        1        1
2170        2381        1        1
2170        2408        1        1
2196        2408        1        1
2223        2434        1        1
2249        2461        1        1
2275        2487        1        1
2275        2461        1        1
2275        2434        1        1
2302        2408        1        1
2302        2355        1        1
2302        2328        1        1
2328        2275        1        1
2328        2249        1        1
2328        2196        1        1
2355        2143        1        1
2355        2090        1        1
2381        2037        1        1
2408        2011        1        1
2408        1958        1        1
2434        1905        1        1
2434        1879        1        1
2461        1852        1        1
2461        1826        1        1
2461        1799        1        1
2487        1773        1        1
2487        1746        1        1
2487        1720        1        1
2487        1693        1        1
2514        1693        1        1
2514        1667        1        1
2514        1640        1        1
2514        1614        1        1
PEN_UP                  0
PEN_DOWN
1535        1640        1        2
1508        1667        1        2
1535        1667        1        2
1561        1667        1        2
1588        1693        1        2
1614        1693        1        2
1640        1693        1        2
1667        1693        1        2
1693        1693        1        2
1720        1693        1        2
1746        1693        1        2
1746        1667        1        2
1773        1667        1        2
1799        1667        1        2
1826        1667        1        2
1852        1667        1        2
1879        1667        1        2
1905        1667        1        2
1931        1667        1        2
1958        1640        1        2
1984        1640        1        2
2011        1640        1        2
2037        1640        1        2
2064        1640        1        2
2090        1640        1        2
2117        1640        1        2
2143        1640        1        2
2170        1640        1        2
2196        1640        1        2
2223        1640        1        2
2249        1614        1        2
2275        1614        1        2
2302        1614        1        2
2328        1614        1        2
2355        1614        1        2
2381        1614        1        2
2408        1614        1        2
2434        1614        1        2
2461        1614        1        2
2487        1588        1        2
2514        1588        1        2
2540        1588        1        2
2566        1588        1        2
2593        1588        1        2
2619        1588        1        2
2646        1588        1        2
2672        1588        1        2
2699        1588        1        2
2725        1588        1        2
2725        1561        1        2
PEN_UP                  0
PEN_DOWN
1984        2646        1        3
2011        2646        1        3
2011        2672        1        3
2011        2699        1        3
1984        2699        1        3
2011        2699        1        3
1984        2725        1        3
1984        2752        1        3
1984        2778        1        3
1958        2778        1        3
1958        2805        1        3
1931        2805        1        3
1931        2831        1        3
1905        2858        1        3
1879        2858        1        3
1879        2831        1        3
1879        2805        1        3
1905        2805        1        3
1905        2778        1        3
1905        2752        1        3
1931        2752        1        3
1931        2725        1        3
1958        2699        1        3
1984        2672        1        3
2011        2672        1        3
2037        2672        1        3
2064        2699        1        3
2064        2725        1        3
2090        2725        1        3
2117        2752        1        3
2117        2778        1        3
2143        2778        1        3
2143        2805        1        3
2143        2831        1        3
2170        2831        1        3
2170        2858        1        3
2170        2884        1        3
2170        2910        1        3
2170        2937        1        3
2170        2963        1        3
2196        2963        1        3
2196        2937        1        3
2223        2937        1        3
2223        2910        1        3
2249        2884        1        3
2249        2858        1        3
2275        2831        1        3
2275        2805        1        3
2275        2778        1        3
2302        2778        1        3
2302        2752        1        3
2302        2725        1        3
2302        2699        1        3
2302        2672        1        3
2328        2672        1        3
2328        2646        1        3
2328        2619        1        3
2328        2593        1        3
2328        2566        1        3
2328        2540        1        3
2355        2540        1        3
2355        2514        1        3
2355        2487        1        3
2355        2461        1        3
2355        2434        1        3
2381        2434        1        3
PEN_UP                  0
END_CHARACTER: GHN
