CHARACTER_NAME: MDD
STROKE_COUNT: 3
  X           Y   STYLUS_STATE STROKE
PEN_DOWN
1720        1561        1        1
1746        1561        1        1
1746        1535        1        1
1746        1561        1        1
1746        1588        1        1
1746        1614        1        1
1720        1614        1        1
1720        1640        1        1
1720        1667        1        1
1720        1693        1        1
1693        1720        1        1
1693        1746        1        1
1693        1773        1        1
1667        1799        1        1
1667        1826        1        1
1667        1852        1        1
1667        1905        1        1
1667        1931        1        1
1667        1958        1        1
1667        1984        1        1
1667        2011        1        1
1693        2037        1        1
1720        2037        1        1
1746        2011        1        1
1773        2011        1        1
1799        2011        1        1
1826        1984        1        1
1852        1958        1        1
1879        1931        1        1
1905        1931        1        1
1931        1905        1        1
1958        1879        1        1
1984        1852        1        1
2011        1852        1        1
2037        1826        1        1
2064        1826        1        1
2064        1799        1        1
2090        1799        1        1
2117        1799        1        1
2117        1826        1        1
2117        1852        1        1
2117        1879        1        1
2117        1905        1        1
2090        1958        1        1
2090        1984        1        1
2064        2037        1        1
2037        2064        1        1
2011        2090        1        1
1958        2143        1        1
1931        2170        1        1
1879        2196        1        1
1826        2223        1        1
1773        2249        1        1
1720        2275        1        1
1693        2302        1        1
1640        2302        1        1
1588        2302        1        1
1561        2302        1        1
1508        2302        1        1
1482        2275        1        1
1455        2275        1        1
1429        2249        1        1
1402        2223        1        1
1376        2196        1        1
1376        2143        1        1
1349        2117        1        1
1349        2090        1        1
1323        2064        1        1
1323        2037        1        1
PEN_UP                  0
PEN_DOWN
1191        1588        1        2
1164        1588        1        2
1164        1614        1        2
1138        1614        1        2
1164        1614        1        2
1191        1614        1        2
1217        1614        1        2
1244        1614        1        2
1270        1614        1        2
1296        1588        1        2
1323        1588        1        2
1376        1588        1        2
1402        1588        1        2
1455        1588        1        2
1482        1588        1        2
1535        1588        1        2
1561        1588        1        2
1588        1561        1        2
1640        1561        1        2
1667        1561        1        2
1693        1561        1        2
1720        1561        1        2
1746        1561        1        2
1773        1561        1        2
1799        1535        1        2
1826        1535        1        2
1852        1535        1        2
1879        1535        1        2
1905        1535        1        2
1931        1535        1        2
1958        1535        1        2
1984        1508        1        2
2011        1508        1        2
2037        1508        1        2
2064        1508        1        2
2090        1508        1        2
2117        1508        1        2
2143        1508        1        2
2170        1482        1        2
2196        1482        1        2
2223        1482        1        2
2249        1482        1        2
2275        1482        1        2
2302        1482        1        2
2328        1482        1        2
2355        1455        1        2
2381        1455        1        2
2408        1455        1        2
2434        1455        1        2
2461        1455        1        2
2487        1455        1        2
2514        1455        1        2
2514        1429        1        2
2540        1429        1        2
2566        1429        1        2
2593        1429        1        2
2619        1429        1        2
2646        1429        1        2
2672        1429        1        2
2699        1429        1        2
2672        1429        1        2
2672        1455        1        2
2672        1482        1        2
2646        1508        1        2
2646        1535        1        2
2619        1535        1        2
2619        1561        1        2
2593        1588        1        2
2593        1614        1        2
2566        1614        1        2
2566        1640        1        2
2540        1667        1        2
2540        1693        1        2
2514        1693        1        2
2514        1720        1        2
2514        1746        1        2
2487        1746        1        2
2487        1773        1        2
2461        1799        1        2
2461        1826        1        2
2461        1852        1        2
2434        1852        1        2
2434        1879        1        2
2434        1905        1        2
2434        1931        1        2
2408        1958        1        2
2408        1984        1        2
2408        2011        1        2
2434        2011        1        2
2434        2037        1        2
2461        2037        1        2
2487        2011        1        2
2514        2011        1        2
2540        2011        1        2
2566        1984        1        2
2593        1984        1        2
2619        1958        1        2
2646        1931        1        2
2672        1905        1        2
2699        1879        1        2
2725        1879        1        2
2752        1852        1        2
2778        1852        1        2
2805        1826        1        2
2831        1799        1        2
2858        1799        1        2
2858        1826        1        2
2858        1852        1        2
2831        1879        1        2
2805        1905        1        2
2805        1931        1        2
2805        1958        1        2
2778        1984        1        2
2778        2011        1        2
2752        2064        1        2
2725        2090        1        2
2725        2117        1        2
2699        2143        1        2
2672        2170        1        2
2646        2196        1        2
2619        2223        1        2
2619        2249        1        2
2593        2249        1        2
2566        2275        1        2
2540        2302        1        2
2514        2328        1        2
2487        2328        1        2
2461        2355        1        2
2434        2355        1        2
2408        2381        1        2
2381        2381        1        2
2355        2381        1        2
2328        2355        1        2
2302        2355        1        2
2275        2355        1        2
2249        2355        1        2
2249        2328        1        2
2223        2328        1        2
2196        2328        1        2
2196        2302        1        2
2170        2275        1        2
2143        2249        1        2
2143        2223        1        2
2143        2196        1        2
2117        2170        1        2
2117        2143        1        2
2117        2117        1        2
2117        2090        1        2
2117        2064        1        2
2117        2037        1        2
2117        2011        1        2
2117        1984        1        2
PEN_UP                  0
PEN_DOWN
2778        1508        1        3
2752        1508        1        3
2725        1508        1        3
2699        1508        1        3
2699        1535        1        3
2725        1535        1        3
2752        1508        1        3
2778        1535        1        3
2805        1535        1        3
2831        1508        1        3
2858        1508        1        3
2884        1508        1        3
2910        1535        1        3
2937        1508        1        3
2963        1508        1        3
2990        1508        1        3
3016        1508        1        3
3043        1508        1        3
PEN_UP                  0
END_CHARACTER: MDD
