CHARACTER_NAME: NTH
STROKE_COUNT: 3
  X           Y   STYLUS_STATE STROKE
PEN_DOWN
1640        1693        1        1
1614        1693        1        1
1640        1720        1        1
1614        1720        1        1
1614        1746        1        1
1588        1746        1        1
1614        1746        1        1
1614        1773        1        1
1614        1746        1        1
1640        1746        1        1
1640        1773        1        1
1640        1799        1        1
1640        1826        1        1
1614        1826        1        1
1614        1852        1        1
1588        1852        1        1
1588        1826        1        1
1588        1799        1        1
1588        1773        1        1
1614        1746        1        1
1614        1720        1        1
1640        1720        1        1
1640        1693        1        1
1667        1693        1        1
1667        1667        1        1
1693        1667        1        1
1720        1667        1        1
1746        1667        1        1
1773        1667        1        1
1799        1667        1        1
1826        1667        1        1
1852        1693        1        1
1879        1693        1        1
1905        1693        1        1
1905        1720        1        1
1931        1720        1        1
1931        1746        1        1
1958        1746        1        1
1984        1773        1        1
1984        1799        1        1
2011        1799        1        1
2037        1826        1        1
2037        1852        1        1
2064        1852        1        1
2064        1879        1        1
2064        1905        1        1
2064        1931        1        1
2064        1958        1        1
2090        1958        1        1
2090        1931        1        1
2117        1905        1        1
2117        1879        1        1
2143        1852        1        1
2143        1826        1        1
2143        1799        1        1
2170        1773        1        1
2170        1746        1        1
2170        1720        1        1
2196        1693        1        1
2196        1667        1        1
2196        1640        1        1
2223        1640        1        1
2223        1614        1        1
2223        1588        1        1
2223        1561        1        1
2249        1561        1        1
2249        1535        1        1
2249        1508        1        1
2249        1482        1        1
2249        1455        1        1
2275        1455        1        1
2249        1429        1        1
PEN_UP                  0
PEN_DOWN
1402        1376        1        2
1402        1402        1        2
1429        1402        1        2
1455        1402        1        2
1482        1402        1        2
1508        1402        1        2
1561        1402        1        2
1588        1402        1        2
1640        1429        1        2
1693        1429        1        2
1720        1429        1        2
1773        1429        1        2
1826        1402        1        2
1852        1429        1        2
1905        1402        1        2
1931        1402        1        2
1984        1402        1        2
2011        1402        1        2
2064        1402        1        2
2090        1402        1        2
2117        1402        1        2
2143        1402        1        2
2196        1402        1        2
2223        1402        1        2
2249        1402        1        2
2275        1402        1        2
2302        1402        1        2
2328        1402        1        2
2355        1402        1        2
2381        1402        1        2
2408        1402        1        2
2434        1402        1        2
2461        1402        1        2
2487        1402        1        2
2514        1402        1        2
2540        1402        1        2
2566        1402        1        2
2593        1402        1        2
2619        1402        1        2
2646        1402        1        2
2672        1402        1        2
2699        1402        1        2
2725        1402        1        2
2752        1402        1        2
2778        1402        1        2
2805        1402        1        2
2805        1376        1        2
2831        1376        1        2
2858        1376        1        2
PEN_UP                  0
PEN_DOWN
2117        2064        1        3
2117        2090        1        3
2090        2090        1        3
2064        2117        1        3
2037        2143        1        3
2037        2117        1        3
2011        2117        1        3
2011        2090        1        3
2011        2064        1        3
2037        2064        1        3
2037        2037        1        3
2064        2011        1        3
2064        1984        1        3
2090        1984        1        3
2090        1958        1        3
2117        1958        1        3
2117        1931        1        3
2143        1931        1        3
2143        1905        1        3
2170        1905        1        3
2170        1879        1        3
2196        1879        1        3
2223        1879        1        3
2249        1879        1        3
2249        1905        1        3
2275        1905        1        3
2275        1931        1        3
2302        1931        1        3
2302        1958        1        3
2302        1984        1        3
2302        2011        1        3
2275        2011        1        3
2275        2037        1        3
2249        2064        1        3
2249        2090        1        3
2223        2090        1        3
2223        2117        1        3
2196        2117        1        3
2196        2143        1        3
2170        2143        1        3
2143        2170        1        3
2143        2196        1        3
2117        2196        1        3
2090        2223        1        3
2064        2249        1        3
2064        2275        1        3
2037        2275        1        3
2011        2302        1        3
1984        2328        1        3
1958        2328        1        3
1958        2355        1        3
1931        2381        1        3
1905        2381        1        3
1905        2408        1        3
1879        2408        1        3
1879        2434        1        3
1852        2434        1        3
1852        2461        1        3
1826        2461        1        3
1799        2461        1        3
1799        2487        1        3
1773        2487        1        3
1746        2487        1        3
1746        2461        1        3
1746        2434        1        3
1746        2408        1        3
1773        2408        1        3
1773        2381        1        3
1799        2381        1        3
1826        2355        1        3
1852        2355        1        3
1879        2355        1        3
1905        2355        1        3
1905        2381        1        3
1931        2381        1        3
1931        2408        1        3
1958        2408        1        3
1984        2434        1        3
2011        2461        1        3
2037        2461        1        3
2037        2487        1        3
2064        2487        1        3
2064        2514        1        3
2090        2514        1        3
2117        2540        1        3
2117        2566        1        3
2143        2593        1        3
2170        2619        1        3
2170        2646        1        3
2196        2672        1        3
2196        2699        1        3
2223        2725        1        3
2223        2752        1        3
2249        2778        1        3
2275        2805        1        3
2275        2831        1        3
2302        2858        1        3
2302        2884        1        3
2328        2910        1        3
2328        2937        1        3
2355        2937        1        3
2355        2910        1        3
PEN_UP                  0
END_CHARACTER: NTH
