CHARACTER_NAME: A
STROKE_COUNT: 3
  X           Y   STYLUS_STATE STROKE
PEN_DOWN
 926        1138        1        1
 953        1138        1        1
 979        1138        1        1
1005        1138        1        1
1032        1138        1        1
1058        1138        1        1
1085        1138        1        1
1138        1138        1        1
1164        1138        1        1
1191        1138        1        1
1217        1111        1        1
1244        1111        1        1
1296        1111        1        1
1323        1111        1        1
1349        1111        1        1
1376        1111        1        1
1429        1111        1        1
1455        1111        1        1
1482        1111        1        1
1508        1111        1        1
1561        1111        1        1
1588        1111        1        1
1614        1111        1        1
1640        1111        1        1
1667        1111        1        1
1693        1111        1        1
1720        1111        1        1
1746        1111        1        1
1799        1111        1        1
1826        1111        1        1
1852        1111        1        1
1879        1111        1        1
1931        1111        1        1
1958        1111        1        1
1984        1111        1        1
2037        1111        1        1
2090        1111        1        1
2143        1111        1        1
2170        1111        1        1
2223        1111        1        1
2275        1111        1        1
2328        1111        1        1
2381        1111        1        1
2408        1111        1        1
2461        1111        1        1
2487        1111        1        1
2540        1111        1        1
2566        1111        1        1
2619        1138        1        1
2646        1138        1        1
2699        1138        1        1
2725        1138        1        1
2752        1138        1        1
2805        1138        1        1
2831        1138        1        1
2858        1138        1        1
2884        1138        1        1
2910        1138        1        1
2937        1138        1        1
2963        1138        1        1
2990        1138        1        1
3016        1138        1        1
3043        1138        1        1
3069        1138        1        1
3096        1138        1        1
3122        1138        1        1
3149        1138        1        1
3175        1138        1        1
3201        1138        1        1
3228        1138        1        1
3254        1138        1        1
3281        1138        1        1
3307        1138        1        1
3334        1138        1        1
3360        1138        1        1
3387        1138        1        1
3413        1138        1        1
3440        1138        1        1
3466        1138        1        1
3493        1138        1        1
3519        1111        1        1
3545        1111        1        1
3572        1111        1        1
3598        1111        1        1
3625        1111        1        1
3651        1111        1        1
3678        1111        1        1
3651        1111        1        1
PEN_UP                  0
PEN_DOWN
2090        1482        1        2
2090        1455        1        2
2090        1429        1        2
2117        1402        1        2
2117        1376        1        2
2143        1376        1        2
2143        1349        1        2
2170        1349        1        2
2170        1323        1        2
2196        1323        1        2
2223        1323        1        2
2249        1296        1        2
2275        1296        1        2
2302        1270        1        2
2328        1270        1        2
2355        1270        1        2
2381        1244        1        2
2408        1244        1        2
2434        1244        1        2
2461        1244        1        2
2487        1244        1        2
2514        1244        1        2
2540        1244        1        2
2566        1244        1        2
2593        1244        1        2
2619        1244        1        2
2619        1270        1        2
2646        1270        1        2
2672        1296        1        2
2672        1323        1        2
2699        1323        1        2
2699        1349        1        2
2672        1349        1        2
2672        1376        1        2
2672        1402        1        2
2672        1429        1        2
2672        1455        1        2
2646        1455        1        2
2646        1482        1        2
2646        1508        1        2
2619        1535        1        2
2593        1561        1        2
2566        1588        1        2
2540        1614        1        2
2514        1614        1        2
2487        1614        1        2
2461        1640        1        2
2434        1640        1        2
2408        1640        1        2
2381        1667        1        2
2355        1667        1        2
2328        1667        1        2
2302        1667        1        2
2275        1667        1        2
2249        1640        1        2
2223        1640        1        2
2196        1640        1        2
2196        1614        1        2
2170        1614        1        2
2170        1588        1        2
2143        1588        1        2
2143        1561        1        2
2143        1535        1        2
2143        1508        1        2
2143        1482        1        2
2143        1455        1        2
2170        1455        1        2
2170        1429        1        2
2170        1402        1        2
2196        1402        1        2
2196        1376        1        2
2196        1349        1        2
2223        1349        1        2
2223        1323        1        2
2249        1296        1        2
2275        1270        1        2
2302        1244        1        2
2328        1244        1        2
2355        1217        1        2
2381        1217        1        2
2408        1191        1        2
2434        1191        1        2
2461        1191        1        2
2487        1191        1        2
2514        1191        1        2
2540        1191        1        2
2566        1164        1        2
2593        1164        1        2
2619        1191        1        2
2646        1191        1        2
2672        1191        1        2
2699        1191        1        2
2725        1217        1        2
2778        1217        1        2
2805        1217        1        2
2831        1244        1        2
2858        1244        1        2
2910        1270        1        2
2937        1296        1        2
2963        1323        1        2
2990        1323        1        2
3016        1376        1        2
3043        1402        1        2
3043        1429        1        2
3069        1482        1        2
3096        1508        1        2
3096        1561        1        2
3122        1588        1        2
3122        1640        1        2
3149        1667        1        2
3149        1720        1        2
3149        1773        1        2
3149        1799        1        2
3122        1852        1        2
3122        1905        1        2
3122        1958        1        2
3096        2011        1        2
3096        2090        1        2
3069        2143        1        2
3043        2196        1        2
3016        2249        1        2
3016        2302        1        2
2990        2355        1        2
2963        2408        1        2
2937        2461        1        2
2910        2487        1        2
2858        2540        1        2
2831        2566        1        2
2778        2593        1        2
2752        2619        1        2
2699        2646        1        2
2672        2672        1        2
2619        2699        1        2
2566        2725        1        2
2514        2752        1        2
2434        2752        1        2
2381        2778        1        2
2328        2778        1        2
2249        2778        1        2
2196        2778        1        2
2143        2778        1        2
2064        2752        1        2
2011        2752        1        2
1931        2752        1        2
1879        2725        1        2
1826        2699        1        2
1773        2672        1        2
1720        2619        1        2
1667        2593        1        2
1614        2540        1        2
1588        2487        1        2
1561        2434        1        2
1508        2381        1        2
1482        2328        1        2
1455        2275        1        2
1429        2223        1        2
1402        2170        1        2
1402        2090        1        2
1376        2037        1        2
1349        1984        1        2
1349        1931        1        2
1349        1879        1        2
1349        1826        1        2
1349        1773        1        2
1376        1746        1        2
1376        1693        1        2
1376        1640        1        2
1402        1614        1        2
1402        1588        1        2
1429        1561        1        2
1429        1535        1        2
1455        1508        1        2
1455        1482        1        2
1482        1455        1        2
1508        1429        1        2
1508        1402        1        2
1535        1402        1        2
1535        1376        1        2
1561        1376        1        2
1561        1402        1        2
1588        1402        1        2
PEN_UP                  0
PEN_DOWN
3122        2117        1        3
3149        2143        1        3
3175        2170        1        3
3201        2170        1        3
3201        2196        1        3
3228        2196        1        3
3228        2223        1        3
3254        2223        1        3
3281        2249        1        3
3281        2275        1        3
3307        2275        1        3
3334        2302        1        3
3334        2328        1        3
3360        2355        1        3
3387        2381        1        3
3387        2408        1        3
3413        2434        1        3
3413        2461        1        3
3413        2487        1        3
3440        2487        1        3
3440        2514        1        3
3466        2540        1        3
3466        2566        1        3
3493        2566        1        3
3493        2593        1        3
3519        2593        1        3
3519        2619        1        3
3545        2619        1        3
3572        2619        1        3
3572        2593        1        3
3572        2566        1        3
3598        2566        1        3
3598        2540        1        3
3598        2514        1        3
3598        2487        1        3
3598        2461        1        3
3598        2434        1        3
3598        2381        1        3
3598        2355        1        3
3598        2328        1        3
3572        2275        1        3
3572        2249        1        3
3572        2196        1        3
3572        2143        1        3
3572        2117        1        3
3545        2064        1        3
3545        2037        1        3
3545        2011        1        3
3545        1958        1        3
3545        1931        1        3
3545        1905        1        3
3545        1852        1        3
3545        1826        1        3
3545        1799        1        3
3519        1773        1        3
3519        1720        1        3
3519        1693        1        3
3519        1667        1        3
3519        1640        1        3
3519        1614        1        3
3519        1588        1        3
3519        1561        1        3
3519        1535        1        3
3519        1508        1        3
3493        1508        1        3
3519        1482        1        3
3493        1482        1        3
3493        1455        1        3
3493        1429        1        3
3493        1402        1        3
3493        1376        1        3
3493        1349        1        3
3493        1323        1        3
3493        1296        1        3
3519        1296        1        3
3519        1270        1        3
3493        1270        1        3
3519        1270        1        3
3493        1244        1        3
3519        1244        1        3
3493        1244        1        3
3519        1217        1        3
3493        1217        1        3
3519        1217        1        3
3519        1191        1        3
3519        1164        1        3
3519        1138        1        3
3493        1164        1        3
PEN_UP                  0
END_CHARACTER: A
