CHARACTER_NAME: NTR
STROKE_COUNT: 3
  X           Y   STYLUS_STATE STROKE
PEN_DOWN
 767        1270        1        1
 767        1244        1        1
 767        1270        1        1
 794        1270        1        1
 820        1270        1        1
 847        1270        1        1
 873        1270        1        1
 926        1270        1        1
 979        1270        1        1
1032        1270        1        1
1085        1270        1        1
1138        1244        1        1
1217        1244        1        1
1270        1244        1        1
1323        1244        1        1
1376        1244        1        1
1455        1244        1        1
1508        1244        1        1
1561        1244        1        1
1614        1244        1        1
1667        1217        1        1
1746        1217        1        1
1799        1217        1        1
1879        1217        1        1
1958        1217        1        1
2037        1217        1        1
2117        1217        1        1
2223        1217        1        1
2302        1217        1        1
2381        1217        1        1
2434        1217        1        1
2514        1217        1        1
2566        1217        1        1
2593        1217        1        1
2646        1217        1        1
2672        1217        1        1
2699        1217        1        1
2725        1217        1        1
2752        1217        1        1
2778        1217        1        1
2805        1217        1        1
2831        1217        1        1
2858        1217        1        1
2884        1217        1        1
2884        1244        1        1
2910        1244        1        1
2884        1270        1        1
PEN_UP                  0
PEN_DOWN
2064        1244        1        2
2090        1244        1        2
2090        1270        1        2
2117        1296        1        2
2117        1323        1        2
2143        1349        1        2
2170        1376        1        2
2170        1402        1        2
2170        1429        1        2
2196        1455        1        2
2196        1482        1        2
2196        1508        1        2
2223        1535        1        2
2223        1561        1        2
2223        1588        1        2
2223        1614        1        2
2249        1614        1        2
2249        1640        1        2
2249        1667        1        2
2249        1693        1        2
2249        1746        1        2
2275        1773        1        2
2249        1799        1        2
2249        1826        1        2
2249        1852        1        2
2249        1879        1        2
2249        1905        1        2
2249        1931        1        2
2249        1958        1        2
2223        1958        1        2
2223        1984        1        2
2196        1984        1        2
2170        1984        1        2
2143        1958        1        2
2117        1958        1        2
2090        1958        1        2
2064        1931        1        2
2037        1931        1        2
2011        1905        1        2
1984        1905        1        2
1958        1879        1        2
1931        1879        1        2
1905        1852        1        2
1879        1852        1        2
1879        1826        1        2
1852        1826        1        2
1826        1799        1        2
1799        1773        1        2
1773        1746        1        2
1746        1746        1        2
1746        1720        1        2
1720        1720        1        2
1693        1693        1        2
1667        1693        1        2
1640        1667        1        2
1614        1667        1        2
1614        1640        1        2
1588        1640        1        2
1561        1640        1        2
1535        1614        1        2
1508        1614        1        2
1482        1614        1        2
1455        1640        1        2
1429        1640        1        2
1402        1667        1        2
1376        1693        1        2
1349        1693        1        2
1349        1720        1        2
1323        1720        1        2
1323        1746        1        2
1323        1773        1        2
1323        1799        1        2
1323        1826        1        2
1349        1852        1        2
1349        1879        1        2
1349        1905        1        2
1349        1931        1        2
1376        1958        1        2
1402        1984        1        2
1429        1984        1        2
1455        2011        1        2
1482        2011        1        2
1508        2011        1        2
1535        2011        1        2
1561        2011        1        2
1588        2011        1        2
1614        2011        1        2
1640        1984        1        2
1640        1958        1        2
1640        1931        1        2
1614        1931        1        2
1614        1905        1        2
1614        1879        1        2
1614        1852        1        2
1588        1826        1        2
1561        1799        1        2
1535        1799        1        2
1508        1799        1        2
1482        1773        1        2
1455        1773        1        2
1429        1773        1        2
1429        1799        1        2
1402        1799        1        2
1376        1826        1        2
PEN_UP                  0
PEN_DOWN
2223        2011        1        3
2196        2011        1        3
2223        2011        1        3
2249        2037        1        3
2275        2064        1        3
2275        2090        1        3
2275        2117        1        3
2275        2143        1        3
2275        2170        1        3
2249        2196        1        3
2223        2223        1        3
2196        2223        1        3
2170        2223        1        3
2143        2223        1        3
2143        2196        1        3
2117        2196        1        3
2090        2196        1        3
2064        2170        1        3
2037        2170        1        3
2037        2143        1        3
2011        2143        1        3
2011        2117        1        3
1984        2090        1        3
1984        2064        1        3
1984        2037        1        3
2011        2011        1        3
2037        2011        1        3
2037        1984        1        3
2064        1984        1        3
2090        1984        1        3
2117        1958        1        3
2143        1958        1        3
2170        1958        1        3
2196        1958        1        3
2223        1958        1        3
2249        1958        1        3
2275        1958        1        3
2302        1984        1        3
2328        1984        1        3
2355        2011        1        3
2381        2037        1        3
2408        2064        1        3
2434        2090        1        3
2461        2090        1        3
2487        2117        1        3
2487        2170        1        3
2514        2196        1        3
2514        2223        1        3
2540        2249        1        3
2540        2302        1        3
2566        2355        1        3
2566        2408        1        3
2593        2434        1        3
2593        2487        1        3
2593        2540        1        3
2593        2593        1        3
2619        2646        1        3
2619        2672        1        3
2619        2725        1        3
2619        2752        1        3
2619        2778        1        3
2619        2805        1        3
2593        2831        1        3
2593        2858        1        3
2566        2858        1        3
2540        2831        1        3
2514        2831        1        3
2487        2805        1        3
2461        2778        1        3
2434        2752        1        3
2408        2699        1        3
2381        2672        1        3
2328        2646        1        3
2302        2619        1        3
2275        2593        1        3
2249        2566        1        3
2223        2540        1        3
2196        2540        1        3
2196        2514        1        3
2170        2514        1        3
2143        2487        1        3
2117        2487        1        3
2090        2487        1        3
2064        2487        1        3
2037        2487        1        3
2011        2487        1        3
1984        2487        1        3
1958        2487        1        3
1958        2514        1        3
1931        2514        1        3
1905        2540        1        3
1879        2566        1        3
1879        2593        1        3
1852        2619        1        3
1852        2646        1        3
1826        2672        1        3
1826        2699        1        3
1799        2725        1        3
1799        2752        1        3
1773        2778        1        3
1746        2805        1        3
1746        2831        1        3
1720        2831        1        3
1720        2858        1        3
1693        2884        1        3
1667        2910        1        3
1640        2910        1        3
1640        2937        1        3
1614        2937        1        3
1588        2937        1        3
1561        2937        1        3
1561        2910        1        3
1535        2910        1        3
1508        2884        1        3
1482        2884        1        3
1455        2858        1        3
1429        2858        1        3
1402        2831        1        3
1376        2805        1        3
1349        2778        1        3
1323        2752        1        3
1296        2725        1        3
1296        2699        1        3
1270        2699        1        3
1270        2672        1        3
1270        2646        1        3
1244        2646        1        3
1244        2619        1        3
PEN_UP                  0
END_CHARACTER: NTR
