CHARACTER_NAME: SN
STROKE_COUNT: 2
  X           Y   STYLUS_STATE STROKE
PEN_DOWN
1296        1482        1        1
1296        1508        1        1
1323        1508        1        1
1349        1535        1        1
1376        1561        1        1
1402        1561        1        1
1429        1588        1        1
1455        1614        1        1
1482        1614        1        1
1482        1640        1        1
1508        1667        1        1
1535        1667        1        1
1561        1693        1        1
1588        1720        1        1
1614        1746        1        1
1640        1773        1        1
1667        1799        1        1
1693        1826        1        1
1720        1852        1        1
1746        1905        1        1
1746        1931        1        1
1773        1931        1        1
1773        1958        1        1
1799        1984        1        1
1799        2011        1        1
1826        2037        1        1
1826        2064        1        1
1826        2090        1        1
1826        2117        1        1
1826        2143        1        1
1826        2170        1        1
1826        2196        1        1
1826        2223        1        1
1799        2249        1        1
1773        2249        1        1
1773        2223        1        1
1746        2223        1        1
1720        2196        1        1
1693        2170        1        1
1667        2143        1        1
1640        2117        1        1
1640        2090        1        1
1614        2090        1        1
1614        2064        1        1
1614        2037        1        1
1614        2011        1        1
1640        2011        1        1
1640        1984        1        1
1667        1958        1        1
1667        1931        1        1
1693        1931        1        1
1720        1931        1        1
1720        1905        1        1
1746        1905        1        1
1773        1905        1        1
1799        1905        1        1
1826        1905        1        1
1852        1931        1        1
1879        1931        1        1
1905        1958        1        1
1931        1958        1        1
1958        1958        1        1
1984        1984        1        1
2011        1984        1        1
2011        2011        1        1
2037        2011        1        1
2064        2037        1        1
2090        2064        1        1
2090        2090        1        1
2090        2117        1        1
2090        2143        1        1
2064        2143        1        1
2037        2143        1        1
2011        2143        1        1
1984        2143        1        1
1958        2117        1        1
1931        2117        1        1
1905        2117        1        1
1905        2090        1        1
1879        2090        1        1
1852        2064        1        1
1826        2037        1        1
1826        2011        1        1
1826        1984        1        1
1799        1984        1        1
1799        1958        1        1
1799        1931        1        1
1799        1905        1        1
1799        1879        1        1
1799        1852        1        1
1799        1826        1        1
1826        1826        1        1
1826        1799        1        1
1852        1799        1        1
1879        1799        1        1
1905        1773        1        1
1931        1773        1        1
1958        1773        1        1
1984        1746        1        1
2011        1746        1        1
2037        1746        1        1
2064        1773        1        1
2090        1773        1        1
2117        1773        1        1
2143        1799        1        1
2170        1799        1        1
2196        1799        1        1
2223        1826        1        1
2249        1852        1        1
2275        1852        1        1
2302        1879        1        1
2328        1905        1        1
2355        1905        1        1
2381        1931        1        1
2408        1958        1        1
2434        1958        1        1
2434        1984        1        1
2461        2011        1        1
2487        2011        1        1
2514        2011        1        1
2514        2037        1        1
2514        2064        1        1
PEN_UP                  0
PEN_DOWN
2355        1455        1        2
2355        1429        1        2
2355        1402        1        2
2328        1402        1        2
2355        1402        1        2
2355        1429        1        2
2355        1455        1        2
2381        1482        1        2
2381        1508        1        2
2381        1535        1        2
2381        1588        1        2
2381        1614        1        2
2408        1640        1        2
2408        1667        1        2
2408        1720        1        2
2408        1746        1        2
2434        1773        1        2
2434        1826        1        2
2434        1852        1        2
2434        1879        1        2
2461        1931        1        2
2461        1958        1        2
2487        2011        1        2
2487        2064        1        2
2487        2090        1        2
2514        2143        1        2
2514        2170        1        2
2514        2223        1        2
2540        2249        1        2
2540        2302        1        2
2540        2328        1        2
2566        2381        1        2
2566        2434        1        2
2566        2461        1        2
2593        2514        1        2
2593        2540        1        2
2593        2593        1        2
2619        2619        1        2
2619        2646        1        2
2619        2672        1        2
2646        2699        1        2
2646        2725        1        2
2646        2752        1        2
2646        2778        1        2
2672        2805        1        2
2672        2831        1        2
2699        2858        1        2
2699        2884        1        2
2725        2910        1        2
2725        2937        1        2
2725        2963        1        2
2752        2963        1        2
2725        2963        1        2
2725        2937        1        2
2725        2910        1        2
2699        2884        1        2
2699        2858        1        2
2672        2831        1        2
2646        2778        1        2
2619        2752        1        2
2619        2699        1        2
2593        2672        1        2
2566        2646        1        2
2540        2619        1        2
2514        2619        1        2
2487        2593        1        2
2461        2566        1        2
2434        2540        1        2
2408        2540        1        2
2381        2540        1        2
2355        2540        1        2
2328        2540        1        2
2302        2540        1        2
2275        2566        1        2
2249        2566        1        2
2196        2566        1        2
2170        2593        1        2
2143        2593        1        2
2117        2593        1        2
2117        2619        1        2
2090        2619        1        2
2064        2619        1        2
2064        2646        1        2
2037        2646        1        2
2037        2672        1        2
2011        2672        1        2
2011        2699        1        2
2011        2725        1        2
1984        2752        1        2
1984        2778        1        2
1958        2778        1        2
1958        2805        1        2
1958        2831        1        2
1984        2831        1        2
1984        2858        1        2
1984        2884        1        2
1984        2910        1        2
2011        2910        1        2
2011        2937        1        2
2011        2963        1        2
2037        2963        1        2
2037        2990        1        2
2064        2990        1        2
2064        3016        1        2
2090        3016        1        2
2090        3043        1        2
2117        3043        1        2
2143        3043        1        2
2170        3043        1        2
2196        3043        1        2
2223        3043        1        2
2249        3043        1        2
2275        3043        1        2
2302        3016        1        2
2302        2990        1        2
2328        2990        1        2
2328        2963        1        2
2328        2937        1        2
2328        2910        1        2
2328        2884        1        2
2302        2884        1        2
2302        2858        1        2
2275        2858        1        2
2249        2831        1        2
2223        2831        1        2
2196        2831        1        2
2170        2805        1        2
2117        2805        1        2
2090        2805        1        2
2064        2778        1        2
2037        2805        1        2
1984        2805        1        2
1958        2805        1        2
1931        2805        1        2
1905        2805        1        2
1879        2831        1        2
1852        2858        1        2
1852        2884        1        2
1826        2910        1        2
1826        2963        1        2
1799        2990        1        2
PEN_UP                  0
END_CHARACTER: SN
