CHARACTER_NAME: SB
STROKE_COUNT: 4
  X           Y   STYLUS_STATE STROKE
PEN_DOWN
 370        1032        1        1
 397        1032        1        1
 423        1032        1        1
 450        1058        1        1
 476        1058        1        1
 503        1058        1        1
 529        1085        1        1
 556        1111        1        1
 582        1138        1        1
 609        1164        1        1
 635        1191        1        1
 661        1217        1        1
 688        1244        1        1
 741        1270        1        1
 767        1323        1        1
 820        1349        1        1
 847        1402        1        1
 873        1429        1        1
 926        1482        1        1
 953        1535        1        1
 979        1561        1        1
1005        1614        1        1
1005        1640        1        1
1032        1667        1        1
1032        1693        1        1
1058        1720        1        1
1058        1746        1        1
1058        1773        1        1
1085        1799        1        1
1085        1826        1        1
1085        1852        1        1
1058        1852        1        1
1032        1826        1        1
1005        1799        1        1
 979        1773        1        1
 953        1773        1        1
 953        1746        1        1
 926        1720        1        1
 900        1693        1        1
 873        1667        1        1
 847        1640        1        1
 847        1614        1        1
 820        1588        1        1
 820        1561        1        1
 820        1535        1        1
 794        1508        1        1
 794        1482        1        1
 820        1455        1        1
 820        1429        1        1
 820        1402        1        1
 847        1376        1        1
 847        1349        1        1
 847        1323        1        1
 873        1323        1        1
 900        1323        1        1
 900        1296        1        1
 926        1296        1        1
 953        1296        1        1
 979        1270        1        1
1032        1270        1        1
1058        1270        1        1
1085        1270        1        1
1111        1270        1        1
1138        1270        1        1
1164        1270        1        1
1191        1270        1        1
1191        1296        1        1
1217        1296        1        1
1244        1296        1        1
1270        1296        1        1
1296        1323        1        1
1296        1349        1        1
1323        1349        1        1
1349        1376        1        1
1376        1402        1        1
1402        1402        1        1
1402        1429        1        1
1429        1455        1        1
1455        1482        1        1
1455        1508        1        1
1482        1535        1        1
1482        1561        1        1
1482        1588        1        1
1482        1614        1        1
1482        1640        1        1
1482        1667        1        1
1455        1667        1        1
1455        1693        1        1
1429        1693        1        1
1402        1693        1        1
1376        1720        1        1
1349        1720        1        1
1323        1693        1        1
1296        1693        1        1
1270        1693        1        1
1244        1693        1        1
1217        1667        1        1
1191        1667        1        1
1191        1640        1        1
1164        1640        1        1
1138        1614        1        1
1111        1588        1        1
1111        1561        1        1
1085        1561        1        1
1085        1535        1        1
1085        1508        1        1
1058        1482        1        1
1058        1455        1        1
1058        1429        1        1
1058        1402        1        1
1058        1376        1        1
1058        1349        1        1
1058        1323        1        1
1058        1296        1        1
1058        1270        1        1
1058        1244        1        1
1085        1244        1        1
1085        1217        1        1
1111        1217        1        1
1111        1191        1        1
1138        1191        1        1
1138        1164        1        1
1164        1164        1        1
1191        1138        1        1
1217        1138        1        1
1244        1138        1        1
1270        1111        1        1
1296        1111        1        1
1323        1111        1        1
1349        1111        1        1
1376        1085        1        1
1402        1085        1        1
1402        1111        1        1
1429        1111        1        1
1455        1111        1        1
1482        1138        1        1
1508        1138        1        1
1508        1164        1        1
1535        1164        1        1
1561        1191        1        1
1588        1191        1        1
1614        1217        1        1
1640        1244        1        1
1667        1270        1        1
1693        1296        1        1
1720        1323        1        1
1720        1349        1        1
1746        1349        1        1
1746        1376        1        1
1773        1402        1        1
1799        1429        1        1
1799        1455        1        1
1826        1482        1        1
1852        1508        1        1
1852        1535        1        1
1852        1561        1        1
1852        1588        1        1
PEN_UP                  0
PEN_DOWN
1720        1032        1        2
1720        1005        1        2
1693        1005        1        2
1693         979        1        2
1693         953        1        2
1693         979        1        2
1693        1005        1        2
1720        1032        1        2
1720        1058        1        2
1720        1085        1        2
1720        1111        1        2
1720        1164        1        2
1720        1191        1        2
1746        1244        1        2
1746        1296        1        2
1746        1349        1        2
1746        1402        1        2
1746        1482        1        2
1773        1535        1        2
1773        1588        1        2
1773        1640        1        2
1799        1693        1        2
1799        1746        1        2
1826        1799        1        2
1826        1826        1        2
1852        1852        1        2
1852        1905        1        2
1852        1931        1        2
1879        1958        1        2
1879        1984        1        2
1879        2011        1        2
1905        2037        1        2
1905        2064        1        2
1905        2090        1        2
1931        2117        1        2
1931        2143        1        2
1931        2170        1        2
1958        2196        1        2
1958        2223        1        2
1958        2249        1        2
1984        2275        1        2
2011        2302        1        2
2011        2328        1        2
2037        2355        1        2
2037        2381        1        2
2037        2408        1        2
2064        2434        1        2
2064        2461        1        2
2064        2487        1        2
2090        2487        1        2
2090        2514        1        2
2090        2540        1        2
2117        2540        1        2
2117        2566        1        2
2117        2593        1        2
2143        2593        1        2
2143        2619        1        2
2143        2646        1        2
2170        2646        1        2
2170        2672        1        2
2170        2699        1        2
2196        2699        1        2
2196        2725        1        2
2196        2752        1        2
PEN_UP                  0
PEN_DOWN
1905        2064        1        3
1905        2037        1        3
1879        2037        1        3
1879        2064        1        3
1852        2064        1        3
1852        2090        1        3
1826        2117        1        3
1826        2143        1        3
1799        2170        1        3
1773        2196        1        3
1746        2223        1        3
1720        2275        1        3
1667        2302        1        3
1640        2328        1        3
1614        2381        1        3
1588        2408        1        3
1561        2434        1        3
1535        2461        1        3
1508        2461        1        3
1508        2487        1        3
1482        2487        1        3
1482        2514        1        3
1455        2514        1        3
1455        2540        1        3
1482        2540        1        3
1482        2566        1        3
1508        2566        1        3
1535        2566        1        3
1561        2566        1        3
1588        2566        1        3
1614        2566        1        3
1640        2566        1        3
1693        2566        1        3
1720        2566        1        3
1746        2593        1        3
1799        2593        1        3
1826        2593        1        3
1852        2593        1        3
1879        2619        1        3
1905        2619        1        3
1931        2619        1        3
1984        2619        1        3
2011        2646        1        3
2037        2646        1        3
2064        2646        1        3
2090        2646        1        3
2117        2646        1        3
2143        2646        1        3
2170        2646        1        3
2196        2646        1        3
2223        2672        1        3
2249        2672        1        3
2275        2672        1        3
2302        2672        1        3
2302        2699        1        3
2328        2699        1        3
2355        2699        1        3
2381        2725        1        3
2408        2725        1        3
2434        2725        1        3
2434        2752        1        3
2461        2752        1        3
2434        2752        1        3
PEN_UP                  0
PEN_DOWN
1614         979        1        4
1640         979        1        4
1667         979        1        4
1693         979        1        4
1720         979        1        4
1746         953        1        4
1799         953        1        4
1852         953        1        4
1905         953        1        4
1931         953        1        4
1958         953        1        4
1984         953        1        4
2011         953        1        4
2037         953        1        4
2064         953        1        4
2064         979        1        4
PEN_UP                  0
END_CHARACTER: SB
