CHARACTER_NAME: STH
STROKE_COUNT: 3
  X           Y   STYLUS_STATE STROKE
PEN_DOWN
1323        1667        1        1
1349        1667        1        1
1376        1667        1        1
1402        1667        1        1
1455        1667        1        1
1508        1667        1        1
1561        1667        1        1
1640        1667        1        1
1746        1667        1        1
1826        1667        1        1
1931        1667        1        1
2064        1667        1        1
2170        1640        1        1
2275        1640        1        1
2381        1640        1        1
2487        1640        1        1
2593        1614        1        1
2672        1614        1        1
2752        1588        1        1
2831        1588        1        1
2910        1588        1        1
2963        1588        1        1
3043        1588        1        1
3096        1588        1        1
3122        1588        1        1
3149        1588        1        1
3175        1588        1        1
3201        1588        1        1
3228        1588        1        1
3228        1614        1        1
3228        1640        1        1
PEN_UP                  0
PEN_DOWN
2646        1720        1        2
2672        1693        1        2
2672        1667        1        2
2699        1693        1        2
2699        1720        1        2
2699        1746        1        2
2725        1773        1        2
2725        1799        1        2
2725        1826        1        2
2725        1852        1        2
2752        1879        1        2
2752        1905        1        2
2752        1931        1        2
2752        1958        1        2
2725        1984        1        2
2725        2011        1        2
2699        2037        1        2
2699        2064        1        2
2672        2064        1        2
2646        2090        1        2
2619        2117        1        2
2593        2117        1        2
2566        2143        1        2
2540        2143        1        2
2487        2170        1        2
2461        2170        1        2
2408        2170        1        2
2381        2170        1        2
2328        2170        1        2
2302        2170        1        2
2275        2170        1        2
2249        2170        1        2
2223        2143        1        2
2196        2143        1        2
2170        2143        1        2
2143        2117        1        2
2117        2090        1        2
2090        2064        1        2
2064        2037        1        2
2064        2011        1        2
2037        2011        1        2
2037        2037        1        2
2037        2064        1        2
2037        2090        1        2
2037        2117        1        2
2011        2143        1        2
2011        2170        1        2
2011        2196        1        2
2011        2223        1        2
1984        2275        1        2
1984        2302        1        2
1958        2328        1        2
1931        2355        1        2
1931        2381        1        2
1905        2408        1        2
1879        2434        1        2
1852        2434        1        2
1826        2461        1        2
1799        2487        1        2
1773        2487        1        2
1720        2487        1        2
1693        2487        1        2
1667        2487        1        2
1640        2461        1        2
1588        2461        1        2
1561        2434        1        2
1535        2434        1        2
1508        2408        1        2
1482        2381        1        2
1455        2381        1        2
1455        2355        1        2
1429        2355        1        2
1402        2328        1        2
1402        2302        1        2
1402        2328        1        2
PEN_UP                  0
PEN_DOWN
2646        2302        1        3
2646        2275        1        3
2646        2249        1        3
2672        2249        1        3
2699        2249        1        3
2699        2275        1        3
2725        2275        1        3
2725        2302        1        3
2752        2302        1        3
2752        2328        1        3
2778        2328        1        3
2778        2355        1        3
2752        2355        1        3
2752        2381        1        3
2725        2408        1        3
2699        2434        1        3
2672        2434        1        3
2646        2434        1        3
2619        2434        1        3
2593        2461        1        3
2566        2461        1        3
2540        2461        1        3
2514        2461        1        3
2487        2434        1        3
2461        2434        1        3
2434        2434        1        3
2434        2408        1        3
2408        2408        1        3
2408        2381        1        3
2381        2381        1        3
2381        2355        1        3
2381        2328        1        3
2381        2302        1        3
2408        2275        1        3
2408        2249        1        3
2434        2249        1        3
2461        2249        1        3
2487        2223        1        3
2514        2196        1        3
2566        2196        1        3
2593        2196        1        3
2619        2196        1        3
2646        2196        1        3
2672        2196        1        3
2699        2196        1        3
2725        2196        1        3
2752        2196        1        3
2778        2223        1        3
2805        2223        1        3
2831        2249        1        3
2858        2275        1        3
2884        2302        1        3
2884        2328        1        3
2910        2381        1        3
2910        2408        1        3
2937        2461        1        3
2937        2514        1        3
2937        2540        1        3
2937        2593        1        3
2910        2646        1        3
2884        2672        1        3
2858        2725        1        3
2805        2778        1        3
2752        2805        1        3
2699        2831        1        3
2646        2884        1        3
2593        2910        1        3
2514        2937        1        3
2461        2963        1        3
2381        2990        1        3
2328        2990        1        3
2275        3016        1        3
2223        3016        1        3
2170        3043        1        3
2143        3016        1        3
2117        3016        1        3
2090        3016        1        3
2064        3016        1        3
2064        2990        1        3
2037        2990        1        3
2037        2963        1        3
2011        2963        1        3
2037        2937        1        3
2064        2937        1        3
2064        2910        1        3
2090        2910        1        3
2117        2910        1        3
2143        2910        1        3
2196        2937        1        3
2223        2937        1        3
2275        2937        1        3
2328        2963        1        3
2408        2963        1        3
2461        2990        1        3
2540        3016        1        3
2593        3043        1        3
2672        3069        1        3
2752        3122        1        3
2831        3149        1        3
2910        3201        1        3
2963        3228        1        3
3016        3281        1        3
3069        3334        1        3
PEN_UP                  0
END_CHARACTER: STH
