CHARACTER_NAME: SKH
STROKE_COUNT: 4
  X           Y   STYLUS_STATE STROKE
PEN_DOWN
 767        1852        1        1
 794        1852        1        1
 820        1852        1        1
 847        1852        1        1
 900        1826        1        1
 926        1826        1        1
 979        1826        1        1
1032        1826        1        1
1085        1799        1        1
1164        1799        1        1
1217        1799        1        1
1323        1773        1        1
1402        1746        1        1
1482        1746        1        1
1561        1720        1        1
1614        1693        1        1
1693        1693        1        1
1746        1667        1        1
1799        1667        1        1
1852        1640        1        1
1905        1640        1        1
1958        1640        1        1
2011        1614        1        1
2064        1614        1        1
2117        1614        1        1
2143        1588        1        1
2196        1588        1        1
2223        1588        1        1
2249        1588        1        1
2275        1588        1        1
2275        1614        1        1
2249        1614        1        1
2249        1640        1        1
PEN_UP                  0
PEN_DOWN
1799        1720        1        2
1826        1720        1        2
1826        1746        1        2
1852        1773        1        2
1852        1799        1        2
1852        1826        1        2
1879        1826        1        2
1879        1852        1        2
1879        1879        1        2
1879        1905        1        2
1905        1931        1        2
1879        1958        1        2
1879        1984        1        2
1879        2011        1        2
1879        2037        1        2
1852        2064        1        2
1852        2090        1        2
1826        2090        1        2
1826        2117        1        2
1799        2143        1        2
1773        2143        1        2
1746        2170        1        2
1720        2170        1        2
1693        2170        1        2
1667        2170        1        2
1640        2170        1        2
1614        2170        1        2
1588        2170        1        2
1561        2170        1        2
1535        2143        1        2
1508        2143        1        2
1482        2143        1        2
1455        2117        1        2
1455        2090        1        2
1429        2090        1        2
1429        2064        1        2
1402        2064        1        2
1402        2037        1        2
1429        2037        1        2
1429        2064        1        2
1429        2090        1        2
1455        2090        1        2
1455        2117        1        2
1455        2143        1        2
1455        2170        1        2
1455        2196        1        2
1455        2223        1        2
1429        2249        1        2
1429        2275        1        2
1429        2302        1        2
1429        2328        1        2
1402        2328        1        2
1402        2355        1        2
1376        2381        1        2
1349        2381        1        2
1323        2408        1        2
1296        2408        1        2
1244        2434        1        2
1217        2434        1        2
1191        2434        1        2
1164        2434        1        2
1111        2434        1        2
1085        2434        1        2
1032        2434        1        2
1005        2408        1        2
 979        2408        1        2
 953        2381        1        2
 900        2381        1        2
 873        2355        1        2
 873        2328        1        2
 847        2328        1        2
 820        2302        1        2
 794        2275        1        2
 767        2249        1        2
 767        2275        1        2
PEN_UP                  0
PEN_DOWN
2090        2170        1        3
2090        2143        1        3
2064        2143        1        3
2064        2170        1        3
2037        2170        1        3
2011        2196        1        3
1984        2223        1        3
1958        2249        1        3
1958        2275        1        3
1984        2302        1        3
2011        2302        1        3
2037        2302        1        3
2064        2302        1        3
2064        2275        1        3
2090        2275        1        3
2117        2249        1        3
2117        2223        1        3
2117        2196        1        3
2090        2196        1        3
2090        2170        1        3
2064        2170        1        3
2064        2143        1        3
2037        2143        1        3
2011        2143        1        3
1984        2143        1        3
1958        2143        1        3
1931        2143        1        3
1905        2143        1        3
1879        2170        1        3
1879        2196        1        3
1852        2196        1        3
1852        2223        1        3
1826        2249        1        3
1826        2275        1        3
1826        2302        1        3
1826        2328        1        3
1799        2328        1        3
1799        2355        1        3
1799        2381        1        3
1799        2408        1        3
1826        2434        1        3
1826        2461        1        3
1852        2461        1        3
1879        2487        1        3
1905        2487        1        3
1931        2514        1        3
1958        2514        1        3
2011        2540        1        3
2037        2540        1        3
2064        2566        1        3
2117        2566        1        3
2143        2566        1        3
2170        2566        1        3
2196        2566        1        3
2249        2566        1        3
2275        2540        1        3
2302        2540        1        3
2328        2514        1        3
2355        2487        1        3
2381        2461        1        3
2381        2434        1        3
2408        2434        1        3
2434        2408        1        3
2434        2381        1        3
2461        2355        1        3
2461        2328        1        3
2461        2302        1        3
2487        2275        1        3
2487        2249        1        3
2487        2223        1        3
2487        2196        1        3
2487        2170        1        3
2487        2143        1        3
2487        2117        1        3
2487        2090        1        3
2514        2090        1        3
2540        2090        1        3
2566        2090        1        3
2566        2117        1        3
2593        2117        1        3
2619        2117        1        3
2646        2143        1        3
2672        2170        1        3
2699        2170        1        3
2725        2170        1        3
2725        2196        1        3
2752        2196        1        3
2752        2223        1        3
2778        2249        1        3
2752        2275        1        3
2752        2302        1        3
2725        2328        1        3
2699        2355        1        3
2699        2381        1        3
2672        2408        1        3
2619        2434        1        3
2593        2434        1        3
2593        2461        1        3
2566        2487        1        3
2540        2487        1        3
2514        2514        1        3
2487        2514        1        3
2514        2514        1        3
2540        2514        1        3
2566        2514        1        3
2593        2514        1        3
2646        2514        1        3
2672        2514        1        3
2725        2514        1        3
2752        2540        1        3
2778        2540        1        3
2805        2540        1        3
2831        2540        1        3
2858        2566        1        3
2884        2566        1        3
2910        2593        1        3
2937        2619        1        3
2963        2646        1        3
2990        2646        1        3
3016        2619        1        3
3016        2593        1        3
3016        2566        1        3
3016        2514        1        3
3043        2487        1        3
3043        2434        1        3
3043        2381        1        3
3043        2302        1        3
3016        2249        1        3
3016        2196        1        3
3016        2117        1        3
3016        2064        1        3
3016        1984        1        3
2990        1931        1        3
2990        1852        1        3
2990        1773        1        3
2963        1720        1        3
2963        1640        1        3
2963        1588        1        3
2937        1535        1        3
2937        1508        1        3
2937        1455        1        3
2937        1429        1        3
2937        1402        1        3
2937        1429        1        3
2963        1455        1        3
2963        1482        1        3
2963        1508        1        3
2937        1535        1        3
PEN_UP                  0
PEN_DOWN
2752        1720        1        4
2752        1693        1        4
2778        1667        1        4
2805        1667        1        4
2805        1640        1        4
2831        1640        1        4
2884        1640        1        4
2910        1614        1        4
2963        1614        1        4
3043        1588        1        4
3096        1588        1        4
3149        1561        1        4
3201        1561        1        4
3254        1561        1        4
3281        1535        1        4
3307        1535        1        4
3334        1535        1        4
3360        1535        1        4
3387        1535        1        4
3387        1561        1        4
3387        1588        1        4
PEN_UP                  0
END_CHARACTER: SKH
