CHARACTER_NAME: NGK
STROKE_COUNT: 4
  X           Y   STYLUS_STATE STROKE
PEN_DOWN
 714        1270        1        1
 714        1296        1        1
 741        1296        1        1
 767        1270        1        1
 794        1270        1        1
 847        1270        1        1
 900        1270        1        1
 953        1270        1        1
 979        1270        1        1
1032        1270        1        1
1085        1270        1        1
1111        1270        1        1
1138        1270        1        1
1164        1244        1        1
1191        1244        1        1
1217        1244        1        1
1244        1244        1        1
1296        1244        1        1
1349        1217        1        1
1402        1217        1        1
1455        1217        1        1
1482        1217        1        1
1535        1217        1        1
1588        1191        1        1
1640        1191        1        1
1693        1191        1        1
1720        1191        1        1
1773        1164        1        1
1799        1164        1        1
1852        1164        1        1
1905        1164        1        1
1958        1164        1        1
2037        1138        1        1
2090        1138        1        1
2170        1138        1        1
2249        1138        1        1
2302        1138        1        1
2381        1111        1        1
2434        1111        1        1
2514        1111        1        1
2540        1111        1        1
2593        1111        1        1
2619        1111        1        1
2672        1111        1        1
2699        1111        1        1
2725        1085        1        1
2752        1085        1        1
2805        1085        1        1
2831        1085        1        1
2858        1085        1        1
2884        1085        1        1
2910        1085        1        1
2937        1085        1        1
2963        1085        1        1
2990        1058        1        1
3016        1085        1        1
PEN_UP                  0
PEN_DOWN
1349        1640        1        2
1349        1614        1        2
1376        1614        1        2
1402        1588        1        2
1429        1588        1        2
1455        1614        1        2
1482        1614        1        2
1508        1614        1        2
1535        1614        1        2
1561        1614        1        2
1561        1640        1        2
1588        1667        1        2
1588        1693        1        2
1588        1720        1        2
1588        1746        1        2
1588        1773        1        2
1588        1799        1        2
1561        1826        1        2
1535        1826        1        2
1508        1826        1        2
1508        1852        1        2
1482        1852        1        2
1455        1826        1        2
1429        1826        1        2
1402        1826        1        2
1402        1799        1        2
1376        1799        1        2
1349        1773        1        2
1349        1746        1        2
1349        1720        1        2
1349        1693        1        2
1349        1667        1        2
1376        1667        1        2
1376        1640        1        2
1402        1614        1        2
1402        1588        1        2
1429        1588        1        2
1429        1561        1        2
1455        1561        1        2
1455        1535        1        2
1482        1535        1        2
1482        1508        1        2
1508        1508        1        2
1508        1482        1        2
1535        1482        1        2
1561        1455        1        2
1588        1455        1        2
1614        1455        1        2
1614        1429        1        2
1640        1429        1        2
1667        1402        1        2
1693        1402        1        2
1720        1402        1        2
1720        1376        1        2
1746        1376        1        2
1773        1376        1        2
1799        1376        1        2
1826        1376        1        2
1852        1376        1        2
1879        1376        1        2
1905        1376        1        2
1931        1376        1        2
1958        1376        1        2
1958        1402        1        2
1984        1402        1        2
2011        1402        1        2
2011        1429        1        2
2037        1429        1        2
2037        1455        1        2
2064        1455        1        2
2064        1482        1        2
2090        1482        1        2
2090        1508        1        2
2117        1508        1        2
2117        1535        1        2
2117        1561        1        2
2117        1588        1        2
2117        1614        1        2
2117        1640        1        2
2117        1667        1        2
2117        1693        1        2
2117        1720        1        2
2090        1746        1        2
2090        1773        1        2
2064        1799        1        2
2064        1826        1        2
2037        1852        1        2
2011        1852        1        2
2011        1879        1        2
1984        1905        1        2
1958        1931        1        2
1931        1958        1        2
1905        1984        1        2
1879        2011        1        2
1852        2011        1        2
1826        2037        1        2
1799        2064        1        2
1773        2090        1        2
1773        2117        1        2
1746        2117        1        2
1720        2143        1        2
1693        2143        1        2
1693        2170        1        2
1667        2170        1        2
1667        2196        1        2
1640        2196        1        2
1640        2223        1        2
1614        2223        1        2
1640        2223        1        2
1667        2196        1        2
1693        2196        1        2
1720        2196        1        2
1746        2196        1        2
1773        2196        1        2
1799        2223        1        2
1826        2223        1        2
1852        2223        1        2
1879        2223        1        2
1905        2249        1        2
1931        2249        1        2
1958        2249        1        2
1984        2275        1        2
2011        2275        1        2
2037        2302        1        2
2064        2302        1        2
2090        2328        1        2
2117        2328        1        2
2117        2355        1        2
2143        2381        1        2
2170        2381        1        2
2196        2408        1        2
2223        2434        1        2
2249        2434        1        2
2249        2461        1        2
2275        2487        1        2
2302        2514        1        2
2328        2540        1        2
2328        2566        1        2
2355        2566        1        2
2355        2593        1        2
2355        2619        1        2
2381        2619        1        2
2381        2646        1        2
2408        2646        1        2
2408        2672        1        2
2408        2646        1        2
2381        2646        1        2
2381        2619        1        2
2381        2593        1        2
2381        2566        1        2
2355        2566        1        2
2355        2540        1        2
2355        2514        1        2
2328        2487        1        2
2328        2461        1        2
2328        2434        1        2
2328        2408        1        2
2328        2381        1        2
2302        2355        1        2
2302        2328        1        2
2302        2302        1        2
2275        2275        1        2
2275        2249        1        2
2275        2223        1        2
2249        2223        1        2
2249        2196        1        2
2249        2170        1        2
2249        2143        1        2
2249        2117        1        2
2223        2090        1        2
2223        2064        1        2
2223        2037        1        2
2223        2011        1        2
2223        1984        1        2
2223        1958        1        2
2196        1931        1        2
2196        1905        1        2
2196        1879        1        2
2196        1852        1        2
2196        1826        1        2
2170        1799        1        2
2170        1773        1        2
2170        1746        1        2
2170        1720        1        2
2170        1693        1        2
2143        1720        1        2
PEN_UP                  0
PEN_DOWN
2275        2011        1        3
2302        2011        1        3
2275        1984        1        3
2275        1958        1        3
2302        1958        1        3
2302        1931        1        3
2328        1931        1        3
2355        1905        1        3
2381        1905        1        3
2408        1879        1        3
2434        1879        1        3
2461        1879        1        3
2487        1879        1        3
2487        1852        1        3
2514        1852        1        3
2540        1852        1        3
2566        1852        1        3
2593        1852        1        3
2619        1852        1        3
2646        1852        1        3
2672        1852        1        3
2699        1852        1        3
2725        1879        1        3
2752        1879        1        3
2778        1905        1        3
2805        1905        1        3
2805        1931        1        3
2831        1958        1        3
2831        1984        1        3
2858        2011        1        3
2858        2037        1        3
2858        2064        1        3
2858        2090        1        3
2831        2117        1        3
2831        2143        1        3
2805        2170        1        3
2778        2196        1        3
2752        2196        1        3
2725        2196        1        3
2725        2223        1        3
2699        2223        1        3
2672        2223        1        3
2672        2196        1        3
2646        2196        1        3
2619        2196        1        3
2593        2196        1        3
2566        2170        1        3
2540        2170        1        3
2540        2143        1        3
2540        2117        1        3
2566        2143        1        3
2593        2143        1        3
PEN_UP                  0
PEN_DOWN
2699        1164        1        4
2699        1191        1        4
2725        1191        1        4
2725        1217        1        4
2725        1244        1        4
2752        1244        1        4
2752        1270        1        4
2752        1296        1        4
2752        1323        1        4
2752        1349        1        4
2752        1376        1        4
2752        1402        1        4
2752        1429        1        4
2752        1455        1        4
2752        1482        1        4
2752        1508        1        4
2752        1535        1        4
2752        1561        1        4
2725        1561        1        4
2699        1588        1        4
2672        1588        1        4
2672        1614        1        4
2646        1614        1        4
2619        1614        1        4
2593        1640        1        4
2566        1640        1        4
2540        1640        1        4
2514        1640        1        4
2487        1640        1        4
2461        1640        1        4
2434        1640        1        4
2408        1640        1        4
2381        1640        1        4
2355        1640        1        4
2355        1614        1        4
2328        1614        1        4
2328        1588        1        4
2302        1588        1        4
2275        1561        1        4
2275        1535        1        4
2249        1535        1        4
2223        1508        1        4
2196        1482        1        4
2170        1455        1        4
2143        1429        1        4
2117        1402        1        4
2090        1376        1        4
2090        1349        1        4
2064        1349        1        4
2064        1323        1        4
2037        1323        1        4
2037        1296        1        4
PEN_UP                  0
END_CHARACTER: NGK
