CHARACTER_NAME: CCA
STROKE_COUNT: 3
  X           Y   STYLUS_STATE STROKE
PEN_DOWN
 873        1905        1        1
 900        1905        1        1
 926        1905        1        1
 953        1905        1        1
 979        1905        1        1
1005        1905        1        1
1032        1905        1        1
1058        1905        1        1
1085        1879        1        1
1111        1879        1        1
1138        1879        1        1
1164        1879        1        1
1191        1879        1        1
1217        1879        1        1
1244        1879        1        1
1296        1879        1        1
1323        1852        1        1
1349        1852        1        1
1376        1852        1        1
1429        1852        1        1
1455        1852        1        1
1482        1852        1        1
1508        1826        1        1
1561        1826        1        1
1588        1826        1        1
1614        1826        1        1
1640        1826        1        1
1667        1826        1        1
1693        1826        1        1
1720        1826        1        1
1746        1826        1        1
1773        1826        1        1
1799        1826        1        1
1826        1826        1        1
1852        1826        1        1
1905        1826        1        1
1931        1826        1        1
1958        1826        1        1
2011        1826        1        1
2037        1826        1        1
2064        1826        1        1
2090        1826        1        1
2143        1826        1        1
2170        1826        1        1
2196        1826        1        1
2249        1799        1        1
2275        1799        1        1
2328        1799        1        1
2355        1799        1        1
2381        1799        1        1
2434        1773        1        1
2461        1773        1        1
2487        1773        1        1
2514        1773        1        1
2540        1773        1        1
2566        1773        1        1
2593        1773        1        1
2619        1773        1        1
2646        1746        1        1
2672        1746        1        1
2699        1746        1        1
2672        1746        1        1
PEN_UP                  0
PEN_DOWN
1614        1852        1        2
1614        1879        1        2
1614        1905        1        2
1614        1931        1        2
1588        1931        1        2
1588        1958        1        2
1588        1984        1        2
1588        2011        1        2
1561        2037        1        2
1561        2064        1        2
1561        2090        1        2
1561        2117        1        2
1561        2143        1        2
1561        2170        1        2
1561        2196        1        2
1561        2223        1        2
1561        2249        1        2
1561        2275        1        2
1561        2302        1        2
1561        2328        1        2
1561        2355        1        2
1561        2381        1        2
1561        2408        1        2
1561        2434        1        2
1561        2461        1        2
1561        2487        1        2
1561        2514        1        2
1561        2540        1        2
1561        2566        1        2
1561        2593        1        2
1561        2619        1        2
1561        2646        1        2
1561        2672        1        2
1561        2699        1        2
1561        2725        1        2
1561        2752        1        2
1561        2778        1        2
1561        2805        1        2
1561        2831        1        2
1588        2831        1        2
1588        2858        1        2
1588        2884        1        2
1588        2910        1        2
1614        2910        1        2
1614        2937        1        2
1640        2937        1        2
1667        2937        1        2
1693        2937        1        2
1720        2937        1        2
1746        2910        1        2
1773        2910        1        2
1799        2884        1        2
1826        2884        1        2
1852        2884        1        2
1852        2858        1        2
1879        2858        1        2
1905        2831        1        2
1931        2831        1        2
1958        2805        1        2
1958        2778        1        2
1984        2752        1        2
2011        2752        1        2
2037        2725        1        2
2037        2699        1        2
2064        2699        1        2
2064        2672        1        2
2090        2646        1        2
2090        2619        1        2
2117        2593        1        2
2117        2566        1        2
2117        2540        1        2
2143        2514        1        2
2143        2487        1        2
2143        2461        1        2
2143        2434        1        2
2143        2408        1        2
2143        2381        1        2
2117        2381        1        2
2117        2355        1        2
2117        2328        1        2
2117        2302        1        2
2090        2302        1        2
2090        2275        1        2
2064        2275        1        2
2064        2249        1        2
2037        2249        1        2
2011        2249        1        2
1984        2249        1        2
1958        2249        1        2
1931        2249        1        2
1905        2249        1        2
1879        2249        1        2
1852        2249        1        2
1852        2275        1        2
1826        2275        1        2
1799        2275        1        2
1773        2275        1        2
1746        2275        1        2
1746        2302        1        2
1720        2302        1        2
1693        2302        1        2
1667        2328        1        2
1640        2328        1        2
1640        2355        1        2
1614        2355        1        2
1614        2381        1        2
1588        2381        1        2
1588        2408        1        2
1561        2408        1        2
1561        2434        1        2
1535        2434        1        2
1535        2461        1        2
1508        2461        1        2
1508        2487        1        2
1508        2514        1        2
1482        2514        1        2
1482        2540        1        2
1508        2540        1        2
1535        2540        1        2
PEN_UP                  0
PEN_DOWN
1984        2487        1        3
1984        2461        1        3
2011        2461        1        3
2011        2434        1        3
2037        2434        1        3
2064        2408        1        3
2090        2408        1        3
2090        2381        1        3
2117        2381        1        3
2143        2381        1        3
2170        2381        1        3
2170        2355        1        3
2196        2355        1        3
2223        2355        1        3
2249        2355        1        3
2275        2355        1        3
2302        2328        1        3
2328        2328        1        3
2355        2328        1        3
2381        2328        1        3
2408        2355        1        3
2434        2355        1        3
2461        2381        1        3
2487        2381        1        3
2487        2408        1        3
2514        2408        1        3
2514        2434        1        3
2514        2461        1        3
2540        2461        1        3
2540        2487        1        3
2540        2514        1        3
2540        2540        1        3
2566        2566        1        3
2566        2593        1        3
2540        2619        1        3
2540        2646        1        3
2540        2672        1        3
2514        2699        1        3
2514        2725        1        3
2487        2752        1        3
2487        2778        1        3
2461        2805        1        3
2434        2831        1        3
2408        2858        1        3
2381        2884        1        3
2355        2910        1        3
2328        2937        1        3
2302        2937        1        3
2249        2963        1        3
2223        2990        1        3
2196        3016        1        3
2143        3043        1        3
2117        3069        1        3
2090        3096        1        3
2064        3122        1        3
2011        3149        1        3
1984        3175        1        3
1958        3201        1        3
1931        3228        1        3
1905        3228        1        3
1905        3254        1        3
1879        3254        1        3
1852        3281        1        3
1826        3281        1        3
1826        3307        1        3
1799        3307        1        3
1773        3307        1        3
1773        3281        1        3
1773        3254        1        3
1773        3228        1        3
1799        3228        1        3
1799        3201        1        3
1826        3201        1        3
1826        3175        1        3
1852        3175        1        3
1879        3149        1        3
1905        3122        1        3
1931        3122        1        3
1958        3122        1        3
1984        3122        1        3
1984        3149        1        3
2011        3149        1        3
2037        3149        1        3
2064        3149        1        3
2090        3175        1        3
2117        3175        1        3
2143        3175        1        3
2170        3201        1        3
2223        3201        1        3
2249        3201        1        3
2275        3228        1        3
2328        3228        1        3
2355        3228        1        3
2408        3254        1        3
2434        3254        1        3
2487        3254        1        3
2514        3254        1        3
2540        3281        1        3
2593        3281        1        3
2619        3281        1        3
2646        3281        1        3
2672        3281        1        3
2699        3281        1        3
2725        3281        1        3
2752        3281        1        3
PEN_UP                  0
END_CHARACTER: CCA
