CHARACTER_NAME: CAY
STROKE_COUNT: 1
  X           Y   STYLUS_STATE STROKE
PEN_DOWN
2143        1429        1        1
2170        1429        1        1
2170        1402        1        1
2170        1376        1        1
2170        1349        1        1
2170        1376        1        1
2143        1402        1        1
2143        1429        1        1
2143        1455        1        1
2117        1508        1        1
2090        1561        1        1
2064        1588        1        1
2037        1640        1        1
2011        1667        1        1
1984        1720        1        1
1958        1746        1        1
1931        1799        1        1
1905        1826        1        1
1879        1852        1        1
1879        1879        1        1
1852        1879        1        1
1852        1905        1        1
1879        1905        1        1
1905        1905        1        1
1931        1905        1        1
1958        1905        1        1
2011        1879        1        1
2037        1879        1        1
2090        1879        1        1
2117        1879        1        1
2170        1879        1        1
2196        1879        1        1
2223        1879        1        1
2249        1879        1        1
2275        1879        1        1
2302        1879        1        1
2328        1879        1        1
2355        1905        1        1
2381        1905        1        1
2408        1931        1        1
2408        1958        1        1
2434        1984        1        1
2434        2011        1        1
2408        2037        1        1
2381        2064        1        1
2355        2090        1        1
2328        2090        1        1
2302        2117        1        1
2275        2117        1        1
2249        2143        1        1
2196        2143        1        1
2170        2143        1        1
2117        2170        1        1
2090        2170        1        1
2037        2170        1        1
1984        2170        1        1
1958        2170        1        1
1905        2143        1        1
1852        2143        1        1
1799        2143        1        1
1773        2117        1        1
1720        2090        1        1
1640        2064        1        1
1588        2037        1        1
1535        2011        1        1
1482        1984        1        1
1402        1931        1        1
1349        1905        1        1
1296        1879        1        1
1244        1852        1        1
1217        1826        1        1
1164        1799        1        1
1111        1773        1        1
1058        1720        1        1
1005        1693        1        1
 953        1667        1        1
 900        1614        1        1
 873        1588        1        1
 820        1561        1        1
 794        1535        1        1
 767        1508        1        1
 741        1482        1        1
 741        1455        1        1
 714        1455        1        1
 714        1429        1        1
 688        1429        1        1
 661        1455        1        1
 688        1482        1        1
 688        1508        1        1
PEN_UP                  0
END_CHARACTER: CAY
