CHARACTER_NAME: MTA
STROKE_COUNT: 3
  X           Y   STYLUS_STATE STROKE
PEN_DOWN
1191        1508        1        1
1217        1508        1        1
1244        1508        1        1
1270        1508        1        1
1296        1508        1        1
1323        1508        1        1
1349        1508        1        1
1376        1508        1        1
1402        1508        1        1
1429        1508        1        1
1455        1508        1        1
1482        1508        1        1
1508        1508        1        1
1561        1508        1        1
1588        1508        1        1
1614        1508        1        1
1640        1508        1        1
1667        1508        1        1
1720        1508        1        1
1746        1508        1        1
1773        1508        1        1
1826        1508        1        1
1852        1508        1        1
1879        1508        1        1
1931        1508        1        1
1958        1508        1        1
1984        1508        1        1
2037        1508        1        1
2064        1508        1        1
2117        1508        1        1
2170        1508        1        1
2196        1508        1        1
2249        1508        1        1
2302        1508        1        1
2355        1508        1        1
2381        1508        1        1
2434        1508        1        1
2487        1508        1        1
2540        1508        1        1
2566        1508        1        1
2619        1482        1        1
2646        1482        1        1
2699        1482        1        1
2752        1482        1        1
2778        1482        1        1
2831        1482        1        1
2858        1482        1        1
2910        1482        1        1
2937        1482        1        1
2990        1482        1        1
3016        1482        1        1
3043        1482        1        1
3096        1482        1        1
3122        1482        1        1
3149        1482        1        1
3175        1482        1        1
3201        1482        1        1
3228        1482        1        1
3228        1508        1        1
3201        1508        1        1
PEN_UP                  0
PEN_DOWN
1826        1561        1        2
1826        1588        1        2
1826        1614        1        2
1799        1640        1        2
1799        1667        1        2
1799        1693        1        2
1773        1720        1        2
1773        1746        1        2
1773        1773        1        2
1746        1826        1        2
1746        1852        1        2
1746        1879        1        2
1746        1931        1        2
1746        1958        1        2
1746        1984        1        2
1746        2037        1        2
1746        2064        1        2
1746        2117        1        2
1746        2143        1        2
1746        2170        1        2
1746        2223        1        2
1746        2249        1        2
1746        2275        1        2
1746        2302        1        2
1746        2328        1        2
1746        2355        1        2
1773        2381        1        2
1773        2408        1        2
1773        2434        1        2
1799        2461        1        2
1799        2487        1        2
1826        2514        1        2
1826        2540        1        2
1852        2540        1        2
1852        2566        1        2
1879        2566        1        2
1905        2593        1        2
1931        2593        1        2
1958        2593        1        2
1984        2593        1        2
2011        2593        1        2
2037        2593        1        2
2064        2593        1        2
2090        2593        1        2
2117        2593        1        2
2143        2593        1        2
2143        2566        1        2
2170        2566        1        2
2196        2566        1        2
2223        2540        1        2
2249        2540        1        2
2275        2514        1        2
2302        2487        1        2
2328        2461        1        2
2328        2434        1        2
2355        2408        1        2
2355        2381        1        2
2381        2381        1        2
2381        2355        1        2
2381        2328        1        2
2408        2302        1        2
2408        2275        1        2
2408        2249        1        2
2408        2223        1        2
2408        2196        1        2
2408        2170        1        2
2408        2143        1        2
2408        2117        1        2
2408        2090        1        2
2408        2064        1        2
2381        2064        1        2
2381        2037        1        2
2355        2037        1        2
2355        2011        1        2
2328        2011        1        2
2328        1984        1        2
2302        1984        1        2
2275        1984        1        2
2275        2011        1        2
2249        2011        1        2
2223        2011        1        2
2223        2037        1        2
2196        2037        1        2
2196        2064        1        2
2170        2090        1        2
2170        2117        1        2
2170        2143        1        2
2143        2143        1        2
2143        2170        1        2
2143        2196        1        2
2143        2223        1        2
2143        2249        1        2
2143        2275        1        2
2143        2302        1        2
2143        2328        1        2
2170        2328        1        2
2170        2355        1        2
2196        2381        1        2
2196        2408        1        2
2223        2408        1        2
2249        2408        1        2
2249        2434        1        2
2275        2434        1        2
2302        2434        1        2
2328        2434        1        2
2355        2434        1        2
2381        2434        1        2
2408        2408        1        2
2434        2408        1        2
PEN_UP                  0
PEN_DOWN
2275        1588        1        3
2249        1561        1        3
2275        1561        1        3
2275        1535        1        3
2275        1508        1        3
2275        1482        1        3
2275        1455        1        3
2275        1429        1        3
2275        1402        1        3
2275        1376        1        3
2275        1349        1        3
2249        1349        1        3
2249        1323        1        3
2249        1296        1        3
2223        1296        1        3
2223        1270        1        3
2223        1244        1        3
2196        1244        1        3
2196        1217        1        3
2170        1217        1        3
2143        1217        1        3
2117        1217        1        3
2090        1217        1        3
2064        1217        1        3
2037        1217        1        3
2011        1217        1        3
1984        1217        1        3
1958        1217        1        3
1931        1217        1        3
1905        1217        1        3
1905        1244        1        3
1879        1244        1        3
1852        1270        1        3
1826        1270        1        3
1826        1296        1        3
1799        1296        1        3
1799        1323        1        3
1773        1323        1        3
1746        1323        1        3
1746        1349        1        3
1720        1349        1        3
1693        1349        1        3
1667        1349        1        3
1667        1323        1        3
1640        1323        1        3
1614        1323        1        3
1614        1296        1        3
1588        1296        1        3
1561        1296        1        3
1561        1270        1        3
1535        1270        1        3
1508        1270        1        3
1482        1244        1        3
1455        1217        1        3
1429        1217        1        3
1429        1191        1        3
1402        1191        1        3
1402        1164        1        3
1376        1164        1        3
1376        1138        1        3
1376        1111        1        3
1349        1111        1        3
1349        1085        1        3
1349        1058        1        3
1376        1032        1        3
1376        1005        1        3
1376         979        1        3
1376         953        1        3
1402         953        1        3
1402         926        1        3
1402         900        1        3
1429         873        1        3
1429         900        1        3
PEN_UP                  0
END_CHARACTER: MTA
