CHARACTER_NAME: BHA
STROKE_COUNT: 3
  X           Y   STYLUS_STATE STROKE
PEN_DOWN
1191        1402        1        1
1164        1402        1        1
1164        1376        1        1
1191        1376        1        1
1217        1376        1        1
1244        1376        1        1
1270        1376        1        1
1296        1376        1        1
1323        1376        1        1
1349        1376        1        1
1376        1376        1        1
1429        1376        1        1
1455        1402        1        1
1482        1402        1        1
1535        1402        1        1
1561        1402        1        1
1614        1402        1        1
1667        1402        1        1
1693        1402        1        1
1746        1402        1        1
1799        1402        1        1
1852        1402        1        1
1905        1402        1        1
1958        1402        1        1
2011        1402        1        1
2064        1402        1        1
2117        1429        1        1
2170        1429        1        1
2196        1429        1        1
2249        1429        1        1
2302        1429        1        1
2328        1429        1        1
2355        1429        1        1
2408        1429        1        1
2434        1455        1        1
2461        1455        1        1
2514        1455        1        1
2540        1455        1        1
2566        1455        1        1
2593        1455        1        1
2619        1455        1        1
2646        1455        1        1
2672        1482        1        1
2699        1482        1        1
2725        1482        1        1
2778        1482        1        1
2805        1482        1        1
2858        1482        1        1
2884        1482        1        1
2910        1482        1        1
2963        1482        1        1
2990        1482        1        1
3016        1482        1        1
3043        1482        1        1
3069        1482        1        1
3096        1455        1        1
3122        1455        1        1
3149        1455        1        1
3175        1455        1        1
3175        1482        1        1
3149        1482        1        1
3122        1482        1        1
3096        1508        1        1
3043        1535        1        1
PEN_UP                  0
PEN_DOWN
1958        1720        1        2
1958        1746        1        2
1958        1773        1        2
1958        1799        1        2
1984        1799        1        2
1984        1826        1        2
2011        1826        1        2
2011        1852        1        2
2037        1852        1        2
2064        1879        1        2
2090        1879        1        2
2117        1879        1        2
2143        1879        1        2
2170        1879        1        2
2196        1879        1        2
2223        1879        1        2
2249        1879        1        2
2275        1852        1        2
2302        1852        1        2
2328        1826        1        2
2355        1826        1        2
2381        1826        1        2
2381        1799        1        2
2408        1799        1        2
2408        1773        1        2
2434        1746        1        2
2434        1720        1        2
2434        1693        1        2
2434        1667        1        2
2434        1640        1        2
2434        1614        1        2
2434        1588        1        2
2408        1588        1        2
2408        1561        1        2
2408        1535        1        2
2381        1535        1        2
2381        1508        1        2
2355        1508        1        2
2355        1482        1        2
2328        1482        1        2
2302        1482        1        2
2275        1482        1        2
2249        1482        1        2
2223        1482        1        2
2223        1508        1        2
2196        1508        1        2
2170        1508        1        2
2143        1508        1        2
2117        1535        1        2
2090        1535        1        2
2064        1561        1        2
2037        1561        1        2
2011        1588        1        2
1984        1588        1        2
1958        1614        1        2
1931        1614        1        2
1905        1640        1        2
1905        1667        1        2
1879        1693        1        2
1852        1720        1        2
1852        1746        1        2
1826        1773        1        2
1799        1799        1        2
1799        1826        1        2
1799        1852        1        2
1773        1879        1        2
1773        1905        1        2
1773        1931        1        2
1773        1958        1        2
1773        1984        1        2
1773        2011        1        2
1773        2037        1        2
1773        2064        1        2
1773        2117        1        2
1773        2143        1        2
1799        2170        1        2
1799        2196        1        2
1826        2223        1        2
1826        2249        1        2
1852        2275        1        2
1879        2275        1        2
1879        2302        1        2
1905        2302        1        2
1931        2328        1        2
1958        2328        1        2
2011        2328        1        2
2037        2328        1        2
2090        2302        1        2
2117        2302        1        2
2170        2302        1        2
2196        2275        1        2
2249        2275        1        2
2302        2249        1        2
2355        2223        1        2
2381        2223        1        2
2434        2196        1        2
2487        2170        1        2
2514        2143        1        2
2566        2117        1        2
2593        2117        1        2
2646        2090        1        2
2672        2064        1        2
2699        2037        1        2
2725        2011        1        2
2752        1984        1        2
2752        1958        1        2
2778        1931        1        2
2778        1905        1        2
2805        1879        1        2
2805        1852        1        2
2805        1826        1        2
2831        1826        1        2
2831        1799        1        2
2831        1773        1        2
2858        1773        1        2
2831        1746        1        2
2858        1773        1        2
2858        1799        1        2
2884        1826        1        2
2884        1852        1        2
2884        1879        1        2
2884        1905        1        2
2910        1931        1        2
2910        1958        1        2
2910        1984        1        2
2910        2011        1        2
2910        2037        1        2
2910        2064        1        2
2910        2117        1        2
2910        2143        1        2
2884        2170        1        2
2884        2223        1        2
2884        2249        1        2
2884        2275        1        2
2858        2328        1        2
2858        2355        1        2
2858        2381        1        2
2831        2434        1        2
2831        2461        1        2
2805        2487        1        2
2778        2514        1        2
2752        2566        1        2
2725        2593        1        2
2699        2619        1        2
2672        2646        1        2
2646        2672        1        2
2619        2699        1        2
2566        2699        1        2
2540        2725        1        2
2514        2752        1        2
2461        2752        1        2
2434        2752        1        2
2381        2752        1        2
2328        2778        1        2
2302        2778        1        2
2249        2778        1        2
2196        2752        1        2
2117        2752        1        2
2064        2752        1        2
2011        2725        1        2
1958        2725        1        2
1879        2725        1        2
1826        2699        1        2
1773        2672        1        2
1720        2646        1        2
1640        2619        1        2
1588        2619        1        2
1535        2566        1        2
1482        2540        1        2
1455        2514        1        2
1402        2487        1        2
1349        2461        1        2
1323        2434        1        2
1270        2408        1        2
1244        2355        1        2
1191        2328        1        2
1164        2302        1        2
1138        2249        1        2
1111        2196        1        2
1085        2170        1        2
1058        2117        1        2
1058        2090        1        2
1032        2037        1        2
1032        2011        1        2
1005        1958        1        2
1005        1931        1        2
1005        1879        1        2
1005        1852        1        2
1005        1799        1        2
1005        1773        1        2
1005        1746        1        2
1005        1693        1        2
1005        1667        1        2
1005        1640        1        2
1005        1614        1        2
1032        1588        1        2
1032        1561        1        2
1032        1535        1        2
1005        1535        1        2
1005        1561        1        2
 979        1561        1        2
 953        1588        1        2
PEN_UP                  0
PEN_DOWN
PEN_UP                  0
 847        1588        1        3
END_CHARACTER: BHA
