CHARACTER_NAME: SC
STROKE_COUNT: 3
  X           Y   STYLUS_STATE STROKE
PEN_DOWN
1614        1323        1        1
1614        1349        1        1
1588        1376        1        1
1561        1402        1        1
1561        1429        1        1
1561        1455        1        1
1535        1482        1        1
1535        1508        1        1
1535        1535        1        1
1535        1561        1        1
1561        1588        1        1
1588        1588        1        1
1614        1588        1        1
1667        1588        1        1
1693        1588        1        1
1720        1614        1        1
1773        1614        1        1
1799        1614        1        1
1826        1614        1        1
1852        1640        1        1
1879        1667        1        1
1905        1693        1        1
1905        1746        1        1
1931        1773        1        1
1905        1799        1        1
1905        1826        1        1
1905        1852        1        1
1905        1879        1        1
1879        1879        1        1
1879        1905        1        1
1852        1931        1        1
1826        1931        1        1
1826        1958        1        1
1799        1958        1        1
1773        1984        1        1
1746        1958        1        1
1720        1958        1        1
1693        1931        1        1
1693        1905        1        1
1693        1879        1        1
1720        1852        1        1
1720        1826        1        1
1746        1799        1        1
1799        1773        1        1
1826        1773        1        1
1879        1746        1        1
1905        1746        1        1
1958        1746        1        1
1984        1746        1        1
2037        1746        1        1
2064        1746        1        1
2090        1773        1        1
2117        1773        1        1
2143        1799        1        1
2170        1799        1        1
2170        1826        1        1
2170        1852        1        1
2170        1879        1        1
2170        1905        1        1
2143        1931        1        1
2143        1958        1        1
2143        1984        1        1
2117        1984        1        1
2090        1984        1        1
2064        1958        1        1
2064        1931        1        1
2064        1905        1        1
2064        1879        1        1
2090        1879        1        1
2117        1852        1        1
2117        1826        1        1
2143        1799        1        1
2196        1773        1        1
2223        1746        1        1
2249        1720        1        1
2302        1720        1        1
2328        1693        1        1
2381        1693        1        1
2408        1693        1        1
2434        1720        1        1
2461        1720        1        1
2487        1746        1        1
2514        1746        1        1
2514        1773        1        1
2540        1799        1        1
2566        1826        1        1
2566        1852        1        1
2593        1852        1        1
2619        1826        1        1
PEN_UP                  0
PEN_DOWN
2593        1323        1        2
2593        1349        1        2
2593        1376        1        2
2619        1429        1        2
2619        1455        1        2
2619        1508        1        2
2619        1535        1        2
2646        1588        1        2
2646        1614        1        2
2646        1667        1        2
2646        1693        1        2
2672        1746        1        2
2672        1773        1        2
2672        1799        1        2
2699        1852        1        2
2699        1879        1        2
2699        1905        1        2
2699        1931        1        2
2699        1984        1        2
2699        2011        1        2
2699        2037        1        2
2725        2064        1        2
2725        2117        1        2
2725        2143        1        2
2725        2170        1        2
2725        2196        1        2
2725        2249        1        2
2725        2275        1        2
2725        2302        1        2
2725        2328        1        2
2725        2355        1        2
2725        2381        1        2
2725        2408        1        2
2725        2434        1        2
2725        2461        1        2
2752        2487        1        2
2752        2514        1        2
2752        2540        1        2
2778        2566        1        2
2778        2593        1        2
2805        2593        1        2
2805        2619        1        2
2831        2646        1        2
2858        2646        1        2
2858        2672        1        2
2884        2672        1        2
2910        2672        1        2
2937        2672        1        2
2963        2672        1        2
2990        2672        1        2
3016        2646        1        2
3043        2646        1        2
3069        2619        1        2
3096        2619        1        2
3122        2593        1        2
3149        2566        1        2
3175        2540        1        2
3201        2540        1        2
3228        2514        1        2
3254        2487        1        2
3281        2434        1        2
3307        2408        1        2
3307        2381        1        2
3334        2355        1        2
3334        2328        1        2
3360        2275        1        2
3360        2249        1        2
3360        2223        1        2
3360        2196        1        2
3360        2170        1        2
3360        2143        1        2
3360        2117        1        2
3360        2090        1        2
3334        2064        1        2
3334        2037        1        2
3334        2011        1        2
3307        2011        1        2
3281        2011        1        2
3254        2011        1        2
3228        2011        1        2
3175        2037        1        2
3149        2037        1        2
3069        2064        1        2
3016        2090        1        2
2963        2117        1        2
2910        2117        1        2
2858        2143        1        2
2805        2143        1        2
2778        2170        1        2
2752        2170        1        2
PEN_UP                  0
PEN_DOWN
2514        1323        1        3
2540        1323        1        3
2540        1349        1        3
2566        1349        1        3
2593        1349        1        3
2619        1349        1        3
2672        1349        1        3
2725        1349        1        3
2805        1349        1        3
2858        1349        1        3
2937        1376        1        3
2990        1376        1        3
3069        1376        1        3
3122        1376        1        3
3175        1376        1        3
3228        1376        1        3
3281        1402        1        3
3307        1402        1        3
3360        1402        1        3
3387        1402        1        3
3413        1402        1        3
3440        1402        1        3
3493        1402        1        3
3519        1402        1        3
3545        1402        1        3
PEN_UP                  0
END_CHARACTER: SC
