CHARACTER_NAME: SM
STROKE_COUNT: 3
  X           Y   STYLUS_STATE STROKE
PEN_DOWN
 979        1111        1        1
1005        1085        1        1
1005        1111        1        1
 979        1111        1        1
 979        1138        1        1
 953        1164        1        1
 953        1191        1        1
 953        1217        1        1
 953        1244        1        1
 953        1270        1        1
 926        1296        1        1
 953        1296        1        1
 953        1323        1        1
 953        1349        1        1
 979        1349        1        1
1005        1376        1        1
1032        1376        1        1
1058        1376        1        1
1085        1376        1        1
1111        1376        1        1
1138        1376        1        1
1138        1402        1        1
1164        1402        1        1
1191        1402        1        1
1217        1429        1        1
1217        1455        1        1
1244        1482        1        1
1244        1508        1        1
1270        1535        1        1
1270        1561        1        1
1244        1588        1        1
1244        1614        1        1
1244        1640        1        1
1217        1667        1        1
1191        1693        1        1
1164        1720        1        1
1138        1746        1        1
1111        1720        1        1
1111        1693        1        1
1111        1667        1        1
1138        1640        1        1
1138        1614        1        1
1138        1588        1        1
1164        1561        1        1
1191        1535        1        1
1217        1508        1        1
1244        1482        1        1
1296        1482        1        1
1323        1482        1        1
1376        1455        1        1
1402        1482        1        1
1455        1482        1        1
1482        1482        1        1
1535        1508        1        1
1535        1535        1        1
1561        1535        1        1
1561        1561        1        1
1588        1588        1        1
1561        1614        1        1
1561        1640        1        1
1561        1667        1        1
1535        1693        1        1
1508        1720        1        1
1482        1746        1        1
1455        1746        1        1
1455        1773        1        1
1429        1746        1        1
1429        1720        1        1
1402        1720        1        1
1402        1693        1        1
1429        1667        1        1
1429        1640        1        1
1429        1614        1        1
1455        1588        1        1
1508        1535        1        1
1535        1535        1        1
1588        1508        1        1
1640        1482        1        1
1693        1455        1        1
1746        1455        1        1
1799        1455        1        1
1852        1455        1        1
1879        1455        1        1
1905        1482        1        1
1931        1482        1        1
1958        1482        1        1
1958        1508        1        1
1984        1535        1        1
1984        1561        1        1
2011        1561        1        1
2011        1588        1        1
2037        1588        1        1
2037        1561        1        1
PEN_UP                  0
PEN_DOWN
2064        1138        1        2
2090        1164        1        2
2090        1191        1        2
2090        1217        1        2
2090        1244        1        2
2090        1296        1        2
2090        1349        1        2
2090        1376        1        2
2090        1429        1        2
2117        1455        1        2
2117        1508        1        2
2090        1561        1        2
2090        1588        1        2
2090        1640        1        2
2090        1667        1        2
2090        1693        1        2
2090        1746        1        2
2090        1773        1        2
2090        1799        1        2
2090        1826        1        2
2090        1852        1        2
2117        1852        1        2
2117        1879        1        2
2117        1905        1        2
2090        1905        1        2
2090        1931        1        2
2090        1958        1        2
2064        1958        1        2
2064        1984        1        2
2064        2011        1        2
2037        2037        1        2
2037        2064        1        2
2011        2064        1        2
2011        2090        1        2
1984        2117        1        2
1984        2143        1        2
1984        2170        1        2
2011        2170        1        2
2037        2170        1        2
2064        2170        1        2
2090        2170        1        2
2117        2170        1        2
2143        2170        1        2
2170        2170        1        2
2196        2170        1        2
2196        2196        1        2
2223        2196        1        2
2249        2196        1        2
2249        2223        1        2
2275        2249        1        2
2275        2275        1        2
2302        2302        1        2
2302        2328        1        2
2302        2381        1        2
2302        2408        1        2
2302        2461        1        2
2302        2487        1        2
2302        2514        1        2
2302        2566        1        2
2275        2593        1        2
2275        2619        1        2
2249        2646        1        2
2249        2672        1        2
2223        2699        1        2
2196        2725        1        2
2170        2725        1        2
2143        2725        1        2
2117        2725        1        2
2090        2725        1        2
2090        2699        1        2
2090        2672        1        2
2090        2646        1        2
2117        2646        1        2
2117        2619        1        2
2143        2593        1        2
2196        2566        1        2
2223        2540        1        2
2275        2540        1        2
2302        2514        1        2
2355        2487        1        2
2381        2487        1        2
2434        2487        1        2
2461        2487        1        2
2487        2487        1        2
2514        2487        1        2
2540        2514        1        2
2566        2540        1        2
2593        2566        1        2
2619        2566        1        2
2646        2619        1        2
2672        2646        1        2
2699        2672        1        2
2725        2672        1        2
2752        2699        1        2
2752        2725        1        2
2778        2725        1        2
2778        2752        1        2
2805        2752        1        2
2831        2752        1        2
2805        2752        1        2
2805        2725        1        2
2805        2699        1        2
2805        2672        1        2
2805        2646        1        2
2778        2593        1        2
2778        2566        1        2
2778        2487        1        2
2752        2434        1        2
2752        2355        1        2
2752        2302        1        2
2752        2223        1        2
2725        2143        1        2
2725        2090        1        2
2725        2037        1        2
2699        1958        1        2
2699        1905        1        2
2699        1826        1        2
2672        1773        1        2
2672        1720        1        2
2646        1667        1        2
2646        1614        1        2
2646        1588        1        2
2646        1535        1        2
2646        1482        1        2
2646        1455        1        2
2646        1402        1        2
2619        1376        1        2
2619        1349        1        2
2619        1296        1        2
2619        1270        1        2
2619        1217        1        2
2619        1191        1        2
2619        1164        1        2
2619        1138        1        2
2619        1111        1        2
2646        1085        1        2
2646        1058        1        2
2646        1032        1        2
2646        1005        1        2
2646         979        1        2
PEN_UP                  0
PEN_DOWN
2037        1085        1        3
2064        1111        1        3
2090        1111        1        3
2117        1111        1        3
2170        1111        1        3
2223        1111        1        3
2275        1111        1        3
2328        1111        1        3
2381        1111        1        3
2461        1111        1        3
2514        1111        1        3
2593        1111        1        3
2646        1111        1        3
2699        1111        1        3
2752        1111        1        3
2805        1111        1        3
2831        1111        1        3
2858        1111        1        3
2884        1111        1        3
2910        1111        1        3
2937        1138        1        3
2963        1138        1        3
PEN_UP                  0
END_CHARACTER: SM
