CHARACTER_NAME: NGG
STROKE_COUNT: 3
  X           Y   STYLUS_STATE STROKE
PEN_DOWN
1799        1561        1        1
1826        1561        1        1
1826        1535        1        1
1852        1535        1        1
1826        1561        1        1
1799        1561        1        1
1799        1588        1        1
1773        1588        1        1
1773        1614        1        1
1746        1614        1        1
1746        1588        1        1
1746        1561        1        1
1773        1561        1        1
1773        1535        1        1
1799        1508        1        1
1826        1482        1        1
1852        1482        1        1
1879        1482        1        1
1905        1482        1        1
1931        1482        1        1
1958        1455        1        1
1984        1455        1        1
1984        1482        1        1
2011        1482        1        1
2037        1482        1        1
2037        1508        1        1
2037        1535        1        1
2064        1535        1        1
2064        1561        1        1
2037        1588        1        1
2037        1640        1        1
2037        1667        1        1
2037        1693        1        1
2011        1720        1        1
1984        1773        1        1
1984        1799        1        1
1958        1852        1        1
1905        1879        1        1
1879        1905        1        1
1852        1958        1        1
1799        1984        1        1
1773        2011        1        1
1746        2037        1        1
1720        2090        1        1
1667        2117        1        1
1640        2143        1        1
1614        2170        1        1
1588        2223        1        1
1561        2249        1        1
1535        2275        1        1
1508        2328        1        1
1482        2355        1        1
1455        2381        1        1
1429        2408        1        1
1402        2434        1        1
1429        2434        1        1
1429        2408        1        1
1455        2381        1        1
1482        2355        1        1
1508        2328        1        1
1535        2302        1        1
1561        2275        1        1
1588        2275        1        1
1614        2249        1        1
1640        2223        1        1
1667        2196        1        1
1693        2196        1        1
1720        2170        1        1
1773        2143        1        1
1799        2117        1        1
1852        2090        1        1
1879        2090        1        1
1931        2064        1        1
1958        2037        1        1
2011        2011        1        1
2037        1984        1        1
2064        1958        1        1
2117        1958        1        1
2143        1931        1        1
2170        1905        1        1
2196        1905        1        1
2223        1879        1        1
2249        1879        1        1
2275        1852        1        1
2302        1852        1        1
2302        1826        1        1
2328        1826        1        1
2355        1826        1        1
2355        1799        1        1
2381        1799        1        1
2381        1773        1        1
2408        1773        1        1
2408        1799        1        1
2381        1799        1        1
2381        1826        1        1
2355        1852        1        1
2355        1879        1        1
2328        1905        1        1
2302        1958        1        1
2275        2011        1        1
2275        2037        1        1
2249        2090        1        1
2223        2143        1        1
2223        2196        1        1
2223        2249        1        1
2223        2275        1        1
2223        2328        1        1
2223        2355        1        1
2249        2381        1        1
2275        2408        1        1
2302        2434        1        1
2328        2434        1        1
2355        2461        1        1
2381        2461        1        1
2408        2461        1        1
2434        2487        1        1
2461        2487        1        1
PEN_UP                  0
PEN_DOWN
2249        1376        1        2
2249        1402        1        2
2275        1402        1        2
2275        1429        1        2
2275        1455        1        2
2302        1482        1        2
2302        1508        1        2
2328        1535        1        2
2328        1561        1        2
2355        1588        1        2
2355        1614        1        2
2381        1614        1        2
2381        1640        1        2
2408        1640        1        2
2434        1667        1        2
2461        1667        1        2
2461        1693        1        2
2487        1693        1        2
2514        1693        1        2
2540        1693        1        2
2566        1693        1        2
2593        1693        1        2
2593        1667        1        2
2619        1667        1        2
2646        1667        1        2
2646        1640        1        2
2672        1614        1        2
2699        1588        1        2
2725        1561        1        2
2752        1535        1        2
2778        1482        1        2
2805        1455        1        2
2805        1429        1        2
2831        1402        1        2
2858        1376        1        2
2858        1349        1        2
2831        1349        1        2
PEN_UP                  0
PEN_DOWN
1138        1270        1        3
1164        1270        1        3
1191        1296        1        3
1217        1296        1        3
1244        1296        1        3
1270        1296        1        3
1323        1296        1        3
1349        1296        1        3
1402        1296        1        3
1455        1296        1        3
1508        1296        1        3
1561        1296        1        3
1614        1296        1        3
1667        1296        1        3
1720        1296        1        3
1773        1296        1        3
1826        1296        1        3
1852        1296        1        3
1905        1296        1        3
1931        1296        1        3
1984        1296        1        3
2011        1296        1        3
2037        1296        1        3
2090        1296        1        3
2117        1296        1        3
2143        1296        1        3
2196        1296        1        3
2223        1296        1        3
2275        1270        1        3
2302        1270        1        3
2355        1270        1        3
2381        1270        1        3
2408        1270        1        3
2434        1270        1        3
2487        1270        1        3
2514        1244        1        3
2540        1244        1        3
2566        1244        1        3
2593        1244        1        3
2619        1244        1        3
2646        1244        1        3
2672        1244        1        3
2725        1244        1        3
2752        1244        1        3
2805        1244        1        3
2831        1244        1        3
2884        1244        1        3
2910        1217        1        3
2937        1217        1        3
2990        1217        1        3
3016        1217        1        3
3043        1217        1        3
3069        1217        1        3
3096        1217        1        3
3122        1217        1        3
3149        1217        1        3
3201        1217        1        3
3228        1191        1        3
3254        1191        1        3
3281        1191        1        3
3307        1191        1        3
3334        1191        1        3
3360        1191        1        3
3334        1164        1        3
PEN_UP                  0
END_CHARACTER: NGG
