CHARACTER_NAME: NGK
STROKE_COUNT: 4
  X           Y   STYLUS_STATE STROKE
PEN_DOWN
1561        1826        1        1
1561        1852        1        1
1535        1879        1        1
1508        1879        1        1
1482        1905        1        1
1455        1905        1        1
1429        1905        1        1
1429        1879        1        1
1429        1852        1        1
1429        1826        1        1
1455        1826        1        1
1455        1799        1        1
1482        1799        1        1
1508        1799        1        1
1508        1773        1        1
1535        1773        1        1
1561        1773        1        1
1588        1746        1        1
1614        1746        1        1
1640        1746        1        1
1667        1746        1        1
1693        1746        1        1
1720        1720        1        1
1746        1720        1        1
1773        1720        1        1
1799        1720        1        1
1826        1746        1        1
1852        1746        1        1
1879        1746        1        1
1905        1773        1        1
1931        1773        1        1
1958        1773        1        1
1984        1773        1        1
1984        1799        1        1
2011        1799        1        1
2037        1799        1        1
2037        1826        1        1
2064        1826        1        1
2090        1852        1        1
2117        1852        1        1
2117        1879        1        1
2143        1879        1        1
2170        1905        1        1
2170        1931        1        1
2196        1931        1        1
2223        1958        1        1
2223        1984        1        1
2249        1984        1        1
2249        2011        1        1
2275        2037        1        1
2275        2064        1        1
2275        2037        1        1
2275        2011        1        1
2275        1984        1        1
2275        1958        1        1
2249        1958        1        1
PEN_UP                  0
PEN_DOWN
2302        2011        1        2
2302        2037        1        2
2275        2037        1        2
2275        2064        1        2
2249        2064        1        2
2223        2090        1        2
2223        2117        1        2
2196        2143        1        2
2170        2170        1        2
2143        2196        1        2
2117        2249        1        2
2064        2302        1        2
2037        2328        1        2
1984        2381        1        2
1958        2434        1        2
1905        2461        1        2
1879        2514        1        2
1852        2540        1        2
1826        2593        1        2
1799        2619        1        2
1773        2646        1        2
1773        2672        1        2
1746        2672        1        2
1746        2699        1        2
1746        2725        1        2
1773        2725        1        2
1773        2752        1        2
1799        2752        1        2
1826        2752        1        2
1852        2752        1        2
1905        2752        1        2
1931        2752        1        2
1984        2778        1        2
2011        2778        1        2
2064        2778        1        2
2090        2778        1        2
2143        2805        1        2
2170        2805        1        2
2196        2831        1        2
2223        2831        1        2
2249        2858        1        2
2275        2858        1        2
2275        2884        1        2
2302        2910        1        2
2328        2937        1        2
2328        2963        1        2
2355        2963        1        2
2355        2990        1        2
2355        2963        1        2
2355        2937        1        2
2355        2910        1        2
2355        2858        1        2
2355        2831        1        2
2355        2778        1        2
2355        2725        1        2
2355        2672        1        2
2355        2593        1        2
2328        2540        1        2
2328        2487        1        2
2328        2434        1        2
2328        2355        1        2
2328        2302        1        2
2328        2249        1        2
2328        2223        1        2
2328        2170        1        2
2328        2143        1        2
2328        2117        1        2
2328        2090        1        2
2328        2064        1        2
2328        2037        1        2
2355        2037        1        2
2355        2011        1        2
2355        1984        1        2
2328        2011        1        2
2355        2011        1        2
2355        2037        1        2
2381        2037        1        2
2381        2064        1        2
2408        2064        1        2
2434        2090        1        2
2461        2090        1        2
2487        2117        1        2
2540        2117        1        2
2566        2143        1        2
2593        2170        1        2
2619        2170        1        2
2646        2196        1        2
2672        2223        1        2
2699        2249        1        2
2699        2275        1        2
2725        2328        1        2
2725        2355        1        2
2725        2381        1        2
2725        2408        1        2
2699        2461        1        2
2699        2487        1        2
2672        2514        1        2
2672        2540        1        2
2646        2540        1        2
2619        2566        1        2
2593        2566        1        2
2566        2566        1        2
2540        2566        1        2
2540        2540        1        2
2514        2514        1        2
2514        2461        1        2
2487        2434        1        2
2487        2408        1        2
2514        2381        1        2
2514        2355        1        2
2514        2328        1        2
2514        2302        1        2
PEN_UP                  0
PEN_DOWN
2090        1482        1        3
2117        1482        1        3
2117        1508        1        3
2117        1535        1        3
2117        1561        1        3
2143        1561        1        3
2143        1588        1        3
2143        1614        1        3
2170        1614        1        3
2170        1640        1        3
2196        1667        1        3
2196        1693        1        3
2223        1720        1        3
2249        1720        1        3
2249        1746        1        3
2275        1746        1        3
2275        1773        1        3
2302        1773        1        3
2302        1799        1        3
2328        1799        1        3
2355        1799        1        3
2355        1826        1        3
2381        1826        1        3
2408        1799        1        3
2434        1799        1        3
2461        1773        1        3
2487        1773        1        3
2514        1746        1        3
2540        1720        1        3
2566        1693        1        3
2566        1667        1        3
2593        1640        1        3
2593        1614        1        3
2593        1588        1        3
2619        1561        1        3
2619        1535        1        3
2593        1508        1        3
2593        1482        1        3
2593        1455        1        3
2593        1429        1        3
2593        1402        1        3
2593        1376        1        3
2593        1402        1        3
PEN_UP                  0
PEN_DOWN
1191        1323        1        4
1217        1323        1        4
1217        1349        1        4
1244        1349        1        4
1270        1349        1        4
1296        1349        1        4
1323        1349        1        4
1349        1349        1        4
1402        1349        1        4
1455        1349        1        4
1508        1349        1        4
1561        1349        1        4
1614        1349        1        4
1693        1349        1        4
1746        1349        1        4
1773        1349        1        4
1826        1349        1        4
1879        1349        1        4
1905        1349        1        4
1958        1349        1        4
1984        1349        1        4
2037        1349        1        4
2064        1349        1        4
2090        1349        1        4
2143        1349        1        4
2170        1349        1        4
2196        1349        1        4
2249        1349        1        4
2275        1349        1        4
2328        1349        1        4
2355        1376        1        4
2381        1349        1        4
2434        1349        1        4
2461        1349        1        4
2487        1349        1        4
2514        1349        1        4
2566        1349        1        4
2593        1349        1        4
2619        1349        1        4
2646        1349        1        4
2699        1349        1        4
2725        1349        1        4
2778        1349        1        4
2805        1349        1        4
2858        1349        1        4
2910        1349        1        4
2937        1349        1        4
2990        1349        1        4
3043        1349        1        4
3069        1349        1        4
3122        1349        1        4
3149        1349        1        4
3201        1349        1        4
3228        1349        1        4
3254        1323        1        4
3281        1323        1        4
3307        1323        1        4
3360        1323        1        4
3387        1323        1        4
3413        1323        1        4
3440        1323        1        4
3466        1323        1        4
3493        1323        1        4
3493        1349        1        4
PEN_UP                  0
END_CHARACTER: NGK
