CHARACTER_NAME: DGH
STROKE_COUNT: 3
  X           Y   STYLUS_STATE STROKE
PEN_DOWN
1217        1111        1        1
1217        1138        1        1
1217        1164        1        1
1191        1191        1        1
1191        1217        1        1
1191        1270        1        1
1191        1323        1        1
1191        1349        1        1
1164        1402        1        1
1164        1455        1        1
1164        1508        1        1
1164        1561        1        1
1164        1588        1        1
1164        1640        1        1
1164        1693        1        1
1164        1720        1        1
1164        1773        1        1
1164        1799        1        1
1164        1826        1        1
1164        1879        1        1
1164        1905        1        1
1164        1931        1        1
1164        1958        1        1
1164        1984        1        1
1164        2011        1        1
1164        2037        1        1
1138        2037        1        1
1138        2064        1        1
1164        2064        1        1
1164        2037        1        1
1191        2037        1        1
1217        2011        1        1
1244        1984        1        1
1296        1958        1        1
1323        1931        1        1
1376        1931        1        1
1402        1905        1        1
1455        1879        1        1
1482        1852        1        1
1535        1826        1        1
1561        1826        1        1
1588        1799        1        1
1614        1773        1        1
1640        1773        1        1
1667        1746        1        1
1693        1720        1        1
1720        1693        1        1
1746        1693        1        1
1773        1667        1        1
1799        1667        1        1
1799        1640        1        1
1799        1667        1        1
1773        1693        1        1
1773        1720        1        1
1746        1746        1        1
1720        1773        1        1
1720        1799        1        1
1693        1852        1        1
1667        1905        1        1
1640        1984        1        1
1614        2037        1        1
1588        2117        1        1
1588        2196        1        1
1561        2249        1        1
1588        2328        1        1
1588        2381        1        1
1614        2434        1        1
1614        2487        1        1
1640        2540        1        1
1667        2593        1        1
1693        2646        1        1
1720        2672        1        1
1720        2699        1        1
1746        2725        1        1
1773        2725        1        1
1799        2725        1        1
PEN_UP                  0
PEN_DOWN
2037        1032        1        2
2011        1032        1        2
2011        1058        1        2
1984        1058        1        2
1958        1058        1        2
1931        1058        1        2
1931        1085        1        2
1905        1085        1        2
1905        1111        1        2
1879        1111        1        2
1879        1138        1        2
1852        1138        1        2
1852        1164        1        2
1826        1191        1        2
1826        1217        1        2
1799        1244        1        2
1773        1270        1        2
1773        1296        1        2
1746        1323        1        2
1746        1349        1        2
1720        1376        1        2
1720        1402        1        2
1720        1429        1        2
1693        1429        1        2
1693        1455        1        2
1693        1482        1        2
1693        1508        1        2
1693        1535        1        2
1693        1561        1        2
1693        1588        1        2
1693        1614        1        2
1693        1640        1        2
1693        1667        1        2
1720        1693        1        2
1720        1720        1        2
1746        1720        1        2
1746        1746        1        2
1773        1773        1        2
1799        1773        1        2
1826        1773        1        2
1852        1773        1        2
1879        1773        1        2
1905        1773        1        2
1931        1773        1        2
1958        1773        1        2
1984        1746        1        2
2011        1746        1        2
2037        1746        1        2
2064        1720        1        2
2090        1720        1        2
2117        1720        1        2
2117        1693        1        2
2143        1693        1        2
2170        1693        1        2
2170        1720        1        2
2170        1746        1        2
2143        1746        1        2
2143        1773        1        2
2117        1799        1        2
2117        1826        1        2
2090        1879        1        2
2064        1905        1        2
2064        1931        1        2
2037        1984        1        2
2037        2011        1        2
2011        2037        1        2
2011        2064        1        2
1984        2090        1        2
1984        2117        1        2
1958        2143        1        2
1958        2170        1        2
1958        2196        1        2
1984        2196        1        2
2011        2196        1        2
2037        2196        1        2
2037        2170        1        2
2064        2170        1        2
2090        2170        1        2
2117        2170        1        2
2143        2170        1        2
2170        2170        1        2
2223        2196        1        2
2249        2196        1        2
2275        2196        1        2
2302        2196        1        2
2355        2223        1        2
2381        2223        1        2
2408        2249        1        2
2434        2275        1        2
2461        2275        1        2
2487        2302        1        2
2514        2328        1        2
2540        2355        1        2
2566        2381        1        2
2593        2408        1        2
2619        2434        1        2
2646        2434        1        2
2646        2461        1        2
2672        2487        1        2
2699        2514        1        2
2725        2514        1        2
2725        2540        1        2
2725        2566        1        2
2752        2566        1        2
2752        2593        1        2
2778        2619        1        2
2778        2646        1        2
2805        2646        1        2
2805        2672        1        2
2805        2646        1        2
2805        2619        1        2
2805        2593        1        2
2778        2566        1        2
2778        2514        1        2
2778        2461        1        2
2778        2408        1        2
2778        2355        1        2
2752        2275        1        2
2752        2223        1        2
2752        2170        1        2
2752        2117        1        2
2752        2064        1        2
2752        2011        1        2
2752        1958        1        2
2752        1905        1        2
2725        1852        1        2
2725        1799        1        2
2725        1746        1        2
2725        1693        1        2
2725        1640        1        2
2725        1588        1        2
2725        1535        1        2
2699        1482        1        2
2699        1455        1        2
2699        1429        1        2
2699        1376        1        2
2699        1349        1        2
2699        1323        1        2
2699        1296        1        2
2699        1244        1        2
2699        1217        1        2
2699        1191        1        2
2699        1138        1        2
2672        1111        1        2
2672        1085        1        2
2672        1058        1        2
2672        1032        1        2
PEN_UP                  0
PEN_DOWN
1032        1058        1        3
1058        1058        1        3
1085        1058        1        3
1111        1058        1        3
1138        1058        1        3
1164        1058        1        3
1217        1058        1        3
1244        1058        1        3
1270        1058        1        3
1323        1032        1        3
1349        1032        1        3
1402        1032        1        3
1455        1032        1        3
1482        1032        1        3
1535        1032        1        3
1588        1032        1        3
1614        1032        1        3
1667        1032        1        3
1720        1032        1        3
1746        1032        1        3
1799        1032        1        3
1826        1032        1        3
1879        1032        1        3
1931        1032        1        3
1958        1032        1        3
2011        1032        1        3
2037        1032        1        3
2090        1032        1        3
2117        1032        1        3
2143        1032        1        3
2196        1032        1        3
2223        1032        1        3
2249        1032        1        3
2302        1032        1        3
2328        1032        1        3
2355        1032        1        3
2381        1032        1        3
2408        1032        1        3
2434        1032        1        3
2487        1032        1        3
2514        1032        1        3
2566        1032        1        3
2619        1032        1        3
2646        1005        1        3
2699        1005        1        3
2725        1005        1        3
2752        1032        1        3
2778        1032        1        3
2805        1032        1        3
2831        1032        1        3
2858        1032        1        3
2884        1032        1        3
2910        1032        1        3
2937        1032        1        3
2963        1032        1        3
2990        1032        1        3
3016        1032        1        3
3043        1032        1        3
3069        1032        1        3
3096        1032        1        3
3122        1032        1        3
PEN_UP                  0
END_CHARACTER: DGH
