CHARACTER_NAME: NGH
STROKE_COUNT: 4
  X           Y   STYLUS_STATE STROKE
PEN_DOWN
1535        1005        1        1
1535        1032        1        1
1561        1032        1        1
1561        1058        1        1
1588        1058        1        1
1614        1058        1        1
1614        1085        1        1
1640        1085        1        1
1640        1111        1        1
1667        1138        1        1
1667        1164        1        1
1693        1164        1        1
1693        1191        1        1
1720        1191        1        1
1720        1217        1        1
1746        1217        1        1
1773        1244        1        1
1799        1244        1        1
1826        1270        1        1
1852        1270        1        1
1879        1270        1        1
1905        1270        1        1
1931        1244        1        1
1958        1244        1        1
1984        1244        1        1
2011        1244        1        1
2011        1217        1        1
2037        1217        1        1
2064        1191        1        1
2090        1191        1        1
2117        1164        1        1
2117        1138        1        1
2143        1111        1        1
2143        1085        1        1
2170        1058        1        1
2170        1032        1        1
2170        1005        1        1
2170         979        1        1
2143         953        1        1
2143         926        1        1
2117         926        1        1
2090         926        1        1
2090         953        1        1
2064         953        1        1
2037         979        1        1
2011        1032        1        1
1984        1058        1        1
1984        1085        1        1
1958        1138        1        1
1958        1191        1        1
1931        1244        1        1
1931        1296        1        1
1905        1323        1        1
1905        1376        1        1
1905        1429        1        1
1905        1455        1        1
1905        1482        1        1
1905        1535        1        1
1905        1561        1        1
1905        1588        1        1
1905        1614        1        1
1905        1588        1        1
1931        1588        1        1
1958        1561        1        1
1984        1561        1        1
2011        1561        1        1
2037        1561        1        1
2064        1561        1        1
2090        1561        1        1
2090        1588        1        1
2117        1588        1        1
2117        1614        1        1
2143        1614        1        1
2143        1640        1        1
2117        1667        1        1
2117        1693        1        1
2117        1720        1        1
2090        1746        1        1
2090        1773        1        1
2064        1773        1        1
2037        1799        1        1
2011        1826        1        1
1984        1852        1        1
1958        1852        1        1
1931        1879        1        1
1905        1879        1        1
1852        1879        1        1
1826        1852        1        1
1773        1852        1        1
1720        1826        1        1
1667        1799        1        1
1614        1746        1        1
1561        1720        1        1
1508        1693        1        1
1482        1640        1        1
1429        1614        1        1
1402        1588        1        1
1402        1561        1        1
1376        1561        1        1
1349        1535        1        1
1323        1508        1        1
PEN_UP                  0
PEN_DOWN
2223        1667        1        2
2223        1693        1        2
PEN_UP                  0
PEN_DOWN
2461        1005        1        3
2434        1005        1        3
2408        1005        1        3
2381        1005        1        3
2381        1032        1        3
2355        1032        1        3
2328        1032        1        3
2302        1032        1        3
2302        1058        1        3
2275        1058        1        3
2249        1058        1        3
2249        1085        1        3
2223        1085        1        3
2223        1111        1        3
2196        1111        1        3
2170        1138        1        3
2143        1164        1        3
2143        1191        1        3
2117        1191        1        3
2117        1217        1        3
2117        1244        1        3
2090        1244        1        3
2090        1270        1        3
2090        1296        1        3
2090        1323        1        3
2090        1349        1        3
2117        1376        1        3
2117        1402        1        3
2117        1429        1        3
2143        1429        1        3
2143        1455        1        3
2170        1455        1        3
2170        1482        1        3
2196        1482        1        3
2196        1508        1        3
2223        1508        1        3
2249        1508        1        3
2275        1508        1        3
2302        1482        1        3
2328        1482        1        3
2355        1482        1        3
2381        1482        1        3
2408        1482        1        3
2434        1482        1        3
2461        1482        1        3
2461        1455        1        3
2461        1482        1        3
2487        1482        1        3
2461        1482        1        3
2434        1508        1        3
2408        1535        1        3
2381        1561        1        3
2355        1561        1        3
2328        1588        1        3
2302        1640        1        3
2275        1667        1        3
2249        1693        1        3
2196        1720        1        3
2170        1746        1        3
2170        1773        1        3
2143        1799        1        3
2117        1799        1        3
2117        1826        1        3
2090        1852        1        3
2117        1826        1        3
2143        1826        1        3
2170        1826        1        3
2196        1826        1        3
2223        1799        1        3
2275        1799        1        3
2328        1799        1        3
2355        1799        1        3
2434        1799        1        3
2487        1826        1        3
2540        1826        1        3
2619        1826        1        3
2672        1852        1        3
2699        1852        1        3
2752        1879        1        3
2778        1905        1        3
2805        1931        1        3
2831        1958        1        3
2858        1984        1        3
2884        2011        1        3
2884        2037        1        3
2910        2064        1        3
2910        2090        1        3
2937        2117        1        3
2910        2090        1        3
2910        2064        1        3
2910        2037        1        3
2910        2011        1        3
2910        1958        1        3
2910        1905        1        3
2910        1852        1        3
2884        1799        1        3
2884        1746        1        3
2884        1667        1        3
2884        1614        1        3
2884        1535        1        3
2858        1455        1        3
2858        1376        1        3
2858        1296        1        3
2858        1217        1        3
2858        1164        1        3
2858        1111        1        3
2858        1058        1        3
2858        1032        1        3
2858        1005        1        3
2858         979        1        3
2858        1005        1        3
PEN_UP                  0
PEN_DOWN
2355        1032        1        4
2381        1032        1        4
2408        1032        1        4
2434        1032        1        4
2461        1032        1        4
2487        1005        1        4
2540        1005        1        4
2566        1005        1        4
2619        1005        1        4
2646        1005        1        4
2699        1005        1        4
2752        1005        1        4
2778         979        1        4
2831         979        1        4
2858         979        1        4
2910         979        1        4
2937         979        1        4
2990         979        1        4
3043         979        1        4
3069         979        1        4
3122         953        1        4
3149         953        1        4
3201         953        1        4
3228         953        1        4
3254         953        1        4
3307         953        1        4
3334         953        1        4
3360         953        1        4
3387         953        1        4
3413         953        1        4
3413         926        1        4
3440         926        1        4
PEN_UP                  0
END_CHARACTER: NGH
