CHARACTER_NAME: BB
STROKE_COUNT: 4
  X           Y   STYLUS_STATE STROKE
PEN_DOWN
2143        1058        1        1
2117        1058        1        1
2117        1085        1        1
2090        1085        1        1
2090        1111        1        1
2064        1111        1        1
2037        1138        1        1
2011        1164        1        1
1984        1191        1        1
1958        1217        1        1
1905        1244        1        1
1879        1270        1        1
1826        1296        1        1
1773        1349        1        1
1720        1376        1        1
1667        1402        1        1
1640        1429        1        1
1588        1455        1        1
1535        1482        1        1
1508        1508        1        1
1482        1508        1        1
1429        1535        1        1
1402        1561        1        1
1376        1561        1        1
1349        1588        1        1
1323        1588        1        1
1296        1588        1        1
1270        1614        1        1
1244        1614        1        1
1244        1640        1        1
1270        1640        1        1
1296        1640        1        1
1323        1640        1        1
1349        1640        1        1
1402        1640        1        1
1429        1640        1        1
1482        1640        1        1
1508        1667        1        1
1561        1667        1        1
1614        1667        1        1
1640        1693        1        1
1667        1693        1        1
1720        1720        1        1
1746        1720        1        1
1773        1746        1        1
1799        1746        1        1
1826        1773        1        1
1852        1799        1        1
1879        1826        1        1
1905        1826        1        1
1931        1852        1        1
1958        1879        1        1
1984        1879        1        1
PEN_UP                  0
PEN_DOWN
2170        1058        1        2
2143        1085        1        2
2143        1111        1        2
2143        1138        1        2
2143        1164        1        2
2143        1191        1        2
2143        1217        1        2
2143        1244        1        2
2143        1270        1        2
2143        1296        1        2
2143        1323        1        2
2143        1376        1        2
2143        1402        1        2
2143        1429        1        2
2143        1455        1        2
2170        1482        1        2
2170        1508        1        2
2170        1535        1        2
2170        1561        1        2
2170        1588        1        2
2170        1614        1        2
2143        1614        1        2
PEN_UP                  0
PEN_DOWN
2249        1588        1        3
2223        1614        1        3
2196        1614        1        3
2170        1640        1        3
2143        1640        1        3
2117        1667        1        3
2090        1693        1        3
2064        1720        1        3
2037        1746        1        3
2011        1773        1        3
1984        1826        1        3
1958        1852        1        3
1931        1905        1        3
1879        1931        1        3
1852        1984        1        3
1799        2037        1        3
1773        2064        1        3
1720        2117        1        3
1693        2170        1        3
1667        2196        1        3
1614        2223        1        3
1588        2249        1        3
1561        2275        1        3
1561        2302        1        3
1535        2302        1        3
1508        2328        1        3
1482        2355        1        3
1455        2355        1        3
1455        2381        1        3
1482        2381        1        3
1508        2381        1        3
1535        2381        1        3
1561        2381        1        3
1588        2381        1        3
1640        2381        1        3
1693        2381        1        3
1720        2408        1        3
1773        2408        1        3
1826        2408        1        3
1852        2434        1        3
1905        2434        1        3
1958        2461        1        3
1984        2487        1        3
2011        2514        1        3
2037        2540        1        3
2090        2566        1        3
2117        2593        1        3
2143        2593        1        3
2143        2619        1        3
2170        2646        1        3
2196        2646        1        3
2196        2672        1        3
2223        2699        1        3
2223        2672        1        3
2223        2646        1        3
2223        2619        1        3
2223        2593        1        3
2196        2540        1        3
2196        2514        1        3
2196        2434        1        3
2196        2381        1        3
2196        2302        1        3
2196        2249        1        3
2170        2170        1        3
2170        2117        1        3
2170        2037        1        3
2170        1984        1        3
2170        1931        1        3
2170        1879        1        3
2170        1826        1        3
2170        1773        1        3
2170        1746        1        3
2170        1720        1        3
2170        1693        1        3
2170        1667        1        3
2170        1640        1        3
2170        1614        1        3
PEN_UP                  0
PEN_DOWN
1349        1058        1        4
1376        1085        1        4
1429        1085        1        4
1455        1085        1        4
1508        1085        1        4
1561        1085        1        4
1614        1085        1        4
1693        1085        1        4
1746        1058        1        4
1799        1058        1        4
1879        1058        1        4
1931        1058        1        4
1984        1058        1        4
2037        1058        1        4
2117        1058        1        4
2170        1058        1        4
2223        1058        1        4
2275        1085        1        4
2355        1085        1        4
2408        1058        1        4
2487        1058        1        4
2540        1058        1        4
2619        1058        1        4
2672        1058        1        4
2752        1058        1        4
2805        1058        1        4
2858        1058        1        4
2884        1058        1        4
2910        1085        1        4
2937        1085        1        4
2963        1085        1        4
2990        1085        1        4
2963        1058        1        4
PEN_UP                  0
END_CHARACTER: BB
