CHARACTER_NAME: DRR
STROKE_COUNT: 2
  X           Y   STYLUS_STATE STROKE
PEN_DOWN
1614        1323        1        1
1614        1349        1        1
1614        1376        1        1
1614        1402        1        1
1614        1429        1        1
1614        1455        1        1
1614        1482        1        1
1614        1508        1        1
1614        1561        1        1
1614        1588        1        1
1614        1614        1        1
1614        1667        1        1
1614        1693        1        1
1614        1746        1        1
1614        1773        1        1
1614        1826        1        1
1614        1852        1        1
1614        1905        1        1
1614        1931        1        1
1588        1958        1        1
1588        2011        1        1
1588        2037        1        1
1588        2064        1        1
1588        2090        1        1
1588        2117        1        1
1588        2143        1        1
1614        2143        1        1
1640        2117        1        1
1640        2090        1        1
1667        2090        1        1
1693        2064        1        1
1720        2064        1        1
1746        2037        1        1
1799        2011        1        1
1826        1984        1        1
1879        1958        1        1
1905        1931        1        1
1958        1905        1        1
2011        1879        1        1
2037        1879        1        1
2090        1852        1        1
2117        1852        1        1
2143        1826        1        1
2170        1799        1        1
2170        1826        1        1
2170        1852        1        1
2170        1879        1        1
2143        1879        1        1
2143        1905        1        1
2117        1958        1        1
2090        1984        1        1
2090        2037        1        1
2064        2090        1        1
2064        2143        1        1
2037        2196        1        1
2037        2249        1        1
2037        2302        1        1
2011        2328        1        1
2011        2381        1        1
2011        2434        1        1
2037        2461        1        1
2037        2487        1        1
2037        2540        1        1
2037        2566        1        1
2064        2593        1        1
2064        2619        1        1
2064        2646        1        1
2064        2672        1        1
2064        2646        1        1
2090        2672        1        1
2090        2699        1        1
2090        2725        1        1
2090        2752        1        1
2090        2778        1        1
2090        2805        1        1
2090        2831        1        1
2090        2858        1        1
2090        2884        1        1
2090        2910        1        1
2090        2884        1        1
2064        2884        1        1
2064        2858        1        1
2037        2831        1        1
2037        2805        1        1
2011        2805        1        1
1984        2778        1        1
1984        2805        1        1
1958        2805        1        1
1931        2805        1        1
1905        2831        1        1
1879        2858        1        1
1852        2858        1        1
1826        2884        1        1
1799        2884        1        1
1773        2910        1        1
1720        2937        1        1
1693        2963        1        1
1667        2963        1        1
1640        2990        1        1
1614        3016        1        1
1588        3043        1        1
1561        3043        1        1
1508        3069        1        1
1482        3069        1        1
1455        3069        1        1
1429        3069        1        1
1376        3043        1        1
1349        3043        1        1
1323        3016        1        1
1296        2990        1        1
1244        2963        1        1
1217        2937        1        1
1191        2910        1        1
1191        2858        1        1
1164        2831        1        1
1138        2805        1        1
1164        2778        1        1
1164        2725        1        1
1164        2699        1        1
PEN_UP                  0
PEN_DOWN
1323        1296        1        2
1323        1323        1        2
1349        1323        1        2
1376        1323        1        2
1429        1323        1        2
1455        1323        1        2
1508        1323        1        2
1561        1323        1        2
1640        1323        1        2
1720        1296        1        2
1773        1296        1        2
1852        1296        1        2
1931        1296        1        2
1984        1296        1        2
2064        1270        1        2
2117        1270        1        2
2196        1270        1        2
2249        1270        1        2
2302        1270        1        2
2355        1270        1        2
2408        1270        1        2
2434        1270        1        2
2487        1244        1        2
2514        1270        1        2
2540        1244        1        2
2566        1244        1        2
PEN_UP                  0
END_CHARACTER: DRR
