CHARACTER_NAME: DHRR
STROKE_COUNT: 4
  X           Y   STYLUS_STATE STROKE
PEN_DOWN
2381        1323        1        1
2355        1349        1        1
2328        1349        1        1
2328        1376        1        1
2302        1402        1        1
2275        1402        1        1
2249        1429        1        1
2223        1455        1        1
2196        1482        1        1
2170        1535        1        1
2117        1561        1        1
2090        1614        1        1
2037        1667        1        1
1984        1720        1        1
1931        1746        1        1
1905        1799        1        1
1852        1852        1        1
1826        1905        1        1
1799        1931        1        1
1773        1984        1        1
1746        2011        1        1
1720        2011        1        1
1720        2037        1        1
1693        2064        1        1
1667        2090        1        1
1640        2090        1        1
1667        2117        1        1
1693        2117        1        1
1693        2143        1        1
1720        2143        1        1
1746        2143        1        1
1773        2170        1        1
1799        2170        1        1
1826        2170        1        1
1852        2196        1        1
1879        2196        1        1
1905        2223        1        1
1958        2223        1        1
1984        2249        1        1
2011        2275        1        1
2064        2302        1        1
2090        2302        1        1
2117        2328        1        1
2143        2355        1        1
2196        2381        1        1
2223        2408        1        1
2249        2434        1        1
2275        2434        1        1
2302        2461        1        1
2328        2461        1        1
2328        2487        1        1
2355        2487        1        1
2381        2514        1        1
2408        2540        1        1
2434        2514        1        1
2408        2487        1        1
2408        2434        1        1
2408        2408        1        1
2381        2355        1        1
2381        2302        1        1
2381        2223        1        1
2381        2170        1        1
2381        2090        1        1
2381        2011        1        1
2355        1931        1        1
2355        1879        1        1
2355        1799        1        1
2355        1746        1        1
2355        1693        1        1
2355        1640        1        1
2355        1614        1        1
2355        1588        1        1
2355        1561        1        1
2355        1535        1        1
PEN_UP                  0
PEN_DOWN
1958        1614        1        2
1931        1614        1        2
1905        1614        1        2
1879        1588        1        2
1852        1588        1        2
1826        1588        1        2
1799        1561        1        2
1773        1561        1        2
1746        1535        1        2
1720        1508        1        2
1693        1482        1        2
1693        1455        1        2
1667        1429        1        2
1640        1402        1        2
1640        1376        1        2
1667        1349        1        2
1667        1323        1        2
1693        1296        1        2
1693        1270        1        2
1720        1244        1        2
1720        1217        1        2
1746        1217        1        2
1773        1217        1        2
1773        1244        1        2
1746        1244        1        2
1746        1270        1        2
1746        1296        1        2
1720        1296        1        2
1693        1323        1        2
1667        1349        1        2
1640        1349        1        2
1640        1376        1        2
1614        1376        1        2
1614        1349        1        2
1614        1323        1        2
1640        1296        1        2
1667        1270        1        2
1693        1270        1        2
1693        1244        1        2
PEN_UP                  0
PEN_DOWN
2434        2593        1        3
2434        2619        1        3
2408        2646        1        3
2408        2672        1        3
2408        2699        1        3
2408        2725        1        3
2408        2752        1        3
2408        2778        1        3
2408        2805        1        3
2408        2831        1        3
2408        2858        1        3
2408        2884        1        3
2408        2937        1        3
2408        2963        1        3
2408        2990        1        3
2408        3016        1        3
2408        3043        1        3
2408        3069        1        3
2408        3096        1        3
2381        3069        1        3
2355        3043        1        3
2328        3016        1        3
2328        2990        1        3
2302        2990        1        3
2275        2963        1        3
2249        2963        1        3
2223        2937        1        3
2196        2937        1        3
2170        2937        1        3
2143        2937        1        3
2117        2963        1        3
2090        2990        1        3
2064        2990        1        3
2037        3016        1        3
2011        3043        1        3
1984        3043        1        3
1931        3069        1        3
1905        3096        1        3
1879        3122        1        3
1826        3149        1        3
1799        3175        1        3
1773        3175        1        3
1720        3201        1        3
1693        3201        1        3
1640        3201        1        3
1614        3175        1        3
1561        3175        1        3
1535        3149        1        3
1482        3122        1        3
1455        3096        1        3
1402        3069        1        3
1376        3043        1        3
1376        2990        1        3
1349        2937        1        3
1323        2910        1        3
1323        2858        1        3
1349        2831        1        3
1349        2805        1        3
PEN_UP                  0
PEN_DOWN
2249        1429        1        4
2249        1455        1        4
2275        1455        1        4
2302        1455        1        4
2328        1429        1        4
2355        1429        1        4
2408        1429        1        4
2434        1429        1        4
2487        1429        1        4
2514        1455        1        4
2566        1455        1        4
2593        1455        1        4
2646        1455        1        4
2672        1455        1        4
2699        1455        1        4
2725        1455        1        4
2752        1455        1        4
2778        1455        1        4
2805        1455        1        4
2831        1455        1        4
2831        1429        1        4
PEN_UP                  0
END_CHARACTER: DHRR
