CHARACTER_NAME: CA
STROKE_COUNT: 2
  X           Y   STYLUS_STATE STROKE
PEN_DOWN
1588        1588        1        1
1588        1614        1        1
1588        1640        1        1
1588        1667        1        1
1588        1693        1        1
1588        1720        1        1
1588        1746        1        1
1588        1773        1        1
1588        1799        1        1
1614        1826        1        1
1614        1852        1        1
1588        1852        1        1
1588        1879        1        1
1588        1905        1        1
1588        1931        1        1
1588        1958        1        1
1588        1984        1        1
1588        2011        1        1
1588        2037        1        1
1588        2064        1        1
1588        2090        1        1
1588        2117        1        1
1588        2143        1        1
1588        2170        1        1
1588        2196        1        1
1614        2223        1        1
1614        2249        1        1
1614        2275        1        1
1614        2302        1        1
1614        2328        1        1
1614        2355        1        1
1614        2381        1        1
1640        2408        1        1
1640        2434        1        1
1640        2461        1        1
1640        2487        1        1
1640        2514        1        1
1640        2540        1        1
1640        2566        1        1
1667        2593        1        1
1667        2619        1        1
1667        2646        1        1
1667        2672        1        1
1667        2699        1        1
1693        2725        1        1
1693        2752        1        1
1693        2778        1        1
1693        2805        1        1
1720        2831        1        1
1720        2858        1        1
1720        2884        1        1
1746        2884        1        1
1746        2910        1        1
1773        2937        1        1
1773        2963        1        1
1799        2990        1        1
1826        2990        1        1
1826        3016        1        1
1852        3016        1        1
1879        3016        1        1
1905        3016        1        1
1931        3016        1        1
1958        2990        1        1
1984        2990        1        1
2037        2990        1        1
2064        2963        1        1
2090        2963        1        1
2117        2963        1        1
2143        2937        1        1
2170        2937        1        1
2196        2910        1        1
2223        2884        1        1
2249        2884        1        1
2249        2858        1        1
2275        2831        1        1
2302        2805        1        1
2328        2778        1        1
2328        2752        1        1
2355        2725        1        1
2381        2699        1        1
2381        2646        1        1
2408        2619        1        1
2408        2593        1        1
2434        2566        1        1
2434        2540        1        1
2434        2514        1        1
2461        2487        1        1
2461        2461        1        1
2461        2434        1        1
2461        2408        1        1
2487        2381        1        1
2487        2328        1        1
2487        2302        1        1
2487        2275        1        1
2487        2249        1        1
2487        2223        1        1
2487        2196        1        1
2461        2196        1        1
2461        2170        1        1
2461        2143        1        1
2434        2117        1        1
2434        2090        1        1
2408        2064        1        1
2381        2037        1        1
2355        2037        1        1
2328        2037        1        1
2328        2011        1        1
2302        2011        1        1
2275        2011        1        1
2249        2011        1        1
2223        2011        1        1
2223        2037        1        1
2196        2037        1        1
2170        2037        1        1
2143        2064        1        1
2117        2064        1        1
2090        2090        1        1
2064        2090        1        1
2064        2117        1        1
2037        2143        1        1
2011        2143        1        1
2011        2170        1        1
1984        2196        1        1
1958        2223        1        1
1931        2249        1        1
1931        2275        1        1
1905        2275        1        1
1879        2302        1        1
1852        2302        1        1
1852        2328        1        1
1826        2328        1        1
1799        2328        1        1
1773        2328        1        1
1746        2328        1        1
1720        2302        1        1
1693        2302        1        1
1667        2302        1        1
1640        2302        1        1
1614        2275        1        1
1588        2275        1        1
1561        2249        1        1
1535        2223        1        1
1508        2196        1        1
1508        2170        1        1
1508        2143        1        1
1482        2117        1        1
1508        2090        1        1
PEN_UP                  0
PEN_DOWN
1191        1535        1        2
1217        1535        1        2
1217        1561        1        2
1244        1561        1        2
1270        1561        1        2
1296        1588        1        2
1323        1588        1        2
1376        1588        1        2
1402        1588        1        2
1455        1588        1        2
1508        1588        1        2
1535        1588        1        2
1588        1588        1        2
1640        1588        1        2
1667        1588        1        2
1720        1588        1        2
1746        1588        1        2
1773        1588        1        2
1826        1588        1        2
1852        1588        1        2
1879        1561        1        2
1905        1561        1        2
1931        1561        1        2
1958        1561        1        2
2011        1561        1        2
2037        1561        1        2
2064        1561        1        2
2090        1561        1        2
2117        1561        1        2
2143        1561        1        2
2196        1561        1        2
2223        1535        1        2
2249        1535        1        2
2275        1535        1        2
2302        1535        1        2
2328        1535        1        2
2355        1535        1        2
2381        1535        1        2
2408        1535        1        2
2434        1535        1        2
2461        1535        1        2
2487        1535        1        2
2514        1535        1        2
2540        1508        1        2
2566        1508        1        2
2593        1508        1        2
2619        1508        1        2
2646        1508        1        2
2672        1508        1        2
2699        1508        1        2
2725        1508        1        2
2752        1508        1        2
2778        1508        1        2
2805        1508        1        2
PEN_UP                  0
END_CHARACTER: CA
