CHARACTER_NAME: TA
STROKE_COUNT: 2
  X           Y   STYLUS_STATE STROKE
PEN_DOWN
2302        1720        1        1
2302        1746        1        1
2302        1773        1        1
2275        1773        1        1
2275        1799        1        1
2249        1799        1        1
2223        1799        1        1
2196        1799        1        1
2196        1773        1        1
2170        1773        1        1
2170        1746        1        1
2196        1746        1        1
2196        1720        1        1
2223        1720        1        1
2223        1693        1        1
2249        1693        1        1
2275        1667        1        1
2302        1667        1        1
2328        1667        1        1
2355        1667        1        1
2381        1667        1        1
2408        1667        1        1
2408        1693        1        1
2434        1693        1        1
2434        1720        1        1
2461        1746        1        1
2487        1773        1        1
2487        1799        1        1
2514        1826        1        1
2514        1852        1        1
2540        1879        1        1
2540        1905        1        1
2540        1931        1        1
2566        1931        1        1
2566        1958        1        1
2566        1984        1        1
2566        2011        1        1
2566        2037        1        1
2566        2064        1        1
2566        2090        1        1
2566        2117        1        1
2566        2143        1        1
2540        2170        1        1
2540        2196        1        1
2514        2196        1        1
2514        2223        1        1
2514        2249        1        1
2487        2275        1        1
2461        2302        1        1
2434        2328        1        1
2408        2328        1        1
2408        2355        1        1
2381        2355        1        1
2355        2355        1        1
2328        2328        1        1
2302        2328        1        1
2275        2328        1        1
2249        2328        1        1
2249        2302        1        1
2223        2302        1        1
2196        2302        1        1
2170        2275        1        1
2143        2275        1        1
2143        2249        1        1
2117        2249        1        1
2117        2223        1        1
2090        2223        1        1
2064        2196        1        1
2037        2170        1        1
2011        2170        1        1
2011        2143        1        1
1984        2117        1        1
1958        2117        1        1
1958        2090        1        1
1931        2064        1        1
1905        2037        1        1
1905        2011        1        1
1879        2011        1        1
1879        1984        1        1
1852        1958        1        1
1826        1931        1        1
1799        1905        1        1
1799        1879        1        1
1773        1852        1        1
1746        1826        1        1
1746        1799        1        1
1720        1773        1        1
1693        1746        1        1
1693        1720        1        1
1667        1693        1        1
1640        1667        1        1
1614        1640        1        1
1588        1614        1        1
1561        1588        1        1
1535        1561        1        1
1535        1588        1        1
PEN_UP                  0
PEN_DOWN
1164        1640        1        2
1191        1640        1        2
1217        1640        1        2
1244        1614        1        2
1270        1614        1        2
1323        1614        1        2
1349        1614        1        2
1402        1614        1        2
1429        1614        1        2
1482        1614        1        2
1535        1588        1        2
1561        1588        1        2
1614        1588        1        2
1667        1588        1        2
1720        1588        1        2
1746        1588        1        2
1799        1588        1        2
1852        1588        1        2
1879        1588        1        2
1931        1561        1        2
1984        1561        1        2
2011        1561        1        2
2064        1561        1        2
2090        1561        1        2
2143        1561        1        2
2170        1561        1        2
2223        1561        1        2
2249        1561        1        2
2275        1561        1        2
2302        1561        1        2
2328        1561        1        2
2355        1535        1        2
2381        1535        1        2
2408        1535        1        2
2461        1535        1        2
2487        1535        1        2
2540        1508        1        2
2566        1508        1        2
2619        1508        1        2
2672        1508        1        2
2699        1508        1        2
2725        1508        1        2
2752        1508        1        2
2778        1508        1        2
2805        1508        1        2
2858        1508        1        2
2884        1482        1        2
2910        1482        1        2
2937        1482        1        2
2990        1482        1        2
3016        1482        1        2
3043        1482        1        2
3069        1482        1        2
3069        1455        1        2
3096        1455        1        2
3122        1455        1        2
PEN_UP                  0
END_CHARACTER: TA
