CHARACTER_NAME: DXA
STROKE_COUNT: 4
  X           Y   STYLUS_STATE STROKE
PEN_DOWN
1826        1667        1        1
1826        1640        1        1
1826        1667        1        1
1799        1667        1        1
1799        1693        1        1
1773        1720        1        1
1746        1720        1        1
1746        1746        1        1
1720        1773        1        1
1693        1799        1        1
1667        1826        1        1
1640        1852        1        1
1640        1879        1        1
1614        1905        1        1
1588        1905        1        1
1561        1931        1        1
1561        1958        1        1
1535        1984        1        1
1508        2011        1        1
1482        2037        1        1
1455        2064        1        1
1455        2090        1        1
1429        2090        1        1
1429        2117        1        1
1402        2117        1        1
1429        2117        1        1
1455        2117        1        1
1482        2117        1        1
1508        2117        1        1
1535        2117        1        1
1561        2117        1        1
1588        2117        1        1
1614        2117        1        1
1640        2117        1        1
1640        2143        1        1
1667        2143        1        1
1693        2170        1        1
1720        2170        1        1
1746        2196        1        1
1746        2223        1        1
1773        2249        1        1
1799        2275        1        1
1799        2302        1        1
1799        2328        1        1
1799        2381        1        1
1826        2408        1        1
1826        2434        1        1
1799        2487        1        1
1799        2514        1        1
1773        2540        1        1
1746        2593        1        1
1720        2619        1        1
1693        2646        1        1
1693        2672        1        1
1667        2699        1        1
1640        2725        1        1
PEN_UP                  0
PEN_DOWN
1826        2302        1        2
1826        2275        1        2
1852        2275        1        2
1879        2249        1        2
1879        2223        1        2
1905        2223        1        2
1905        2196        1        2
1931        2170        1        2
1958        2143        1        2
1984        2117        1        2
2011        2090        1        2
2011        2064        1        2
2037        2037        1        2
2064        2011        1        2
2064        1984        1        2
2090        1984        1        2
2090        2011        1        2
2090        2037        1        2
2117        2037        1        2
2117        2064        1        2
2143        2090        1        2
2143        2117        1        2
2143        2143        1        2
2170        2143        1        2
2170        2170        1        2
2196        2170        1        2
2196        2196        1        2
2223        2196        1        2
2249        2223        1        2
2275        2223        1        2
2302        2196        1        2
2328        2196        1        2
2355        2196        1        2
2355        2170        1        2
2381        2170        1        2
2408        2170        1        2
2434        2143        1        2
PEN_UP                  0
PEN_DOWN
2461        1535        1        3
2461        1561        1        3
2461        1588        1        3
2487        1614        1        3
2487        1640        1        3
2487        1667        1        3
2487        1693        1        3
2514        1720        1        3
2514        1746        1        3
2514        1773        1        3
2514        1799        1        3
2540        1826        1        3
2540        1879        1        3
2540        1905        1        3
2540        1931        1        3
2540        1984        1        3
2540        2011        1        3
2540        2037        1        3
2566        2090        1        3
2566        2117        1        3
2593        2143        1        3
2593        2196        1        3
2593        2223        1        3
2619        2275        1        3
2619        2302        1        3
2619        2355        1        3
2619        2381        1        3
2646        2434        1        3
2646        2461        1        3
2646        2514        1        3
2672        2540        1        3
2672        2593        1        3
2672        2619        1        3
2699        2646        1        3
2699        2699        1        3
2699        2725        1        3
2725        2752        1        3
2725        2778        1        3
2725        2805        1        3
2725        2831        1        3
2725        2858        1        3
2752        2884        1        3
2752        2910        1        3
2752        2937        1        3
2752        2963        1        3
2778        2990        1        3
2778        3016        1        3
2778        3043        1        3
2778        3069        1        3
2778        3096        1        3
2778        3122        1        3
2778        3096        1        3
PEN_UP                  0
PEN_DOWN
1482        1614        1        4
1508        1614        1        4
1535        1588        1        4
1561        1588        1        4
1588        1588        1        4
1640        1588        1        4
1667        1588        1        4
1720        1588        1        4
1773        1588        1        4
1826        1588        1        4
1879        1588        1        4
1905        1588        1        4
1958        1588        1        4
2011        1588        1        4
2037        1588        1        4
2090        1588        1        4
2117        1614        1        4
2170        1588        1        4
2196        1588        1        4
2249        1588        1        4
2275        1588        1        4
2302        1588        1        4
2355        1588        1        4
2381        1588        1        4
2434        1588        1        4
2461        1588        1        4
2514        1588        1        4
2566        1588        1        4
2593        1588        1        4
2646        1588        1        4
2672        1588        1        4
2699        1561        1        4
2752        1561        1        4
2778        1561        1        4
2831        1561        1        4
2858        1561        1        4
2884        1561        1        4
2937        1561        1        4
2963        1561        1        4
2990        1561        1        4
3016        1561        1        4
3043        1561        1        4
3016        1561        1        4
PEN_UP                  0
END_CHARACTER: DXA
