CHARACTER_NAME: BXG
STROKE_COUNT: 2
  X           Y   STYLUS_STATE STROKE
PEN_DOWN
2249        1720        1        1
2249        1746        1        1
2275        1746        1        1
2275        1773        1        1
2275        1799        1        1
2249        1799        1        1
2249        1826        1        1
2249        1852        1        1
2223        1852        1        1
2223        1879        1        1
2196        1879        1        1
2196        1905        1        1
2170        1905        1        1
2143        1931        1        1
2117        1931        1        1
2090        1931        1        1
2064        1931        1        1
2037        1931        1        1
2011        1905        1        1
2011        1879        1        1
2011        1852        1        1
1984        1826        1        1
1984        1799        1        1
2011        1773        1        1
2011        1746        1        1
2037        1746        1        1
2037        1720        1        1
2064        1720        1        1
2090        1720        1        1
2117        1720        1        1
2143        1720        1        1
PEN_UP                  0
PEN_DOWN
2143        3096        1        2
2143        3069        1        2
2170        3069        1        2
2196        3043        1        2
2223        3043        1        2
2249        3043        1        2
2275        3069        1        2
2302        3069        1        2
2302        3096        1        2
2328        3122        1        2
2328        3149        1        2
2328        3175        1        2
2328        3201        1        2
2302        3228        1        2
2302        3254        1        2
2302        3281        1        2
2275        3307        1        2
2275        3334        1        2
2275        3360        1        2
2249        3360        1        2
2249        3387        1        2
2223        3413        1        2
2196        3413        1        2
2170        3413        1        2
2143        3387        1        2
2117        3387        1        2
2090        3360        1        2
2064        3334        1        2
2064        3307        1        2
2037        3281        1        2
2011        3254        1        2
2037        3228        1        2
2037        3201        1        2
2037        3175        1        2
2064        3149        1        2
2090        3122        1        2
2117        3122        1        2
2143        3096        1        2
2196        3096        1        2
2223        3069        1        2
2249        3069        1        2
2275        3069        1        2
PEN_UP                  0
END_CHARACTER: BXG
