CHARACTER_NAME: GN
STROKE_COUNT: 4
  X           Y   STYLUS_STATE STROKE
PEN_DOWN
1614        1958        1        1
1640        1958        1        1
1640        1931        1        1
1667        1931        1        1
1693        1931        1        1
1693        1905        1        1
1720        1905        1        1
1746        1905        1        1
1773        1905        1        1
1799        1879        1        1
1826        1879        1        1
1852        1879        1        1
1852        1852        1        1
1879        1852        1        1
1879        1826        1        1
1905        1826        1        1
1905        1799        1        1
1905        1773        1        1
1905        1746        1        1
1879        1720        1        1
1879        1693        1        1
1852        1693        1        1
1826        1693        1        1
1799        1693        1        1
1773        1667        1        1
1746        1667        1        1
1720        1667        1        1
1693        1667        1        1
1667        1667        1        1
1640        1667        1        1
1614        1640        1        1
1588        1640        1        1
1561        1640        1        1
1561        1614        1        1
1535        1614        1        1
1535        1588        1        1
1561        1561        1        1
1561        1535        1        1
1588        1508        1        1
1614        1508        1        1
1667        1482        1        1
1720        1482        1        1
1799        1455        1        1
1879        1455        1        1
1958        1429        1        1
2011        1429        1        1
2090        1429        1        1
2143        1455        1        1
2196        1455        1        1
2249        1482        1        1
2275        1508        1        1
2302        1535        1        1
2328        1561        1        1
2355        1588        1        1
2355        1614        1        1
2381        1640        1        1
2381        1667        1        1
2408        1693        1        1
2408        1720        1        1
2434        1746        1        1
2434        1773        1        1
2461        1773        1        1
2461        1746        1        1
PEN_UP                  0
PEN_DOWN
2434        1058        1        2
2434        1085        1        2
2434        1111        1        2
2434        1138        1        2
2434        1164        1        2
2434        1191        1        2
2434        1217        1        2
2434        1270        1        2
2461        1296        1        2
2461        1349        1        2
2461        1376        1        2
2461        1402        1        2
2461        1455        1        2
2461        1508        1        2
2461        1535        1        2
2461        1588        1        2
2461        1614        1        2
2461        1667        1        2
2434        1693        1        2
2434        1720        1        2
2434        1773        1        2
2434        1799        1        2
2434        1826        1        2
2434        1852        1        2
2434        1879        1        2
2434        1905        1        2
2434        1931        1        2
2434        1958        1        2
2434        1984        1        2
2434        2011        1        2
2434        2037        1        2
2434        2064        1        2
2461        2090        1        2
2461        2117        1        2
2461        2143        1        2
2461        2196        1        2
2461        2223        1        2
2487        2249        1        2
2487        2275        1        2
2487        2302        1        2
2487        2328        1        2
2487        2355        1        2
2487        2381        1        2
2487        2408        1        2
2487        2434        1        2
2487        2461        1        2
2487        2487        1        2
2487        2514        1        2
2487        2540        1        2
2487        2566        1        2
2487        2593        1        2
2487        2619        1        2
2487        2646        1        2
2487        2672        1        2
2487        2699        1        2
2487        2725        1        2
2487        2752        1        2
2487        2778        1        2
2487        2805        1        2
2487        2831        1        2
2487        2858        1        2
2487        2831        1        2
PEN_UP                  0
PEN_DOWN
1693        2752        1        3
1693        2725        1        3
1720        2725        1        3
1746        2725        1        3
1746        2752        1        3
1773        2752        1        3
1799        2752        1        3
1826        2778        1        3
1852        2778        1        3
1852        2805        1        3
1879        2831        1        3
1852        2858        1        3
1852        2884        1        3
1826        2910        1        3
1799        2937        1        3
1773        2963        1        3
1746        2963        1        3
1720        2963        1        3
1693        2963        1        3
1693        2937        1        3
1693        2910        1        3
1693        2884        1        3
1693        2858        1        3
1693        2831        1        3
1693        2805        1        3
1720        2778        1        3
1720        2752        1        3
1746        2752        1        3
1773        2725        1        3
1773        2699        1        3
1799        2672        1        3
1826        2672        1        3
1852        2646        1        3
1879        2646        1        3
1931        2619        1        3
1958        2619        1        3
1984        2619        1        3
2037        2593        1        3
2064        2593        1        3
2090        2593        1        3
2143        2593        1        3
2170        2593        1        3
2196        2593        1        3
2249        2619        1        3
2275        2619        1        3
2302        2619        1        3
2328        2619        1        3
2355        2646        1        3
2381        2646        1        3
2408        2672        1        3
2434        2672        1        3
2461        2699        1        3
2461        2725        1        3
2487        2725        1        3
2514        2752        1        3
2514        2778        1        3
2540        2778        1        3
2540        2805        1        3
2566        2805        1        3
2566        2831        1        3
2593        2831        1        3
2593        2858        1        3
2593        2831        1        3
2593        2805        1        3
2566        2778        1        3
PEN_UP                  0
PEN_DOWN
2408        1005        1        4
2434        1032        1        4
2461        1032        1        4
2487        1032        1        4
2514        1032        1        4
2566        1032        1        4
2593        1032        1        4
2619        1032        1        4
2672        1032        1        4
2699        1032        1        4
2752        1032        1        4
2778        1032        1        4
2805        1032        1        4
2858        1032        1        4
2884        1032        1        4
2937        1032        1        4
2963        1032        1        4
3016        1032        1        4
3043        1032        1        4
3069        1032        1        4
3096        1032        1        4
3122        1032        1        4
3149        1032        1        4
3175        1032        1        4
3201        1032        1        4
3228        1032        1        4
3254        1032        1        4
PEN_UP                  0
END_CHARACTER: GN
