CHARACTER_NAME: TT
STROKE_COUNT: 4
  X           Y   STYLUS_STATE STROKE
PEN_DOWN
2090        1482        1        1
2117        1482        1        1
2117        1508        1        1
2117        1535        1        1
2117        1561        1        1
2117        1588        1        1
2117        1614        1        1
2117        1640        1        1
2143        1640        1        1
2143        1667        1        1
2143        1693        1        1
2143        1720        1        1
2143        1746        1        1
2143        1773        1        1
2143        1799        1        1
2143        1826        1        1
2143        1852        1        1
2143        1879        1        1
2143        1905        1        1
2143        1931        1        1
2143        1958        1        1
2143        1984        1        1
2143        2011        1        1
2143        2037        1        1
2143        2064        1        1
2143        2090        1        1
2143        2117        1        1
2143        2143        1        1
2143        2170        1        1
2143        2196        1        1
2143        2223        1        1
2143        2249        1        1
2143        2275        1        1
2143        2302        1        1
2117        2328        1        1
2117        2355        1        1
2117        2381        1        1
2117        2408        1        1
2117        2434        1        1
2143        2461        1        1
2143        2487        1        1
2143        2514        1        1
2143        2540        1        1
2143        2566        1        1
2143        2593        1        1
2143        2619        1        1
2170        2619        1        1
2196        2619        1        1
2223        2619        1        1
2249        2619        1        1
2275        2593        1        1
2302        2566        1        1
2328        2566        1        1
2355        2540        1        1
2381        2540        1        1
2408        2514        1        1
2434        2487        1        1
2461        2461        1        1
2487        2434        1        1
2487        2408        1        1
2487        2381        1        1
2514        2355        1        1
2514        2328        1        1
2540        2302        1        1
2540        2275        1        1
2566        2249        1        1
2566        2223        1        1
2566        2196        1        1
2593        2170        1        1
2593        2143        1        1
2593        2117        1        1
2593        2090        1        1
2593        2064        1        1
2593        2037        1        1
2566        2037        1        1
2566        2011        1        1
2566        1984        1        1
2540        1984        1        1
2514        2011        1        1
2514        2037        1        1
2487        2037        1        1
2487        2064        1        1
2487        2090        1        1
2461        2090        1        1
2461        2117        1        1
2487        2143        1        1
2514        2143        1        1
2540        2143        1        1
2566        2143        1        1
2593        2143        1        1
PEN_UP                  0
PEN_DOWN
2434        1455        1        2
2461        1429        1        2
2487        1429        1        2
2487        1402        1        2
2514        1402        1        2
2514        1376        1        2
2540        1376        1        2
2540        1349        1        2
2540        1323        1        2
2540        1296        1        2
2540        1270        1        2
2540        1244        1        2
2540        1217        1        2
2514        1217        1        2
2487        1191        1        2
2461        1164        1        2
2434        1191        1        2
2408        1191        1        2
2381        1191        1        2
2328        1191        1        2
2302        1191        1        2
2249        1217        1        2
2223        1217        1        2
2170        1217        1        2
2117        1217        1        2
2090        1217        1        2
2037        1191        1        2
1984        1191        1        2
1931        1191        1        2
1905        1164        1        2
1879        1138        1        2
1852        1138        1        2
1826        1111        1        2
1799        1085        1        2
1799        1058        1        2
1799        1032        1        2
1826        1032        1        2
PEN_UP                  0
PEN_DOWN
1746        1508        1        3
1773        1508        1        3
1799        1508        1        3
1826        1508        1        3
1852        1508        1        3
1905        1508        1        3
1931        1508        1        3
1984        1508        1        3
2011        1482        1        3
2064        1482        1        3
2090        1482        1        3
2143        1482        1        3
2196        1482        1        3
2223        1482        1        3
2275        1455        1        3
2302        1455        1        3
2328        1455        1        3
2381        1455        1        3
2408        1455        1        3
2434        1455        1        3
2461        1455        1        3
2487        1455        1        3
2514        1455        1        3
2566        1455        1        3
2593        1455        1        3
2619        1455        1        3
2646        1455        1        3
2699        1455        1        3
2725        1455        1        3
2752        1429        1        3
2805        1429        1        3
2831        1429        1        3
2858        1429        1        3
2910        1429        1        3
2937        1429        1        3
2963        1402        1        3
2990        1402        1        3
3016        1402        1        3
3043        1402        1        3
3069        1402        1        3
3096        1402        1        3
3122        1402        1        3
3149        1402        1        3
3175        1402        1        3
3201        1429        1        3
PEN_UP                  0
PEN_DOWN
2355        2514        1        4
2355        2540        1        4
2355        2566        1        4
2381        2566        1        4
2381        2593        1        4
2381        2619        1        4
2408        2619        1        4
2408        2646        1        4
2408        2672        1        4
2434        2699        1        4
2434        2725        1        4
2434        2752        1        4
2434        2778        1        4
2461        2805        1        4
2461        2831        1        4
2434        2858        1        4
2434        2884        1        4
2434        2910        1        4
2434        2937        1        4
2434        2963        1        4
2408        2963        1        4
2408        2990        1        4
2408        3016        1        4
2381        3016        1        4
2381        3043        1        4
2355        3069        1        4
2328        3096        1        4
2302        3096        1        4
2275        3096        1        4
2249        3122        1        4
2223        3122        1        4
2196        3096        1        4
2170        3096        1        4
2143        3069        1        4
2117        3069        1        4
2064        3043        1        4
2037        3016        1        4
1984        2990        1        4
1931        2963        1        4
1879        2937        1        4
1852        2910        1        4
1799        2884        1        4
1746        2858        1        4
1720        2831        1        4
1667        2805        1        4
1640        2778        1        4
1614        2778        1        4
1614        2752        1        4
1588        2752        1        4
1561        2752        1        4
PEN_UP                  0
END_CHARACTER: TT
