CHARACTER_NAME: TTB
STROKE_COUNT: 3
  X           Y   STYLUS_STATE STROKE
PEN_DOWN
2117        1429        1        1
2143        1429        1        1
2170        1429        1        1
2170        1455        1        1
2170        1482        1        1
2143        1482        1        1
2143        1508        1        1
2117        1508        1        1
2090        1508        1        1
2064        1508        1        1
2064        1482        1        1
2037        1482        1        1
2037        1455        1        1
2037        1429        1        1
2064        1429        1        1
2064        1402        1        1
2090        1402        1        1
2117        1402        1        1
2143        1376        1        1
2170        1376        1        1
2196        1376        1        1
2223        1376        1        1
2249        1349        1        1
2275        1349        1        1
2302        1349        1        1
2328        1376        1        1
2355        1376        1        1
2355        1402        1        1
2381        1402        1        1
2381        1429        1        1
2408        1429        1        1
2408        1455        1        1
2408        1482        1        1
2434        1508        1        1
2434        1535        1        1
2434        1561        1        1
2461        1588        1        1
2434        1614        1        1
2434        1640        1        1
2434        1667        1        1
2434        1693        1        1
2408        1720        1        1
2381        1746        1        1
2355        1773        1        1
2355        1799        1        1
2328        1799        1        1
2302        1826        1        1
2275        1826        1        1
2275        1852        1        1
2249        1852        1        1
2223        1852        1        1
2223        1879        1        1
2196        1879        1        1
2196        1852        1        1
2223        1852        1        1
2249        1852        1        1
2249        1826        1        1
2275        1826        1        1
2302        1826        1        1
2328        1826        1        1
2355        1826        1        1
2381        1826        1        1
2408        1826        1        1
2434        1852        1        1
2461        1852        1        1
2487        1879        1        1
2514        1905        1        1
2540        1905        1        1
2540        1931        1        1
2566        1958        1        1
2593        1984        1        1
2593        2011        1        1
2619        2037        1        1
2619        2064        1        1
2593        2064        1        1
2593        2090        1        1
2593        2117        1        1
2566        2143        1        1
2566        2170        1        1
2540        2196        1        1
2514        2223        1        1
2487        2249        1        1
2461        2249        1        1
2434        2275        1        1
2408        2275        1        1
2381        2275        1        1
2355        2275        1        1
2328        2275        1        1
2275        2249        1        1
2249        2223        1        1
2223        2223        1        1
2170        2196        1        1
2117        2170        1        1
2090        2143        1        1
2037        2117        1        1
1984        2064        1        1
1905        2037        1        1
1852        2011        1        1
1799        1958        1        1
1746        1931        1        1
1720        1879        1        1
1667        1852        1        1
1640        1799        1        1
1588        1773        1        1
1561        1720        1        1
1508        1693        1        1
1482        1667        1        1
1455        1640        1        1
1429        1614        1        1
1376        1588        1        1
1349        1561        1        1
1323        1561        1        1
1296        1535        1        1
1270        1535        1        1
1270        1561        1        1
1244        1561        1        1
1217        1561        1        1
1217        1588        1        1
1191        1614        1        1
PEN_UP                  0
PEN_DOWN
2566        2170        1        2
2540        2170        1        2
2540        2196        1        2
2514        2196        1        2
2514        2223        1        2
2487        2223        1        2
2461        2249        1        2
2434        2275        1        2
2408        2275        1        2
2381        2302        1        2
2355        2355        1        2
2302        2381        1        2
2275        2408        1        2
2223        2461        1        2
2196        2514        1        2
2143        2566        1        2
2090        2593        1        2
2064        2646        1        2
2011        2672        1        2
1984        2699        1        2
1958        2725        1        2
1931        2752        1        2
1931        2778        1        2
1905        2778        1        2
1905        2805        1        2
1931        2805        1        2
1958        2805        1        2
1984        2805        1        2
2011        2805        1        2
2064        2805        1        2
2090        2805        1        2
2117        2831        1        2
2170        2831        1        2
2196        2831        1        2
2223        2831        1        2
2275        2858        1        2
2302        2858        1        2
2328        2884        1        2
2355        2884        1        2
2381        2910        1        2
2408        2937        1        2
2434        2937        1        2
2487        2963        1        2
2487        2990        1        2
2514        3016        1        2
2540        3016        1        2
2566        3043        1        2
2593        3069        1        2
2619        3069        1        2
2619        3043        1        2
2619        3016        1        2
2593        3016        1        2
2593        2990        1        2
2593        2937        1        2
2593        2910        1        2
2593        2858        1        2
2566        2831        1        2
2566        2778        1        2
2566        2725        1        2
2540        2672        1        2
2540        2619        1        2
2540        2566        1        2
2514        2514        1        2
2514        2461        1        2
2514        2434        1        2
2487        2381        1        2
2487        2355        1        2
2487        2328        1        2
2487        2302        1        2
2487        2275        1        2
2487        2249        1        2
PEN_UP                  0
PEN_DOWN
1217        1376        1        3
1244        1376        1        3
1270        1376        1        3
1296        1376        1        3
1323        1376        1        3
1349        1376        1        3
1376        1376        1        3
1429        1376        1        3
1482        1376        1        3
1535        1376        1        3
1588        1376        1        3
1640        1376        1        3
1693        1376        1        3
1746        1376        1        3
1799        1376        1        3
1879        1376        1        3
1905        1376        1        3
1958        1376        1        3
2011        1376        1        3
2064        1376        1        3
2090        1376        1        3
2143        1376        1        3
2196        1349        1        3
2249        1349        1        3
2275        1349        1        3
2328        1349        1        3
2381        1349        1        3
2434        1323        1        3
2461        1323        1        3
2514        1323        1        3
2566        1323        1        3
2593        1323        1        3
2646        1323        1        3
2672        1323        1        3
2699        1323        1        3
2725        1323        1        3
2752        1323        1        3
2805        1323        1        3
2831        1323        1        3
2858        1323        1        3
2884        1323        1        3
2910        1323        1        3
2937        1323        1        3
2963        1323        1        3
2990        1323        1        3
2990        1349        1        3
3016        1349        1        3
3043        1349        1        3
3069        1349        1        3
PEN_UP                  0
END_CHARACTER: TTB
