CHARACTER_NAME: NNN
STROKE_COUNT: 3
  X           Y   STYLUS_STATE STROKE
PEN_DOWN
1799        1482        1        1
1799        1508        1        1
1826        1508        1        1
1852        1535        1        1
1852        1561        1        1
1879        1561        1        1
1879        1588        1        1
1879        1614        1        1
1852        1640        1        1
1852        1667        1        1
1826        1693        1        1
1799        1693        1        1
1773        1720        1        1
1746        1720        1        1
1720        1720        1        1
1693        1693        1        1
1693        1667        1        1
1693        1640        1        1
1693        1614        1        1
1693        1588        1        1
1720        1588        1        1
1720        1561        1        1
1720        1535        1        1
1746        1508        1        1
1773        1508        1        1
1773        1482        1        1
1799        1482        1        1
1826        1455        1        1
1852        1455        1        1
1879        1429        1        1
1905        1429        1        1
1931        1429        1        1
1958        1429        1        1
1984        1429        1        1
2011        1429        1        1
2037        1429        1        1
2090        1429        1        1
2117        1455        1        1
2143        1455        1        1
2170        1455        1        1
2223        1482        1        1
2249        1482        1        1
2275        1508        1        1
2302        1535        1        1
2328        1561        1        1
2355        1561        1        1
2355        1588        1        1
2381        1614        1        1
2408        1640        1        1
2408        1667        1        1
2434        1693        1        1
2434        1720        1        1
2461        1720        1        1
2461        1746        1        1
2487        1773        1        1
2487        1799        1        1
2514        1799        1        1
2514        1773        1        1
2514        1746        1        1
2514        1720        1        1
2514        1693        1        1
2514        1667        1        1
2514        1640        1        1
2487        1588        1        1
2487        1561        1        1
2487        1508        1        1
2487        1482        1        1
2487        1429        1        1
2487        1376        1        1
2487        1323        1        1
2487        1296        1        1
2487        1244        1        1
2487        1191        1        1
2487        1164        1        1
2487        1138        1        1
2487        1111        1        1
2487        1085        1        1
PEN_UP                  0
PEN_DOWN
1984        2381        1        2
2011        2355        1        2
2037        2328        1        2
2064        2302        1        2
2090        2302        1        2
2117        2302        1        2
2117        2275        1        2
2143        2275        1        2
2170        2302        1        2
2170        2328        1        2
2170        2355        1        2
2170        2381        1        2
2170        2408        1        2
2143        2434        1        2
2143        2461        1        2
2117        2487        1        2
2090        2514        1        2
2064        2514        1        2
2037        2514        1        2
2011        2514        1        2
2011        2487        1        2
1984        2461        1        2
1984        2434        1        2
1984        2408        1        2
1984        2381        1        2
1984        2355        1        2
2011        2328        1        2
2037        2302        1        2
2064        2275        1        2
2090        2249        1        2
2117        2223        1        2
2143        2196        1        2
2196        2196        1        2
2223        2170        1        2
2275        2170        1        2
2302        2170        1        2
2328        2170        1        2
2381        2170        1        2
2408        2170        1        2
2434        2196        1        2
2461        2223        1        2
2487        2249        1        2
2514        2275        1        2
2514        2302        1        2
2540        2328        1        2
2566        2381        1        2
2566        2408        1        2
2593        2434        1        2
2593        2461        1        2
2619        2487        1        2
2619        2514        1        2
2646        2540        1        2
2646        2566        1        2
2646        2593        1        2
2672        2593        1        2
2672        2566        1        2
2672        2540        1        2
2646        2514        1        2
2646        2487        1        2
2646        2461        1        2
2646        2434        1        2
2646        2408        1        2
2646        2355        1        2
2646        2328        1        2
2619        2302        1        2
2619        2275        1        2
2619        2223        1        2
2619        2196        1        2
2593        2170        1        2
2593        2143        1        2
2593        2117        1        2
2566        2090        1        2
2566        2037        1        2
2566        2011        1        2
2566        1984        1        2
2540        1958        1        2
2540        1931        1        2
2540        1905        1        2
2540        1879        1        2
2540        1852        1        2
2514        1826        1        2
2514        1799        1        2
2514        1773        1        2
2514        1746        1        2
2514        1720        1        2
2514        1693        1        2
2514        1667        1        2
2514        1640        1        2
2487        1640        1        2
2487        1614        1        2
2487        1588        1        2
PEN_UP                  0
PEN_DOWN
1667        1032        1        3
1693        1032        1        3
1720        1032        1        3
1746        1032        1        3
1773        1058        1        3
1799        1032        1        3
1826        1032        1        3
1879        1032        1        3
1931        1032        1        3
1958        1032        1        3
2011        1032        1        3
2064        1032        1        3
2117        1032        1        3
2170        1032        1        3
2249        1005        1        3
2302        1005        1        3
2328        1005        1        3
2381        1005        1        3
2434        1005        1        3
2487        1005        1        3
2540        1005        1        3
2593        1005        1        3
2619        1005        1        3
2672        1005        1        3
2699        1005        1        3
2752        1032        1        3
2778        1032        1        3
2831        1032        1        3
2858        1032        1        3
2910        1032        1        3
2937        1032        1        3
2990        1032        1        3
3043        1005        1        3
3069        1005        1        3
3096        1005        1        3
3149        1005        1        3
3175        1005        1        3
3201        1005        1        3
3228        1005        1        3
3228        1032        1        3
PEN_UP                  0
END_CHARACTER: NNN
