CHARACTER_NAME: MM
STROKE_COUNT: 2
  X           Y   STYLUS_STATE STROKE
PEN_DOWN
1852        1032        1        1
1852        1005        1        1
1852        1032        1        1
1826        1058        1        1
1799        1058        1        1
1773        1085        1        1
1746        1138        1        1
1720        1164        1        1
1693        1191        1        1
1667        1217        1        1
1667        1244        1        1
1640        1270        1        1
1640        1296        1        1
1614        1296        1        1
1614        1323        1        1
1614        1349        1        1
1640        1349        1        1
1667        1349        1        1
1693        1349        1        1
1720        1349        1        1
1746        1349        1        1
1773        1376        1        1
1799        1376        1        1
1852        1402        1        1
1879        1429        1        1
1905        1429        1        1
1931        1455        1        1
1931        1482        1        1
1958        1508        1        1
1958        1535        1        1
1958        1561        1        1
1958        1614        1        1
1958        1640        1        1
1958        1667        1        1
1931        1693        1        1
1905        1720        1        1
1905        1746        1        1
1879        1773        1        1
1852        1773        1        1
1826        1799        1        1
1799        1799        1        1
1773        1799        1        1
1746        1799        1        1
1720        1773        1        1
1720        1746        1        1
1746        1720        1        1
1746        1693        1        1
1773        1693        1        1
1799        1667        1        1
1826        1640        1        1
1852        1640        1        1
1879        1640        1        1
1931        1614        1        1
1984        1614        1        1
2011        1614        1        1
2064        1614        1        1
2090        1614        1        1
2143        1640        1        1
2170        1640        1        1
2196        1640        1        1
2223        1667        1        1
2249        1667        1        1
2249        1693        1        1
2275        1693        1        1
2302        1693        1        1
2302        1720        1        1
2328        1720        1        1
2328        1746        1        1
2355        1746        1        1
2381        1720        1        1
2381        1693        1        1
2381        1667        1        1
2381        1614        1        1
2408        1561        1        1
2408        1482        1        1
2434        1429        1        1
2434        1349        1        1
2434        1296        1        1
2461        1244        1        1
2461        1191        1        1
2461        1164        1        1
2461        1138        1        1
2461        1111        1        1
2461        1085        1        1
2461        1111        1        1
2461        1138        1        1
2434        1138        1        1
2434        1164        1        1
2434        1191        1        1
2434        1217        1        1
2434        1244        1        1
2408        1270        1        1
2408        1296        1        1
2408        1323        1        1
2408        1349        1        1
2408        1376        1        1
2408        1402        1        1
2381        1429        1        1
2381        1455        1        1
2381        1508        1        1
2381        1535        1        1
2355        1588        1        1
2355        1640        1        1
2355        1667        1        1
2355        1693        1        1
2355        1720        1        1
2355        1746        1        1
2355        1773        1        1
2355        1799        1        1
2355        1826        1        1
2355        1852        1        1
2328        1879        1        1
2328        1905        1        1
2302        1931        1        1
2302        1958        1        1
2302        1984        1        1
2275        2011        1        1
2275        2037        1        1
2275        2064        1        1
2275        2090        1        1
2302        2090        1        1
2302        2117        1        1
2328        2117        1        1
2355        2117        1        1
2381        2117        1        1
2408        2117        1        1
2434        2143        1        1
2487        2143        1        1
2514        2143        1        1
2514        2170        1        1
2540        2196        1        1
2566        2223        1        1
2566        2275        1        1
2593        2302        1        1
2593        2355        1        1
2593        2381        1        1
2593        2434        1        1
2593        2461        1        1
2593        2514        1        1
2593        2540        1        1
2566        2566        1        1
2566        2593        1        1
2540        2619        1        1
2540        2646        1        1
2514        2672        1        1
2487        2699        1        1
2461        2699        1        1
2434        2699        1        1
2408        2699        1        1
2381        2699        1        1
2355        2672        1        1
2328        2672        1        1
2328        2646        1        1
2355        2619        1        1
2355        2593        1        1
2408        2566        1        1
2434        2540        1        1
2487        2514        1        1
2540        2487        1        1
2593        2487        1        1
2646        2461        1        1
2699        2434        1        1
2752        2434        1        1
2805        2434        1        1
2831        2461        1        1
2884        2461        1        1
2910        2487        1        1
2937        2487        1        1
2963        2514        1        1
2990        2566        1        1
3016        2593        1        1
3043        2619        1        1
3069        2672        1        1
3069        2699        1        1
3096        2725        1        1
3122        2752        1        1
3149        2778        1        1
3149        2805        1        1
3175        2831        1        1
3175        2805        1        1
3175        2778        1        1
3175        2752        1        1
3175        2699        1        1
3175        2672        1        1
3175        2646        1        1
3175        2593        1        1
3175        2566        1        1
3175        2514        1        1
3201        2461        1        1
3201        2408        1        1
3201        2355        1        1
3201        2275        1        1
3201        2196        1        1
3201        2117        1        1
3201        2037        1        1
3201        1958        1        1
3201        1879        1        1
3175        1799        1        1
3175        1720        1        1
3175        1640        1        1
3175        1588        1        1
3175        1535        1        1
3175        1508        1        1
3149        1455        1        1
3149        1429        1        1
3149        1376        1        1
3149        1349        1        1
3149        1323        1        1
3149        1296        1        1
3149        1270        1        1
3149        1244        1        1
3149        1217        1        1
3149        1191        1        1
3122        1191        1        1
3122        1164        1        1
PEN_UP                  0
PEN_DOWN
1244        1164        1        2
1270        1164        1        2
1296        1164        1        2
1323        1164        1        2
1349        1164        1        2
1376        1164        1        2
1429        1138        1        2
1455        1138        1        2
1508        1138        1        2
1535        1138        1        2
1588        1138        1        2
1614        1138        1        2
1667        1138        1        2
1693        1138        1        2
1746        1138        1        2
1799        1138        1        2
1852        1138        1        2
1905        1138        1        2
1958        1138        1        2
2011        1138        1        2
2064        1138        1        2
2117        1138        1        2
2170        1138        1        2
2223        1138        1        2
2249        1138        1        2
2302        1138        1        2
2328        1138        1        2
2381        1138        1        2
2408        1138        1        2
2461        1138        1        2
2487        1138        1        2
2540        1138        1        2
2593        1138        1        2
2646        1138        1        2
2699        1138        1        2
2752        1138        1        2
2805        1164        1        2
2858        1164        1        2
2910        1164        1        2
2963        1164        1        2
3016        1164        1        2
3069        1164        1        2
3122        1164        1        2
3175        1164        1        2
3228        1164        1        2
3281        1164        1        2
3334        1164        1        2
3360        1164        1        2
3413        1164        1        2
3466        1164        1        2
3493        1164        1        2
3519        1164        1        2
3545        1164        1        2
3572        1164        1        2
3598        1164        1        2
3651        1164        1        2
3678        1164        1        2
3704        1164        1        2
3731        1164        1        2
3757        1164        1        2
3757        1191        1        2
3731        1191        1        2
PEN_UP                  0
END_CHARACTER: MM
