CHARACTER_NAME: MP
STROKE_COUNT: 6
  X           Y   STYLUS_STATE STROKE
PEN_DOWN
 609         741        1        1
 635         741        1        1
 661         741        1        1
 688         741        1        1
 714         741        1        1
 741         741        1        1
 767         741        1        1
 794         741        1        1
 820         741        1        1
 847         741        1        1
 873         741        1        1
 900         741        1        1
 926         714        1        1
 953         714        1        1
 979         714        1        1
1005         714        1        1
1058         714        1        1
1085         714        1        1
1111         714        1        1
1164         714        1        1
1191         714        1        1
1217         714        1        1
1244         714        1        1
1270         714        1        1
1296         714        1        1
1323         688        1        1
1349         688        1        1
1376         688        1        1
1402         688        1        1
1429         688        1        1
1455         688        1        1
1482         688        1        1
1508         688        1        1
1535         688        1        1
1561         688        1        1
1561         714        1        1
1561         688        1        1
PEN_UP                  0
PEN_DOWN
1111         714        1        2
1111         741        1        2
1085         741        1        2
1085         767        1        2
1058         794        1        2
1032         820        1        2
1005         847        1        2
 979         847        1        2
 979         873        1        2
 953         873        1        2
 953         900        1        2
 926         926        1        2
 900         926        1        2
 873         953        1        2
 873         979        1        2
 847         979        1        2
 820        1005        1        2
 794        1032        1        2
 767        1032        1        2
 767        1058        1        2
 741        1058        1        2
 741        1085        1        2
 741        1058        1        2
 767        1058        1        2
 767        1032        1        2
 794        1032        1        2
 820        1005        1        2
 847        1005        1        2
 873         979        1        2
 900         979        1        2
 926         979        1        2
 953         979        1        2
 979         979        1        2
1005         979        1        2
1032         979        1        2
1058         979        1        2
1085         979        1        2
1111        1005        1        2
1138        1005        1        2
1164        1005        1        2
1191        1032        1        2
1217        1032        1        2
1217        1058        1        2
1217        1085        1        2
1244        1085        1        2
1244        1111        1        2
1244        1138        1        2
1270        1164        1        2
1270        1191        1        2
1244        1217        1        2
1244        1244        1        2
1217        1270        1        2
1191        1296        1        2
1164        1323        1        2
1111        1323        1        2
1085        1349        1        2
1058        1349        1        2
1032        1349        1        2
1005        1376        1        2
 953        1376        1        2
 926        1376        1        2
 900        1376        1        2
 873        1376        1        2
 847        1349        1        2
 847        1323        1        2
 873        1296        1        2
 900        1270        1        2
 926        1244        1        2
 953        1244        1        2
 979        1244        1        2
1005        1217        1        2
1032        1217        1        2
1085        1191        1        2
1138        1191        1        2
1164        1191        1        2
1217        1191        1        2
1270        1191        1        2
1323        1191        1        2
1376        1191        1        2
1429        1191        1        2
1455        1217        1        2
1482        1217        1        2
1535        1244        1        2
1561        1270        1        2
1588        1296        1        2
1614        1323        1        2
1640        1349        1        2
1667        1376        1        2
1667        1402        1        2
1693        1429        1        2
1693        1482        1        2
1693        1508        1        2
1693        1535        1        2
1693        1561        1        2
1720        1561        1        2
1720        1588        1        2
1693        1588        1        2
1693        1561        1        2
1693        1535        1        2
1693        1508        1        2
1693        1482        1        2
1693        1455        1        2
1693        1429        1        2
1693        1376        1        2
1693        1349        1        2
1693        1296        1        2
1693        1270        1        2
1693        1217        1        2
1693        1164        1        2
1693        1111        1        2
1693        1058        1        2
1693        1005        1        2
1667         953        1        2
1667         900        1        2
1667         847        1        2
1667         794        1        2
1667         741        1        2
1667         714        1        2
1667         661        1        2
1640         635        1        2
1640         609        1        2
1640         582        1        2
1640         556        1        2
1640         582        1        2
1640         609        1        2
1614         609        1        2
PEN_UP                  0
PEN_DOWN
1720        1111        1        3
1746        1111        1        3
1773        1085        1        3
1799        1085        1        3
1826        1085        1        3
1852        1058        1        3
1879        1058        1        3
1905        1058        1        3
1931        1058        1        3
1958        1085        1        3
1984        1085        1        3
2011        1085        1        3
2037        1111        1        3
2037        1138        1        3
2064        1138        1        3
2064        1164        1        3
2064        1191        1        3
2064        1217        1        3
2064        1244        1        3
2064        1270        1        3
2064        1296        1        3
2037        1323        1        3
2037        1349        1        3
2064        1349        1        3
2064        1323        1        3
2090        1296        1        3
2117        1296        1        3
2117        1270        1        3
2143        1217        1        3
2170        1191        1        3
2196        1164        1        3
2223        1111        1        3
2275        1058        1        3
2302        1032        1        3
2328         979        1        3
2381         953        1        3
2408         926        1        3
2408         900        1        3
2434         873        1        3
2461         847        1        3
2487         847        1        3
2487         820        1        3
2514         820        1        3
2514         847        1        3
2487         847        1        3
PEN_UP                  0
PEN_DOWN
1826        1032        1        4
1852        1005        1        4
1879        1005        1        4
1905         979        1        4
1958         979        1        4
2011         953        1        4
2064         953        1        4
2117         953        1        4
2170         953        1        4
2223         926        1        4
2275         953        1        4
2328         953        1        4
2381         953        1        4
2434         953        1        4
2461         979        1        4
2514         979        1        4
2540        1005        1        4
2593        1005        1        4
2619        1032        1        4
2646        1058        1        4
2699        1058        1        4
2725        1085        1        4
2725        1111        1        4
2752        1138        1        4
2752        1164        1        4
2778        1191        1        4
2778        1217        1        4
PEN_UP                  0
PEN_DOWN
2752         741        1        5
2752         767        1        5
2752         794        1        5
2752         847        1        5
2752         873        1        5
2752         926        1        5
2778         979        1        5
2752        1005        1        5
2778        1058        1        5
2778        1111        1        5
2752        1138        1        5
2752        1191        1        5
2752        1244        1        5
2752        1270        1        5
2752        1323        1        5
2752        1376        1        5
2725        1402        1        5
2725        1455        1        5
2725        1508        1        5
2725        1535        1        5
2725        1588        1        5
2725        1640        1        5
2725        1667        1        5
2725        1720        1        5
2725        1746        1        5
2725        1773        1        5
2725        1826        1        5
2725        1852        1        5
2725        1879        1        5
2752        1879        1        5
2752        1905        1        5
2725        1931        1        5
2725        1958        1        5
2725        1984        1        5
2725        1958        1        5
PEN_UP                  0
PEN_DOWN
2646         767        1        6
2672         767        1        6
2672         794        1        6
2699         794        1        6
2725         794        1        6
2752         794        1        6
2805         794        1        6
2858         767        1        6
2937         767        1        6
3043         741        1        6
3122         741        1        6
3175         714        1        6
3254         714        1        6
3281         714        1        6
3307         714        1        6
3334         688        1        6
PEN_UP                  0
END_CHARACTER: MP
