CHARACTER_NAME: SC
STROKE_COUNT: 3
  X           Y   STYLUS_STATE STROKE
PEN_DOWN
 582         926        1        1
 582         900        1        1
 609         900        1        1
 609         873        1        1
 635         847        1        1
 661         820        1        1
 688         820        1        1
 714         820        1        1
 741         794        1        1
 767         794        1        1
 794         767        1        1
 820         767        1        1
 847         767        1        1
 873         767        1        1
 900         767        1        1
 926         767        1        1
 953         767        1        1
 979         767        1        1
1005         794        1        1
1032         794        1        1
1058         794        1        1
1085         820        1        1
1111         847        1        1
1138         847        1        1
1138         873        1        1
1164         900        1        1
1164         926        1        1
1164         953        1        1
1164         979        1        1
1138         979        1        1
1138        1005        1        1
1138        1032        1        1
1111        1058        1        1
1085        1058        1        1
1058        1085        1        1
1032        1111        1        1
1005        1111        1        1
 979        1111        1        1
 953        1111        1        1
 926        1085        1        1
 926        1058        1        1
 926        1032        1        1
 926        1005        1        1
 926         979        1        1
 926         953        1        1
 953         953        1        1
 953         926        1        1
 953         900        1        1
 979         900        1        1
1005         873        1        1
1032         873        1        1
1058         847        1        1
1085         847        1        1
1111         847        1        1
1138         847        1        1
1164         847        1        1
1217         873        1        1
1244         873        1        1
1270         900        1        1
1296         900        1        1
1323         926        1        1
1349         926        1        1
1376         953        1        1
1402         979        1        1
1429        1005        1        1
1429        1032        1        1
1402        1058        1        1
1402        1085        1        1
1376        1111        1        1
1349        1111        1        1
1349        1138        1        1
1323        1138        1        1
1296        1138        1        1
1270        1164        1        1
1244        1138        1        1
1217        1138        1        1
1191        1111        1        1
1191        1085        1        1
1164        1058        1        1
1164        1032        1        1
1164        1005        1        1
1191         979        1        1
1191         953        1        1
1217         926        1        1
1244         900        1        1
1270         873        1        1
1323         847        1        1
1349         847        1        1
1402         820        1        1
1429         820        1        1
1455         794        1        1
1508         794        1        1
1535         794        1        1
1561         794        1        1
1588         820        1        1
1614         820        1        1
1640         820        1        1
1667         847        1        1
1693         847        1        1
PEN_UP                  0
PEN_DOWN
1588         609        1        2
1614         609        1        2
1640         582        1        2
1667         582        1        2
1720         582        1        2
1746         556        1        2
1773         556        1        2
1799         556        1        2
1852         556        1        2
1879         556        1        2
1931         556        1        2
1958         529        1        2
2011         556        1        2
2064         529        1        2
2117         529        1        2
2143         529        1        2
2196         529        1        2
2223         529        1        2
2275         529        1        2
2302         529        1        2
2328         529        1        2
2355         529        1        2
PEN_UP                  0
PEN_DOWN
1614         635        1        3
1614         661        1        3
1614         688        1        3
1614         714        1        3
1640         714        1        3
1640         741        1        3
1640         767        1        3
1667         794        1        3
1667         847        1        3
1667         873        1        3
1667         900        1        3
1667         953        1        3
1640         979        1        3
1640        1005        1        3
1640        1058        1        3
1640        1085        1        3
1640        1111        1        3
1640        1138        1        3
1640        1164        1        3
1640        1217        1        3
1640        1244        1        3
1667        1270        1        3
1667        1296        1        3
1667        1323        1        3
1667        1349        1        3
1667        1376        1        3
1667        1402        1        3
1667        1429        1        3
1693        1455        1        3
1693        1482        1        3
1693        1508        1        3
1693        1535        1        3
1720        1561        1        3
1720        1588        1        3
1720        1614        1        3
1746        1614        1        3
1746        1640        1        3
1773        1640        1        3
1799        1667        1        3
1826        1693        1        3
1852        1693        1        3
1879        1693        1        3
1905        1693        1        3
1958        1693        1        3
1984        1667        1        3
2011        1667        1        3
2064        1667        1        3
2090        1640        1        3
2117        1640        1        3
2143        1614        1        3
2170        1614        1        3
2170        1588        1        3
2196        1561        1        3
2223        1535        1        3
2223        1508        1        3
2223        1482        1        3
2223        1455        1        3
2223        1429        1        3
2196        1402        1        3
2196        1376        1        3
2170        1349        1        3
2143        1323        1        3
2117        1323        1        3
2064        1323        1        3
2037        1296        1        3
1984        1296        1        3
1931        1296        1        3
1879        1323        1        3
1826        1323        1        3
1746        1349        1        3
1693        1349        1        3
1640        1376        1        3
1614        1402        1        3
PEN_UP                  0
END_CHARACTER: SC
