CHARACTER_NAME: SKH
STROKE_COUNT: 3
  X           Y   STYLUS_STATE STROKE
PEN_DOWN
 503         688        1        1
 529         688        1        1
 556         688        1        1
 582         688        1        1
 609         688        1        1
 635         688        1        1
 661         688        1        1
 688         714        1        1
 714         714        1        1
 767         714        1        1
 794         714        1        1
 820         714        1        1
 873         714        1        1
 900         714        1        1
 953         714        1        1
 979         741        1        1
1032         741        1        1
1058         741        1        1
1111         741        1        1
1138         741        1        1
1164         741        1        1
1191         741        1        1
1217         741        1        1
1244         741        1        1
1270         741        1        1
1296         741        1        1
1323         741        1        1
1349         741        1        1
1376         741        1        1
1402         741        1        1
1429         741        1        1
1455         741        1        1
1508         741        1        1
1535         741        1        1
1561         741        1        1
1588         741        1        1
1614         741        1        1
1640         714        1        1
1667         714        1        1
1693         714        1        1
1720         714        1        1
1746         714        1        1
1773         714        1        1
1799         714        1        1
1826         714        1        1
1852         714        1        1
1826         714        1        1
PEN_UP                  0
PEN_DOWN
 609        1085        1        2
 635        1111        1        2
 661        1138        1        2
 688        1138        1        2
 714        1164        1        2
 741        1191        1        2
 767        1191        1        2
 794        1217        1        2
 847        1217        1        2
 873        1217        1        2
 900        1217        1        2
 926        1217        1        2
 953        1191        1        2
 979        1191        1        2
1005        1191        1        2
1032        1191        1        2
1032        1164        1        2
1058        1164        1        2
1058        1138        1        2
1085        1138        1        2
1085        1111        1        2
1111        1085        1        2
1111        1058        1        2
1138        1032        1        2
1138        1005        1        2
1164         979        1        2
1164         953        1        2
1164         926        1        2
1138         926        1        2
1138         953        1        2
1111         953        1        2
1111         979        1        2
1111        1005        1        2
1111        1032        1        2
1111        1058        1        2
1111        1085        1        2
1111        1111        1        2
1111        1138        1        2
1138        1164        1        2
1138        1191        1        2
1164        1217        1        2
1191        1217        1        2
1191        1244        1        2
1217        1244        1        2
1244        1244        1        2
1270        1244        1        2
1270        1270        1        2
1296        1270        1        2
1323        1270        1        2
1349        1270        1        2
1376        1270        1        2
1402        1270        1        2
1429        1270        1        2
1455        1270        1        2
1482        1270        1        2
1508        1270        1        2
1508        1244        1        2
1535        1244        1        2
1561        1244        1        2
1588        1217        1        2
1614        1217        1        2
1614        1191        1        2
1640        1191        1        2
1667        1164        1        2
1667        1138        1        2
1693        1111        1        2
1693        1085        1        2
1720        1058        1        2
1720        1032        1        2
1720        1005        1        2
1746         979        1        2
1746         953        1        2
1746         926        1        2
1746         900        1        2
1720         873        1        2
1720         847        1        2
1720         820        1        2
1720         794        1        2
1720         767        1        2
1693         767        1        2
1693         741        1        2
1667         741        1        2
1667         714        1        2
1640         714        1        2
1614         688        1        2
PEN_UP                  0
PEN_DOWN
1614        1588        1        3
1614        1614        1        3
1614        1640        1        3
1640        1640        1        3
1640        1667        1        3
1667        1667        1        3
1693        1640        1        3
1720        1640        1        3
1746        1614        1        3
1773        1588        1        3
1799        1561        1        3
1826        1535        1        3
1826        1508        1        3
1852        1482        1        3
1852        1455        1        3
1852        1429        1        3
1852        1402        1        3
1852        1376        1        3
1852        1349        1        3
1852        1323        1        3
1852        1296        1        3
1826        1270        1        3
1826        1244        1        3
1799        1244        1        3
1799        1217        1        3
1799        1191        1        3
1773        1191        1        3
1746        1191        1        3
1720        1191        1        3
1746        1191        1        3
1773        1191        1        3
1773        1164        1        3
1799        1164        1        3
1826        1164        1        3
1852        1164        1        3
1879        1164        1        3
1905        1191        1        3
1931        1191        1        3
1958        1191        1        3
1984        1217        1        3
2011        1217        1        3
2037        1244        1        3
2064        1270        1        3
2064        1296        1        3
2090        1296        1        3
2090        1323        1        3
2090        1349        1        3
2117        1349        1        3
2117        1376        1        3
2117        1402        1        3
2143        1429        1        3
2143        1455        1        3
2143        1482        1        3
2143        1508        1        3
2170        1535        1        3
2170        1561        1        3
2170        1614        1        3
2170        1640        1        3
2143        1693        1        3
2143        1720        1        3
2143        1773        1        3
2117        1799        1        3
2117        1852        1        3
2117        1879        1        3
2090        1905        1        3
2090        1958        1        3
2064        1984        1        3
2037        2011        1        3
2037        2037        1        3
2011        2037        1        3
2011        2064        1        3
1984        2090        1        3
1958        2090        1        3
1958        2117        1        3
1931        2117        1        3
1905        2117        1        3
1879        2117        1        3
1879        2090        1        3
1852        2090        1        3
1826        2090        1        3
1826        2064        1        3
1826        2037        1        3
1826        2011        1        3
1826        1984        1        3
1826        1958        1        3
1852        1931        1        3
1852        1905        1        3
1879        1879        1        3
1905        1879        1        3
1931        1852        1        3
1958        1826        1        3
2011        1799        1        3
2037        1799        1        3
2064        1773        1        3
2117        1773        1        3
2143        1746        1        3
2196        1746        1        3
2249        1746        1        3
2275        1746        1        3
2328        1773        1        3
2355        1773        1        3
2408        1799        1        3
2434        1799        1        3
2461        1826        1        3
2487        1852        1        3
2514        1879        1        3
2540        1905        1        3
2566        1931        1        3
2619        1958        1        3
2646        1984        1        3
2646        2011        1        3
2672        2064        1        3
2699        2090        1        3
2725        2117        1        3
2725        2143        1        3
2752        2170        1        3
2778        2196        1        3
2752        2223        1        3
2752        2249        1        3
2752        2223        1        3
2752        2196        1        3
2752        2170        1        3
2752        2143        1        3
2725        2090        1        3
2725        2037        1        3
2725        1958        1        3
2699        1879        1        3
2699        1799        1        3
2699        1720        1        3
2672        1640        1        3
2672        1561        1        3
2672        1455        1        3
2672        1376        1        3
2646        1323        1        3
2646        1244        1        3
2646        1164        1        3
2646        1111        1        3
2646        1058        1        3
2646        1032        1        3
2646         979        1        3
2646         953        1        3
2646         926        1        3
2646         900        1        3
2646         873        1        3
2646         847        1        3
2619         847        1        3
2619         820        1        3
2619         794        1        3
2593         767        1        3
2566         767        1        3
2566         741        1        3
2540         741        1        3
2514         741        1        3
2487         741        1        3
2514         741        1        3
2514         714        1        3
2540         714        1        3
2593         714        1        3
2646         714        1        3
2725         688        1        3
2805         688        1        3
2884         688        1        3
2963         688        1        3
3016         661        1        3
PEN_UP                  0
END_CHARACTER: SKH
