CHARACTER_NAME: GGU
STROKE_COUNT: 2
  X           Y   STYLUS_STATE STROKE
PEN_DOWN
1085        1402        1        1
1085        1376        1        1
1111        1376        1        1
1138        1376        1        1
1164        1376        1        1
1164        1349        1        1
1191        1349        1        1
1217        1349        1        1
1217        1323        1        1
1244        1323        1        1
1270        1323        1        1
1296        1323        1        1
1323        1323        1        1
1349        1323        1        1
1376        1323        1        1
1402        1349        1        1
1429        1349        1        1
1455        1376        1        1
1482        1376        1        1
1482        1402        1        1
1508        1402        1        1
1535        1429        1        1
1535        1455        1        1
1561        1482        1        1
1561        1508        1        1
1561        1535        1        1
1561        1561        1        1
1561        1588        1        1
1561        1614        1        1
1561        1640        1        1
1561        1667        1        1
1561        1693        1        1
1561        1720        1        1
1561        1746        1        1
1561        1773        1        1
1535        1826        1        1
1535        1852        1        1
1508        1879        1        1
1508        1905        1        1
1482        1905        1        1
1482        1931        1        1
1455        1958        1        1
1455        1984        1        1
1429        1984        1        1
1402        1984        1        1
1402        1958        1        1
PEN_UP                  0
PEN_DOWN
1217        1376        1        2
1217        1349        1        2
1244        1349        1        2
1244        1323        1        2
1270        1323        1        2
1270        1296        1        2
1296        1296        1        2
1296        1270        1        2
1323        1244        1        2
1349        1244        1        2
1349        1217        1        2
1376        1217        1        2
1402        1191        1        2
1429        1191        1        2
1455        1164        1        2
1482        1164        1        2
1508        1164        1        2
1508        1138        1        2
1535        1138        1        2
1561        1138        1        2
1588        1111        1        2
1614        1111        1        2
1640        1111        1        2
1667        1111        1        2
1693        1111        1        2
1720        1111        1        2
1746        1138        1        2
1773        1138        1        2
1799        1138        1        2
1826        1164        1        2
1852        1164        1        2
1852        1191        1        2
1879        1191        1        2
1879        1217        1        2
1905        1217        1        2
1905        1244        1        2
1931        1270        1        2
1931        1296        1        2
1931        1323        1        2
1958        1323        1        2
1958        1349        1        2
1958        1376        1        2
1984        1376        1        2
1984        1402        1        2
1984        1429        1        2
1984        1455        1        2
2011        1455        1        2
2011        1482        1        2
2037        1482        1        2
2037        1455        1        2
2064        1455        1        2
2090        1455        1        2
2090        1429        1        2
2117        1429        1        2
2143        1429        1        2
2143        1402        1        2
2170        1376        1        2
2196        1349        1        2
2196        1323        1        2
2223        1323        1        2
2223        1296        1        2
2249        1270        1        2
2249        1244        1        2
2249        1217        1        2
2275        1191        1        2
2275        1164        1        2
2275        1138        1        2
2275        1111        1        2
2302        1111        1        2
2302        1085        1        2
2302        1058        1        2
2302        1032        1        2
2328        1032        1        2
2328        1005        1        2
2355        1005        1        2
2381        1005        1        2
2408        1005        1        2
2408        1032        1        2
2434        1032        1        2
2434        1058        1        2
2461        1058        1        2
2461        1085        1        2
2487        1111        1        2
2487        1138        1        2
2514        1164        1        2
2514        1191        1        2
2514        1217        1        2
2514        1244        1        2
2514        1270        1        2
2514        1296        1        2
2514        1323        1        2
2514        1349        1        2
2514        1376        1        2
2514        1402        1        2
2487        1402        1        2
2487        1429        1        2
2487        1455        1        2
2461        1482        1        2
2461        1508        1        2
2434        1535        1        2
2408        1561        1        2
2408        1588        1        2
2381        1614        1        2
2355        1640        1        2
2328        1667        1        2
2302        1693        1        2
2275        1693        1        2
2249        1667        1        2
2249        1640        1        2
2249        1614        1        2
2275        1588        1        2
2302        1561        1        2
2302        1535        1        2
2328        1535        1        2
2355        1508        1        2
2381        1508        1        2
2408        1482        1        2
2434        1482        1        2
2461        1482        1        2
2487        1455        1        2
2514        1455        1        2
2540        1482        1        2
2566        1482        1        2
2593        1508        1        2
2619        1508        1        2
2646        1535        1        2
2646        1561        1        2
2672        1561        1        2
2672        1588        1        2
2699        1640        1        2
2699        1667        1        2
2725        1693        1        2
2725        1720        1        2
2725        1746        1        2
2752        1799        1        2
2752        1826        1        2
2752        1852        1        2
2752        1905        1        2
2778        1931        1        2
2778        1958        1        2
2778        2011        1        2
2778        2037        1        2
2752        2064        1        2
2752        2090        1        2
2752        2117        1        2
2752        2143        1        2
2752        2170        1        2
2725        2196        1        2
2725        2223        1        2
2725        2275        1        2
2699        2302        1        2
2699        2328        1        2
2699        2355        1        2
2672        2381        1        2
2646        2408        1        2
2646        2434        1        2
2619        2461        1        2
2593        2487        1        2
2566        2487        1        2
2540        2514        1        2
2514        2540        1        2
2487        2566        1        2
2434        2593        1        2
2381        2619        1        2
2355        2646        1        2
2302        2646        1        2
2275        2672        1        2
2223        2699        1        2
2170        2699        1        2
2143        2699        1        2
2090        2725        1        2
2064        2725        1        2
2011        2725        1        2
1958        2725        1        2
1905        2725        1        2
1852        2699        1        2
1799        2699        1        2
1746        2699        1        2
1720        2672        1        2
1667        2672        1        2
1640        2646        1        2
1614        2619        1        2
1561        2593        1        2
1535        2566        1        2
1482        2540        1        2
1429        2514        1        2
1376        2461        1        2
1323        2434        1        2
1270        2381        1        2
1217        2328        1        2
1164        2275        1        2
1138        2223        1        2
1111        2170        1        2
1111        2090        1        2
1085        2037        1        2
1085        1958        1        2
1085        1905        1        2
PEN_UP                  0
END_CHARACTER: GGU
