CHARACTER_NAME: CA
STROKE_COUNT: 2
  X           Y   STYLUS_STATE STROKE
PEN_DOWN
 265        1270        1        1
 265        1244        1        1
 291        1244        1        1
 318        1244        1        1
 344        1244        1        1
 344        1217        1        1
 370        1217        1        1
 397        1217        1        1
 423        1217        1        1
 450        1217        1        1
 476        1217        1        1
 503        1217        1        1
 529        1217        1        1
 582        1217        1        1
 609        1217        1        1
 635        1217        1        1
 688        1217        1        1
 714        1217        1        1
 767        1217        1        1
 794        1217        1        1
 820        1217        1        1
 873        1217        1        1
 900        1217        1        1
 926        1217        1        1
 953        1191        1        1
1005        1191        1        1
1032        1191        1        1
1058        1191        1        1
1085        1191        1        1
1111        1191        1        1
1138        1191        1        1
1191        1191        1        1
1217        1191        1        1
1244        1191        1        1
1296        1191        1        1
1323        1191        1        1
1349        1191        1        1
1376        1191        1        1
1402        1191        1        1
1429        1191        1        1
1455        1191        1        1
1482        1191        1        1
1508        1191        1        1
1535        1191        1        1
1561        1191        1        1
1614        1191        1        1
1640        1191        1        1
1667        1191        1        1
1693        1191        1        1
1720        1191        1        1
1746        1191        1        1
1773        1191        1        1
1799        1191        1        1
1826        1191        1        1
1852        1191        1        1
1879        1164        1        1
1905        1164        1        1
1931        1164        1        1
1958        1164        1        1
1984        1191        1        1
2011        1191        1        1
2037        1191        1        1
2064        1191        1        1
2090        1191        1        1
2117        1191        1        1
2143        1191        1        1
2170        1191        1        1
2196        1191        1        1
2223        1191        1        1
2249        1191        1        1
2275        1191        1        1
2302        1191        1        1
2328        1191        1        1
2355        1191        1        1
2381        1191        1        1
2408        1191        1        1
2434        1191        1        1
2461        1191        1        1
2487        1191        1        1
2514        1191        1        1
2487        1191        1        1
PEN_UP                  0
PEN_DOWN
1138        1244        1        2
1164        1244        1        2
1164        1270        1        2
1191        1270        1        2
1191        1296        1        2
1217        1323        1        2
1217        1349        1        2
1244        1349        1        2
1244        1376        1        2
1244        1402        1        2
1270        1429        1        2
1270        1455        1        2
1270        1482        1        2
1270        1508        1        2
1270        1535        1        2
1296        1561        1        2
1296        1588        1        2
1296        1640        1        2
1296        1667        1        2
1296        1693        1        2
1296        1746        1        2
1296        1773        1        2
1296        1799        1        2
1323        1826        1        2
1323        1879        1        2
1323        1905        1        2
1323        1931        1        2
1323        1958        1        2
1323        1984        1        2
1323        2011        1        2
1323        2037        1        2
1323        2064        1        2
1323        2090        1        2
1323        2117        1        2
1349        2143        1        2
1349        2170        1        2
1349        2196        1        2
1349        2223        1        2
1349        2249        1        2
1349        2275        1        2
1349        2302        1        2
1349        2328        1        2
1349        2355        1        2
1376        2355        1        2
1376        2381        1        2
1376        2408        1        2
1402        2434        1        2
1402        2461        1        2
1402        2487        1        2
1429        2487        1        2
1429        2514        1        2
1455        2514        1        2
1455        2540        1        2
1482        2540        1        2
1482        2566        1        2
1508        2566        1        2
1508        2593        1        2
1535        2593        1        2
1535        2619        1        2
1561        2619        1        2
1561        2646        1        2
1588        2646        1        2
1588        2672        1        2
1614        2672        1        2
1640        2699        1        2
1667        2699        1        2
1693        2699        1        2
1720        2725        1        2
1746        2725        1        2
1773        2725        1        2
1799        2725        1        2
1826        2725        1        2
1852        2725        1        2
1879        2725        1        2
1905        2725        1        2
1931        2699        1        2
1958        2699        1        2
1984        2699        1        2
2011        2699        1        2
2037        2672        1        2
2064        2672        1        2
2090        2646        1        2
2117        2646        1        2
2143        2619        1        2
2170        2619        1        2
2196        2593        1        2
2223        2566        1        2
2249        2566        1        2
2249        2540        1        2
2275        2540        1        2
2302        2514        1        2
2302        2487        1        2
2328        2461        1        2
2355        2461        1        2
2381        2434        1        2
2381        2408        1        2
2408        2381        1        2
2408        2355        1        2
2434        2328        1        2
2434        2302        1        2
2434        2275        1        2
2461        2249        1        2
2461        2223        1        2
2461        2196        1        2
2487        2170        1        2
2487        2143        1        2
2487        2117        1        2
2487        2090        1        2
2487        2064        1        2
2461        2064        1        2
2461        2037        1        2
2461        2011        1        2
2461        1984        1        2
2461        1958        1        2
2434        1958        1        2
2434        1931        1        2
2408        1905        1        2
2381        1905        1        2
2381        1879        1        2
2355        1879        1        2
2328        1879        1        2
2302        1879        1        2
2302        1852        1        2
2275        1852        1        2
2249        1826        1        2
2223        1826        1        2
2196        1826        1        2
2196        1799        1        2
2170        1799        1        2
2143        1799        1        2
2117        1799        1        2
2090        1773        1        2
2064        1773        1        2
2037        1773        1        2
2011        1773        1        2
1984        1773        1        2
1958        1746        1        2
1931        1746        1        2
1905        1746        1        2
1879        1746        1        2
1852        1746        1        2
1826        1720        1        2
1799        1720        1        2
1773        1720        1        2
1746        1720        1        2
1720        1720        1        2
1693        1720        1        2
1667        1720        1        2
1640        1720        1        2
1614        1693        1        2
1588        1693        1        2
1561        1693        1        2
1535        1667        1        2
1508        1667        1        2
1482        1667        1        2
1455        1640        1        2
1429        1640        1        2
1402        1640        1        2
1376        1640        1        2
1376        1614        1        2
1349        1614        1        2
1349        1588        1        2
1323        1588        1        2
1323        1561        1        2
PEN_UP                  0
END_CHARACTER: CA
