CHARACTER_NAME: KTA
STROKE_COUNT: 1
  X           Y   STYLUS_STATE STROKE
PEN_DOWN
1482        1693        1        1
1482        1720        1        1
1508        1720        1        1
1508        1746        1        1
1535        1773        1        1
1561        1773        1        1
1588        1773        1        1
1614        1799        1        1
1640        1799        1        1
1667        1799        1        1
1693        1799        1        1
1720        1799        1        1
1746        1799        1        1
1773        1799        1        1
1799        1799        1        1
1826        1799        1        1
1852        1799        1        1
1879        1799        1        1
1879        1773        1        1
1905        1773        1        1
1905        1746        1        1
1931        1746        1        1
1931        1720        1        1
1958        1720        1        1
1958        1693        1        1
1958        1667        1        1
1984        1667        1        1
1984        1640        1        1
1984        1614        1        1
1984        1588        1        1
1984        1561        1        1
1984        1535        1        1
1984        1508        1        1
1958        1508        1        1
1958        1482        1        1
1931        1455        1        1
1905        1455        1        1
1905        1429        1        1
1879        1429        1        1
1852        1402        1        1
1826        1402        1        1
1799        1402        1        1
1773        1402        1        1
1746        1376        1        1
1720        1376        1        1
1693        1376        1        1
1667        1376        1        1
1640        1376        1        1
1614        1376        1        1
1614        1402        1        1
1588        1402        1        1
1561        1402        1        1
1535        1402        1        1
1508        1429        1        1
1482        1429        1        1
1455        1429        1        1
1429        1429        1        1
1429        1455        1        1
1402        1455        1        1
1376        1482        1        1
1349        1482        1        1
1323        1508        1        1
1296        1535        1        1
1270        1561        1        1
1244        1588        1        1
1217        1588        1        1
1191        1614        1        1
1164        1640        1        1
1138        1667        1        1
1111        1693        1        1
1085        1720        1        1
1085        1746        1        1
1058        1746        1        1
1058        1773        1        1
1032        1799        1        1
1005        1826        1        1
1005        1852        1        1
 979        1879        1        1
 979        1905        1        1
 979        1931        1        1
 979        1958        1        1
1005        1984        1        1
1005        2011        1        1
1005        2037        1        1
1005        2064        1        1
1005        2090        1        1
1005        2117        1        1
1005        2143        1        1
1032        2143        1        1
1032        2170        1        1
1058        2196        1        1
1085        2196        1        1
1085        2223        1        1
1111        2223        1        1
1138        2249        1        1
1164        2275        1        1
1191        2275        1        1
1217        2302        1        1
1270        2302        1        1
1296        2328        1        1
1323        2328        1        1
1376        2328        1        1
1402        2328        1        1
1429        2355        1        1
1455        2355        1        1
1482        2355        1        1
1508        2381        1        1
1535        2381        1        1
1561        2381        1        1
1588        2381        1        1
1614        2408        1        1
1667        2408        1        1
1693        2408        1        1
1720        2434        1        1
1746        2434        1        1
1773        2434        1        1
1799        2461        1        1
1826        2461        1        1
1852        2487        1        1
1879        2487        1        1
1905        2514        1        1
1931        2540        1        1
1958        2540        1        1
1958        2566        1        1
1984        2593        1        1
1984        2619        1        1
2011        2619        1        1
2011        2672        1        1
2011        2699        1        1
2011        2725        1        1
2011        2752        1        1
2011        2778        1        1
2011        2805        1        1
2011        2831        1        1
2011        2858        1        1
1984        2884        1        1
1984        2910        1        1
1958        2937        1        1
1931        2963        1        1
1905        2990        1        1
1879        3016        1        1
1826        3043        1        1
1799        3069        1        1
1746        3069        1        1
1693        3096        1        1
1640        3096        1        1
1561        3096        1        1
PEN_UP                  0
END_CHARACTER: KTA
