CHARACTER_NAME: GM
STROKE_COUNT: 4
  X           Y   STYLUS_STATE STROKE
PEN_DOWN
1323        1191        1        1
1323        1164        1        1
1349        1164        1        1
1349        1138        1        1
1376        1138        1        1
1402        1138        1        1
1429        1138        1        1
1455        1138        1        1
1482        1164        1        1
1508        1164        1        1
1535        1164        1        1
1561        1191        1        1
1588        1191        1        1
1614        1217        1        1
1640        1244        1        1
1640        1270        1        1
1667        1296        1        1
1693        1323        1        1
1693        1376        1        1
1693        1402        1        1
1720        1429        1        1
1720        1482        1        1
1720        1508        1        1
1693        1535        1        1
1693        1588        1        1
1667        1614        1        1
1667        1667        1        1
1640        1693        1        1
1614        1720        1        1
1561        1773        1        1
1535        1799        1        1
1535        1826        1        1
1508        1826        1        1
1482        1852        1        1
PEN_UP                  0
PEN_DOWN
1455        1111        1        2
1455        1085        1        2
1482        1085        1        2
1482        1058        1        2
1508        1058        1        2
1535        1058        1        2
1561        1058        1        2
1588        1058        1        2
1614        1058        1        2
1640        1058        1        2
1667        1058        1        2
1693        1058        1        2
1720        1085        1        2
1746        1085        1        2
1799        1111        1        2
1826        1111        1        2
1852        1138        1        2
1905        1164        1        2
1931        1191        1        2
1984        1191        1        2
2011        1217        1        2
2037        1244        1        2
2064        1244        1        2
2090        1244        1        2
2117        1270        1        2
2143        1270        1        2
2170        1296        1        2
2196        1296        1        2
2196        1323        1        2
2223        1323        1        2
2223        1349        1        2
PEN_UP                  0
PEN_DOWN
2196         847        1        3
2223         847        1        3
2223         873        1        3
2249         900        1        3
2249         926        1        3
2249         953        1        3
2275         979        1        3
2275        1005        1        3
2275        1032        1        3
2275        1058        1        3
2275        1111        1        3
2275        1138        1        3
2275        1191        1        3
2275        1217        1        3
2275        1244        1        3
2275        1296        1        3
2275        1323        1        3
2275        1376        1        3
2302        1402        1        3
2302        1429        1        3
2302        1482        1        3
2328        1535        1        3
2328        1588        1        3
2328        1614        1        3
2328        1667        1        3
2328        1720        1        3
2355        1773        1        3
2355        1799        1        3
2355        1852        1        3
2355        1879        1        3
2355        1931        1        3
2381        1958        1        3
2381        1984        1        3
2355        2037        1        3
2355        2064        1        3
2355        2117        1        3
2355        2143        1        3
2355        2170        1        3
2355        2196        1        3
2355        2223        1        3
2328        2249        1        3
2328        2275        1        3
2302        2275        1        3
2302        2302        1        3
2275        2302        1        3
2249        2328        1        3
2223        2328        1        3
2196        2328        1        3
2170        2328        1        3
2143        2302        1        3
2117        2302        1        3
2090        2275        1        3
2037        2249        1        3
2037        2223        1        3
2011        2223        1        3
1984        2196        1        3
1984        2170        1        3
2011        2143        1        3
2011        2117        1        3
2011        2090        1        3
2037        2037        1        3
2064        2011        1        3
2117        1984        1        3
2143        1958        1        3
2196        1958        1        3
2249        1931        1        3
2302        1905        1        3
2355        1905        1        3
2434        1879        1        3
2487        1879        1        3
2540        1879        1        3
2619        1905        1        3
2672        1905        1        3
2725        1931        1        3
2752        1958        1        3
2805        1984        1        3
2858        2011        1        3
2884        2064        1        3
2937        2090        1        3
2963        2117        1        3
3016        2170        1        3
3043        2196        1        3
3069        2223        1        3
3096        2249        1        3
3122        2275        1        3
3149        2302        1        3
3175        2328        1        3
3175        2302        1        3
3175        2275        1        3
3175        2249        1        3
3175        2223        1        3
3175        2170        1        3
3149        2143        1        3
3149        2090        1        3
3122        2037        1        3
3122        1984        1        3
3096        1931        1        3
3096        1852        1        3
3096        1773        1        3
3069        1693        1        3
3069        1614        1        3
3069        1535        1        3
3069        1455        1        3
3043        1376        1        3
3043        1296        1        3
3043        1244        1        3
3016        1191        1        3
3016        1138        1        3
3016        1085        1        3
3016        1058        1        3
3016        1032        1        3
3016        1005        1        3
2990        1005        1        3
3016         979        1        3
2990         979        1        3
PEN_UP                  0
PEN_DOWN
2619         873        1        4
2646         873        1        4
2699         847        1        4
2778         847        1        4
2858         847        1        4
2963         847        1        4
3069         820        1        4
3201         820        1        4
PEN_UP                  0
END_CHARACTER: GM
