CHARACTER_NAME: TTB
STROKE_COUNT: 3
  X           Y   STYLUS_STATE STROKE
PEN_DOWN
 635         873        1        1
 661         873        1        1
 688         873        1        1
 714         873        1        1
 741         847        1        1
 794         847        1        1
 820         847        1        1
 873         847        1        1
 926         847        1        1
 979         847        1        1
1032         820        1        1
1111         820        1        1
1164         820        1        1
1244         820        1        1
1296         820        1        1
1376         794        1        1
1429         794        1        1
1508         794        1        1
1561         794        1        1
1614         794        1        1
1693         794        1        1
1746         794        1        1
1799         794        1        1
1826         794        1        1
1879         794        1        1
1931         794        1        1
1958         794        1        1
1984         794        1        1
2011         794        1        1
2037         794        1        1
PEN_UP                  0
PEN_DOWN
1614         926        1        2
1614         953        1        2
1614         979        1        2
1614        1005        1        2
1614        1032        1        2
1588        1058        1        2
1561        1085        1        2
1561        1111        1        2
1535        1111        1        2
1508        1111        1        2
1482        1138        1        2
1429        1138        1        2
1402        1138        1        2
1376        1111        1        2
1349        1111        1        2
1323        1085        1        2
1296        1085        1        2
1296        1058        1        2
1323        1058        1        2
1323        1032        1        2
1349        1005        1        2
1376         979        1        2
1402         979        1        2
1429         953        1        2
1455         953        1        2
1482         953        1        2
1508         926        1        2
1535         926        1        2
1561         953        1        2
1588         953        1        2
1614         979        1        2
1640         979        1        2
1667        1005        1        2
1667        1032        1        2
1693        1085        1        2
1693        1111        1        2
1693        1138        1        2
1667        1164        1        2
1667        1191        1        2
1640        1244        1        2
1588        1270        1        2
1561        1296        1        2
1508        1296        1        2
1482        1323        1        2
1455        1349        1        2
1429        1349        1        2
1455        1349        1        2
1508        1323        1        2
1535        1323        1        2
1588        1323        1        2
1640        1323        1        2
1693        1296        1        2
1746        1296        1        2
1799        1296        1        2
1826        1323        1        2
1852        1323        1        2
1879        1349        1        2
1905        1376        1        2
1931        1402        1        2
1931        1429        1        2
1958        1455        1        2
1931        1482        1        2
1931        1535        1        2
1905        1588        1        2
1879        1614        1        2
1852        1667        1        2
1799        1693        1        2
1773        1746        1        2
1720        1773        1        2
1693        1799        1        2
1640        1826        1        2
1588        1826        1        2
1535        1826        1        2
1482        1826        1        2
1402        1826        1        2
1323        1799        1        2
1244        1773        1        2
1191        1746        1        2
1111        1693        1        2
1032        1640        1        2
 979        1614        1        2
 926        1561        1        2
 900        1508        1        2
 873        1455        1        2
 873        1402        1        2
 873        1349        1        2
 873        1323        1        2
 900        1270        1        2
 926        1217        1        2
PEN_UP                  0
PEN_DOWN
1508        1958        1        3
1535        1984        1        3
1508        1984        1        3
1508        2011        1        3
1482        2037        1        3
1455        2064        1        3
1429        2064        1        3
1402        2090        1        3
1349        2117        1        3
1296        2117        1        3
1244        2143        1        3
1191        2196        1        3
1111        2223        1        3
1058        2249        1        3
1005        2275        1        3
 953        2302        1        3
 900        2328        1        3
 847        2355        1        3
 820        2355        1        3
 820        2381        1        3
 820        2408        1        3
 847        2408        1        3
 873        2408        1        3
 926        2434        1        3
 953        2434        1        3
1005        2434        1        3
1032        2461        1        3
1085        2461        1        3
1138        2487        1        3
1164        2514        1        3
1217        2540        1        3
1244        2593        1        3
1296        2619        1        3
1323        2672        1        3
1349        2699        1        3
1376        2752        1        3
1402        2778        1        3
1402        2831        1        3
1429        2858        1        3
1455        2884        1        3
1482        2858        1        3
1482        2831        1        3
1482        2805        1        3
1482        2752        1        3
1482        2699        1        3
1482        2619        1        3
1482        2540        1        3
1482        2461        1        3
1482        2381        1        3
1482        2302        1        3
1482        2223        1        3
1482        2143        1        3
1482        2090        1        3
1482        2037        1        3
1482        1984        1        3
1482        1958        1        3
1482        1931        1        3
PEN_UP                  0
END_CHARACTER: TTB
