CHARACTER_NAME: PL
STROKE_COUNT: 3
  X           Y   STYLUS_STATE STROKE
PEN_DOWN
 926        1191        1        1
 953        1191        1        1
 953        1164        1        1
 979        1164        1        1
1005        1164        1        1
1032        1138        1        1
1058        1138        1        1
1085        1138        1        1
1111        1138        1        1
1138        1164        1        1
1164        1164        1        1
1191        1164        1        1
1217        1164        1        1
1217        1191        1        1
1244        1191        1        1
1270        1217        1        1
1270        1244        1        1
1296        1270        1        1
1296        1296        1        1
1296        1323        1        1
1296        1349        1        1
1296        1376        1        1
1270        1376        1        1
1270        1402        1        1
1270        1429        1        1
1244        1455        1        1
1244        1482        1        1
1244        1508        1        1
1217        1535        1        1
1217        1561        1        1
1217        1588        1        1
1191        1614        1        1
1191        1640        1        1
1164        1667        1        1
1164        1693        1        1
1164        1720        1        1
1138        1720        1        1
1138        1746        1        1
1164        1720        1        1
1191        1693        1        1
1217        1667        1        1
1244        1640        1        1
1270        1614        1        1
1323        1588        1        1
1349        1561        1        1
1402        1508        1        1
1429        1482        1        1
1482        1455        1        1
1535        1429        1        1
1561        1402        1        1
1614        1376        1        1
1667        1349        1        1
1693        1323        1        1
1746        1323        1        1
1773        1296        1        1
1799        1296        1        1
1852        1296        1        1
1879        1270        1        1
PEN_UP                  0
PEN_DOWN
1058        1138        1        2
1085        1138        1        2
1111        1111        1        2
1138        1111        1        2
1164        1111        1        2
1191        1085        1        2
1217        1085        1        2
1244        1085        1        2
1270        1085        1        2
1323        1058        1        2
1349        1058        1        2
1376        1058        1        2
1402        1058        1        2
1455        1058        1        2
1482        1058        1        2
1508        1032        1        2
1535        1058        1        2
1561        1058        1        2
1588        1058        1        2
1614        1058        1        2
1667        1058        1        2
1693        1085        1        2
1720        1085        1        2
1746        1085        1        2
1746        1111        1        2
1773        1111        1        2
1799        1138        1        2
1826        1164        1        2
1852        1164        1        2
1852        1191        1        2
1879        1217        1        2
1905        1244        1        2
1931        1270        1        2
1958        1296        1        2
1958        1323        1        2
1958        1349        1        2
1958        1376        1        2
1984        1376        1        2
1984        1402        1        2
PEN_UP                  0
PEN_DOWN
2011         794        1        3
2011         820        1        3
2037         847        1        3
2037         873        1        3
2064         900        1        3
2064         926        1        3
2064         953        1        3
2064         979        1        3
2064        1005        1        3
2064        1058        1        3
2037        1085        1        3
2037        1111        1        3
2037        1164        1        3
2037        1191        1        3
2037        1244        1        3
2037        1270        1        3
2037        1323        1        3
2037        1349        1        3
2037        1376        1        3
2037        1429        1        3
2037        1482        1        3
2037        1508        1        3
2064        1561        1        3
2064        1588        1        3
2064        1640        1        3
2064        1667        1        3
2064        1720        1        3
2064        1746        1        3
2064        1773        1        3
2064        1826        1        3
2090        1852        1        3
2090        1879        1        3
2090        1905        1        3
2090        1931        1        3
2090        1958        1        3
2090        1984        1        3
2090        2011        1        3
2090        2037        1        3
2090        2064        1        3
2090        2090        1        3
2090        2117        1        3
2090        2143        1        3
2090        2170        1        3
2090        2196        1        3
2090        2223        1        3
2090        2249        1        3
2117        2249        1        3
2117        2275        1        3
2117        2302        1        3
2117        2328        1        3
2143        2328        1        3
2143        2355        1        3
2143        2381        1        3
2143        2408        1        3
2143        2381        1        3
2143        2355        1        3
2143        2328        1        3
2143        2302        1        3
2117        2302        1        3
2117        2275        1        3
2090        2249        1        3
2090        2223        1        3
2064        2223        1        3
2064        2196        1        3
2037        2170        1        3
2011        2143        1        3
1984        2117        1        3
1958        2117        1        3
1931        2090        1        3
1879        2064        1        3
1852        2064        1        3
1826        2037        1        3
1799        2037        1        3
1773        2011        1        3
1746        2011        1        3
1720        2011        1        3
1693        2011        1        3
1693        2037        1        3
1667        2037        1        3
1640        2064        1        3
1640        2090        1        3
1640        2117        1        3
1640        2143        1        3
1640        2170        1        3
1640        2196        1        3
1667        2196        1        3
1667        2223        1        3
1667        2196        1        3
1693        2196        1        3
1693        2170        1        3
1693        2143        1        3
1693        2117        1        3
1667        2117        1        3
1667        2090        1        3
1667        2064        1        3
1640        2037        1        3
1614        2011        1        3
1614        1984        1        3
1588        1984        1        3
1588        1958        1        3
1561        1958        1        3
1535        1931        1        3
1508        1931        1        3
1482        1931        1        3
1455        1931        1        3
1402        1931        1        3
1376        1931        1        3
1349        1958        1        3
1296        1958        1        3
1270        1958        1        3
1244        1958        1        3
1191        1958        1        3
1164        1984        1        3
1138        1984        1        3
1111        2011        1        3
1085        2037        1        3
1058        2064        1        3
1032        2090        1        3
1005        2117        1        3
 979        2143        1        3
 979        2170        1        3
 953        2196        1        3
 953        2223        1        3
 926        2249        1        3
 926        2275        1        3
 953        2302        1        3
 953        2328        1        3
 953        2355        1        3
 979        2381        1        3
1005        2408        1        3
1005        2434        1        3
1032        2461        1        3
1085        2461        1        3
1111        2487        1        3
1138        2487        1        3
1164        2514        1        3
1191        2514        1        3
1217        2514        1        3
1244        2514        1        3
1270        2514        1        3
1296        2514        1        3
1323        2514        1        3
1349        2487        1        3
1349        2461        1        3
1349        2434        1        3
1349        2408        1        3
1296        2381        1        3
1270        2355        1        3
1217        2328        1        3
1164        2302        1        3
PEN_UP                  0
END_CHARACTER: PL
