CHARACTER_NAME: MV
STROKE_COUNT: 3
  X           Y   STYLUS_STATE STROKE
PEN_DOWN
 873        1058        1        1
 900        1032        1        1
 926        1032        1        1
 953        1032        1        1
1005        1032        1        1
1032        1032        1        1
1085        1032        1        1
1138        1032        1        1
1164        1032        1        1
1217        1032        1        1
1270        1032        1        1
1323        1032        1        1
1376        1032        1        1
1429        1032        1        1
1482        1032        1        1
1508        1032        1        1
1561        1032        1        1
1614        1032        1        1
1640        1032        1        1
1667        1032        1        1
1693        1032        1        1
1720        1032        1        1
1746        1032        1        1
1773        1032        1        1
1799        1032        1        1
1826        1032        1        1
1852        1032        1        1
1879        1032        1        1
1905        1032        1        1
1931        1032        1        1
1905        1058        1        1
PEN_UP                  0
PEN_DOWN
1429        1058        1        2
1455        1058        1        2
1429        1058        1        2
1402        1085        1        2
1376        1111        1        2
1349        1138        1        2
1323        1164        1        2
1296        1191        1        2
1244        1217        1        2
1217        1244        1        2
1191        1244        1        2
1164        1270        1        2
1138        1296        1        2
1111        1323        1        2
1085        1349        1        2
1085        1323        1        2
1111        1323        1        2
1138        1323        1        2
1164        1296        1        2
1191        1296        1        2
1217        1296        1        2
1244        1296        1        2
1270        1296        1        2
1296        1296        1        2
1323        1270        1        2
1349        1296        1        2
1376        1296        1        2
1402        1296        1        2
1429        1296        1        2
1455        1296        1        2
1455        1323        1        2
1482        1323        1        2
1508        1323        1        2
1508        1349        1        2
1508        1376        1        2
1535        1402        1        2
1535        1429        1        2
1535        1455        1        2
1535        1482        1        2
1535        1508        1        2
1508        1535        1        2
1508        1588        1        2
1482        1614        1        2
1455        1640        1        2
1429        1640        1        2
1402        1667        1        2
1349        1693        1        2
1323        1720        1        2
1270        1720        1        2
1244        1720        1        2
1217        1720        1        2
1191        1720        1        2
1164        1720        1        2
1164        1693        1        2
1191        1667        1        2
1217        1640        1        2
1244        1614        1        2
1270        1588        1        2
1296        1561        1        2
1323        1535        1        2
1376        1535        1        2
1402        1508        1        2
1455        1508        1        2
1482        1482        1        2
1535        1482        1        2
1588        1482        1        2
1614        1482        1        2
1667        1482        1        2
1720        1508        1        2
1746        1535        1        2
1773        1561        1        2
1826        1588        1        2
1852        1614        1        2
1905        1640        1        2
1931        1693        1        2
1958        1720        1        2
1984        1746        1        2
2011        1773        1        2
2037        1826        1        2
2064        1852        1        2
2064        1879        1        2
2064        1905        1        2
2064        1879        1        2
2064        1852        1        2
2064        1826        1        2
2064        1799        1        2
2064        1746        1        2
2064        1720        1        2
2064        1667        1        2
2037        1640        1        2
2037        1588        1        2
2037        1535        1        2
2037        1482        1        2
2037        1455        1        2
2037        1402        1        2
2037        1376        1        2
2037        1323        1        2
2037        1296        1        2
2037        1270        1        2
2037        1217        1        2
2037        1191        1        2
2037        1164        1        2
2011        1138        1        2
2011        1111        1        2
2011        1085        1        2
2011        1058        1        2
2011        1032        1        2
2011        1005        1        2
PEN_UP                  0
PEN_DOWN
2249        1958        1        3
2249        1984        1        3
2249        2011        1        3
2249        2037        1        3
2275        2011        1        3
2302        2011        1        3
2328        1984        1        3
2355        1984        1        3
2355        1958        1        3
2355        1931        1        3
2355        1905        1        3
2328        1905        1        3
2328        1879        1        3
2302        1879        1        3
2275        1905        1        3
2249        1905        1        3
2223        1905        1        3
2196        1931        1        3
2196        1958        1        3
2170        1958        1        3
2143        1984        1        3
2117        2011        1        3
2090        2037        1        3
2064        2064        1        3
2064        2090        1        3
2037        2117        1        3
2037        2143        1        3
2011        2170        1        3
2011        2196        1        3
2037        2223        1        3
2037        2249        1        3
2064        2249        1        3
2090        2275        1        3
2117        2302        1        3
2143        2302        1        3
2170        2328        1        3
2196        2328        1        3
2249        2328        1        3
2275        2328        1        3
2302        2328        1        3
2355        2328        1        3
2381        2302        1        3
2434        2302        1        3
2461        2302        1        3
2514        2275        1        3
2540        2275        1        3
2566        2249        1        3
2593        2249        1        3
2619        2223        1        3
2646        2223        1        3
2672        2196        1        3
2699        2170        1        3
2725        2143        1        3
2725        2117        1        3
2752        2117        1        3
2725        2117        1        3
2725        2143        1        3
2699        2170        1        3
2699        2196        1        3
2672        2223        1        3
2646        2249        1        3
2619        2275        1        3
2619        2302        1        3
2593        2328        1        3
2566        2355        1        3
2540        2381        1        3
2514        2381        1        3
2487        2408        1        3
2461        2434        1        3
2408        2434        1        3
2381        2461        1        3
2355        2461        1        3
2302        2487        1        3
2275        2487        1        3
2223        2487        1        3
2196        2487        1        3
2143        2487        1        3
2117        2487        1        3
2064        2487        1        3
2011        2461        1        3
1958        2461        1        3
1931        2434        1        3
1879        2408        1        3
1852        2381        1        3
1799        2355        1        3
1773        2328        1        3
1746        2302        1        3
1720        2249        1        3
1693        2223        1        3
1667        2170        1        3
1667        2117        1        3
1640        2090        1        3
1640        2037        1        3
1614        1984        1        3
1614        1931        1        3
1588        1852        1        3
1588        1799        1        3
PEN_UP                  0
END_CHARACTER: MV
