CHARACTER_NAME: FN
STROKE_COUNT: 4
  X           Y   STYLUS_STATE STROKE
PEN_DOWN
1455        2011        1        1
1455        1984        1        1
1482        1984        1        1
1508        1984        1        1
1535        1958        1        1
1588        1958        1        1
1640        1958        1        1
1720        1958        1        1
1799        1958        1        1
1905        1931        1        1
2011        1931        1        1
2143        1931        1        1
2275        1905        1        1
2381        1905        1        1
2487        1905        1        1
2566        1879        1        1
2619        1879        1        1
2672        1879        1        1
2725        1879        1        1
2752        1879        1        1
2725        1905        1        1
PEN_UP                  0
PEN_DOWN
1773        2064        1        2
1799        2037        1        2
1826        2037        1        2
1852        2037        1        2
1905        2037        1        2
1931        2037        1        2
1984        2064        1        2
2037        2064        1        2
2064        2090        1        2
2117        2090        1        2
2170        2117        1        2
2196        2143        1        2
2223        2170        1        2
2249        2223        1        2
2249        2249        1        2
2275        2302        1        2
2249        2328        1        2
2249        2381        1        2
2223        2434        1        2
2196        2487        1        2
2170        2540        1        2
2117        2593        1        2
2064        2619        1        2
2037        2672        1        2
1984        2699        1        2
1931        2725        1        2
1879        2752        1        2
1852        2752        1        2
1799        2752        1        2
1773        2778        1        2
1746        2778        1        2
1720        2752        1        2
1693        2752        1        2
1720        2725        1        2
1720        2699        1        2
1746        2672        1        2
1773        2646        1        2
1799        2619        1        2
1852        2619        1        2
1879        2593        1        2
1931        2593        1        2
1984        2566        1        2
2037        2566        1        2
2117        2566        1        2
2170        2593        1        2
2223        2593        1        2
2302        2619        1        2
2355        2619        1        2
2408        2646        1        2
2461        2672        1        2
2487        2699        1        2
2540        2725        1        2
2566        2752        1        2
2593        2778        1        2
2619        2805        1        2
2646        2831        1        2
2672        2858        1        2
2699        2884        1        2
2725        2884        1        2
2725        2858        1        2
2725        2831        1        2
2725        2805        1        2
2725        2752        1        2
2725        2725        1        2
2699        2672        1        2
2699        2619        1        2
2699        2566        1        2
2672        2514        1        2
2672        2461        1        2
2672        2381        1        2
2672        2328        1        2
2672        2275        1        2
2672        2223        1        2
2672        2170        1        2
2672        2143        1        2
2672        2117        1        2
2672        2064        1        2
2699        2064        1        2
2699        2037        1        2
2699        2011        1        2
2672        2011        1        2
2646        2011        1        2
PEN_UP                  0
PEN_DOWN
2249        2328        1        3
2275        2328        1        3
2275        2302        1        3
2302        2302        1        3
2328        2275        1        3
2355        2275        1        3
2381        2275        1        3
2408        2275        1        3
2434        2249        1        3
2461        2249        1        3
2514        2249        1        3
2540        2249        1        3
2566        2249        1        3
2593        2249        1        3
2619        2249        1        3
2646        2249        1        3
2672        2275        1        3
2699        2275        1        3
2725        2275        1        3
2752        2275        1        3
2778        2275        1        3
2805        2275        1        3
2831        2302        1        3
PEN_UP                  0
PEN_DOWN
2805        2249        1        4
2805        2223        1        4
2831        2223        1        4
2831        2196        1        4
2858        2170        1        4
2884        2143        1        4
2910        2143        1        4
2937        2117        1        4
2963        2143        1        4
2990        2143        1        4
3016        2143        1        4
3069        2143        1        4
3096        2170        1        4
3122        2170        1        4
3149        2196        1        4
3175        2223        1        4
3175        2249        1        4
3201        2275        1        4
3175        2302        1        4
3175        2328        1        4
3149        2355        1        4
3149        2381        1        4
3122        2434        1        4
3096        2461        1        4
3069        2461        1        4
3069        2487        1        4
3043        2487        1        4
3016        2514        1        4
3043        2514        1        4
3069        2514        1        4
3096        2487        1        4
3122        2487        1        4
3175        2514        1        4
3201        2514        1        4
3254        2514        1        4
3281        2514        1        4
3307        2540        1        4
3334        2540        1        4
3360        2566        1        4
3360        2593        1        4
3387        2619        1        4
3387        2646        1        4
3360        2672        1        4
3360        2699        1        4
3334        2725        1        4
3307        2752        1        4
3281        2778        1        4
3254        2778        1        4
3201        2805        1        4
3175        2805        1        4
3122        2831        1        4
3069        2831        1        4
3043        2831        1        4
2990        2831        1        4
2937        2805        1        4
2910        2805        1        4
2884        2778        1        4
2831        2778        1        4
2805        2752        1        4
2778        2725        1        4
2752        2699        1        4
2725        2672        1        4
2725        2646        1        4
2699        2593        1        4
2699        2566        1        4
2725        2540        1        4
PEN_UP                  0
END_CHARACTER: FN
