CHARACTER_NAME: SPH
STROKE_COUNT: 3
  X           Y   STYLUS_STATE STROKE
PEN_DOWN
1746        1931        1        1
1746        1905        1        1
1720        1905        1        1
1720        1931        1        1
1693        1931        1        1
1667        1958        1        1
1640        2011        1        1
1614        2037        1        1
1588        2064        1        1
1588        2090        1        1
1588        2117        1        1
1588        2170        1        1
1614        2196        1        1
1614        2223        1        1
1640        2223        1        1
1667        2249        1        1
1693        2249        1        1
1746        2249        1        1
1773        2249        1        1
1826        2249        1        1
1852        2249        1        1
1905        2223        1        1
1931        2196        1        1
1958        2170        1        1
1984        2170        1        1
2011        2143        1        1
2037        2117        1        1
2064        2090        1        1
2090        2090        1        1
2064        2090        1        1
2064        2117        1        1
2064        2143        1        1
2064        2170        1        1
2064        2196        1        1
2090        2223        1        1
2117        2249        1        1
2143        2249        1        1
2170        2249        1        1
2196        2249        1        1
2223        2249        1        1
2275        2223        1        1
2302        2223        1        1
2328        2196        1        1
2355        2170        1        1
2381        2143        1        1
2408        2117        1        1
2408        2064        1        1
2434        2037        1        1
2434        1984        1        1
2461        1958        1        1
2461        1931        1        1
2461        1879        1        1
2461        1852        1        1
2461        1826        1        1
2461        1799        1        1
2434        1799        1        1
2434        1826        1        1
PEN_UP                  0
PEN_DOWN
2408        1958        1        2
2408        1931        1        2
2408        1905        1        2
2434        1905        1        2
2461        1905        1        2
2487        1905        1        2
2514        1905        1        2
2566        1905        1        2
2619        1931        1        2
2646        1931        1        2
2699        1958        1        2
2725        1984        1        2
2752        2037        1        2
2778        2064        1        2
2805        2090        1        2
2805        2143        1        2
2805        2196        1        2
2805        2223        1        2
2778        2275        1        2
2778        2302        1        2
2752        2355        1        2
2699        2408        1        2
2672        2434        1        2
2619        2487        1        2
2593        2514        1        2
2566        2540        1        2
2514        2540        1        2
2487        2566        1        2
2461        2566        1        2
2434        2540        1        2
2461        2540        1        2
2461        2514        1        2
2487        2487        1        2
2514        2461        1        2
2566        2461        1        2
2593        2434        1        2
2646        2434        1        2
2672        2408        1        2
2725        2408        1        2
2752        2408        1        2
2805        2434        1        2
2831        2434        1        2
2884        2461        1        2
2910        2487        1        2
2937        2514        1        2
2990        2540        1        2
3016        2566        1        2
3043        2593        1        2
3069        2619        1        2
3096        2646        1        2
3096        2672        1        2
3122        2672        1        2
3122        2699        1        2
3149        2699        1        2
3149        2672        1        2
3122        2646        1        2
3122        2619        1        2
3122        2566        1        2
3122        2540        1        2
3096        2487        1        2
3096        2434        1        2
3096        2381        1        2
3096        2355        1        2
3122        2302        1        2
3149        2275        1        2
3175        2223        1        2
3201        2196        1        2
3228        2170        1        2
3281        2170        1        2
3334        2143        1        2
3360        2143        1        2
3413        2143        1        2
3466        2143        1        2
3493        2143        1        2
3545        2170        1        2
3572        2196        1        2
3598        2223        1        2
3598        2249        1        2
3598        2275        1        2
3598        2302        1        2
3598        2328        1        2
3572        2355        1        2
3545        2381        1        2
3519        2381        1        2
3493        2381        1        2
3466        2381        1        2
3440        2381        1        2
3413        2355        1        2
3387        2355        1        2
3360        2328        1        2
3360        2302        1        2
3360        2275        1        2
3360        2249        1        2
3387        2223        1        2
3413        2223        1        2
3440        2196        1        2
PEN_UP                  0
PEN_DOWN
2355        1746        1        3
2381        1746        1        3
2381        1720        1        3
2408        1720        1        3
2434        1720        1        3
2487        1720        1        3
2540        1720        1        3
2593        1720        1        3
2699        1746        1        3
2778        1746        1        3
2884        1746        1        3
2990        1746        1        3
3096        1746        1        3
3201        1746        1        3
3334        1746        1        3
3440        1746        1        3
3545        1746        1        3
3625        1746        1        3
3704        1746        1        3
3757        1746        1        3
3784        1746        1        3
3836        1746        1        3
3863        1746        1        3
3863        1773        1        3
PEN_UP                  0
END_CHARACTER: SPH
