CHARACTER_NAME: NGG
STROKE_COUNT: 3
  X           Y   STYLUS_STATE STROKE
PEN_DOWN
1588        1508        1        1
1614        1508        1        1
1588        1482        1        1
1561        1482        1        1
1535        1482        1        1
1508        1482        1        1
1482        1482        1        1
1455        1482        1        1
1482        1482        1        1
1535        1482        1        1
1588        1482        1        1
1693        1482        1        1
1799        1482        1        1
1931        1482        1        1
2090        1482        1        1
2249        1482        1        1
2408        1482        1        1
2566        1482        1        1
2752        1455        1        1
2910        1455        1        1
3069        1455        1        1
3228        1455        1        1
3360        1429        1        1
3493        1429        1        1
3598        1429        1        1
3678        1429        1        1
3757        1402        1        1
3810        1402        1        1
3836        1402        1        1
3863        1402        1        1
3889        1402        1        1
3889        1429        1        1
PEN_UP                  0
PEN_DOWN
2090        1773        1        2
2090        1746        1        2
2117        1746        1        2
2117        1773        1        2
2090        1773        1        2
2090        1799        1        2
2064        1799        1        2
2064        1826        1        2
2037        1852        1        2
2011        1852        1        2
2011        1879        1        2
1984        1879        1        2
1958        1879        1        2
1958        1852        1        2
1931        1852        1        2
1931        1826        1        2
1931        1799        1        2
1931        1773        1        2
1958        1773        1        2
1958        1746        1        2
1984        1746        1        2
1984        1720        1        2
2011        1720        1        2
2037        1693        1        2
2064        1693        1        2
2090        1693        1        2
2117        1693        1        2
2143        1667        1        2
2170        1667        1        2
2196        1667        1        2
2223        1693        1        2
2249        1693        1        2
2302        1693        1        2
2302        1720        1        2
2328        1746        1        2
2355        1773        1        2
2381        1773        1        2
2408        1799        1        2
2434        1852        1        2
2434        1879        1        2
2434        1905        1        2
2461        1958        1        2
2434        1984        1        2
2434        2011        1        2
2434        2064        1        2
2408        2117        1        2
2408        2143        1        2
2381        2196        1        2
2381        2223        1        2
2355        2275        1        2
2328        2328        1        2
2302        2355        1        2
2275        2408        1        2
2249        2434        1        2
2223        2487        1        2
2196        2514        1        2
2170        2540        1        2
2143        2566        1        2
2143        2593        1        2
2117        2593        1        2
2117        2619        1        2
2117        2646        1        2
2117        2619        1        2
2143        2619        1        2
2143        2593        1        2
2170        2566        1        2
2170        2540        1        2
2196        2540        1        2
2223        2487        1        2
2249        2461        1        2
2302        2434        1        2
2328        2408        1        2
2381        2355        1        2
2434        2302        1        2
2487        2275        1        2
2540        2223        1        2
2593        2170        1        2
2646        2117        1        2
2699        2064        1        2
2752        2011        1        2
2805        1958        1        2
2858        1905        1        2
2910        1879        1        2
2963        1826        1        2
3016        1799        1        2
3043        1773        1        2
3096        1746        1        2
3122        1720        1        2
3149        1693        1        2
3175        1693        1        2
3201        1667        1        2
3228        1667        1        2
3201        1693        1        2
3175        1693        1        2
3175        1720        1        2
3149        1773        1        2
3096        1799        1        2
3069        1852        1        2
3043        1879        1        2
3016        1931        1        2
2990        1984        1        2
2990        2037        1        2
2963        2090        1        2
2963        2143        1        2
2963        2196        1        2
2963        2223        1        2
2990        2275        1        2
3016        2302        1        2
3043        2355        1        2
3069        2381        1        2
3122        2408        1        2
3175        2408        1        2
3228        2434        1        2
3307        2434        1        2
3360        2434        1        2
3413        2434        1        2
3466        2434        1        2
3519        2434        1        2
3572        2434        1        2
3598        2408        1        2
3625        2408        1        2
3651        2408        1        2
3678        2408        1        2
3678        2381        1        2
3704        2381        1        2
PEN_UP                  0
PEN_DOWN
2831        1508        1        3
2805        1482        1        3
2805        1508        1        3
2805        1535        1        3
2805        1561        1        3
2805        1588        1        3
2805        1614        1        3
2831        1614        1        3
2831        1640        1        3
2831        1667        1        3
2858        1667        1        3
2858        1693        1        3
2884        1720        1        3
2910        1720        1        3
2937        1720        1        3
2963        1746        1        3
2990        1746        1        3
3016        1746        1        3
3043        1720        1        3
3096        1720        1        3
3122        1720        1        3
3175        1720        1        3
3201        1693        1        3
3254        1693        1        3
3307        1667        1        3
3360        1640        1        3
3387        1640        1        3
3440        1614        1        3
3493        1588        1        3
3519        1561        1        3
3545        1535        1        3
3598        1535        1        3
3625        1508        1        3
3625        1482        1        3
3651        1482        1        3
3678        1455        1        3
3704        1429        1        3
3678        1455        1        3
PEN_UP                  0
END_CHARACTER: NGG
