CHARACTER_NAME: NGJ
STROKE_COUNT: 2
  X           Y   STYLUS_STATE STROKE
PEN_DOWN
1746        2064        1        1
1746        2090        1        1
1746        2117        1        1
1746        2090        1        1
1773        2090        1        1
1746        2117        1        1
1720        2117        1        1
1720        2143        1        1
1720        2117        1        1
1746        2117        1        1
1720        2117        1        1
1746        2090        1        1
1746        2117        1        1
1720        2117        1        1
1693        2143        1        1
1667        2170        1        1
1640        2170        1        1
1614        2170        1        1
1614        2143        1        1
1588        2143        1        1
1561        2117        1        1
1561        2090        1        1
1561        2064        1        1
1561        2037        1        1
1588        2011        1        1
1588        1984        1        1
1588        1958        1        1
1614        1958        1        1
1614        1931        1        1
1614        1905        1        1
1640        1905        1        1
1640        1879        1        1
1667        1852        1        1
1667        1826        1        1
1693        1826        1        1
1693        1799        1        1
1693        1773        1        1
1720        1773        1        1
1720        1746        1        1
1746        1746        1        1
1746        1720        1        1
1773        1720        1        1
1799        1720        1        1
1799        1693        1        1
1826        1693        1        1
1852        1693        1        1
1879        1693        1        1
1905        1693        1        1
1931        1693        1        1
1958        1693        1        1
1984        1693        1        1
1984        1720        1        1
2011        1720        1        1
2037        1720        1        1
2064        1746        1        1
2090        1773        1        1
2117        1799        1        1
2117        1826        1        1
2143        1852        1        1
2143        1879        1        1
2143        1905        1        1
2170        1905        1        1
2170        1931        1        1
2170        1958        1        1
2170        1984        1        1
2170        2011        1        1
2170        2037        1        1
2170        2064        1        1
2143        2090        1        1
2143        2117        1        1
2143        2143        1        1
2117        2143        1        1
2117        2170        1        1
2117        2196        1        1
2090        2196        1        1
2090        2223        1        1
2090        2249        1        1
2064        2249        1        1
2064        2275        1        1
2037        2275        1        1
2037        2302        1        1
2011        2328        1        1
1984        2355        1        1
1984        2381        1        1
1958        2381        1        1
1958        2408        1        1
1958        2434        1        1
1931        2434        1        1
1931        2461        1        1
1905        2487        1        1
1905        2514        1        1
1905        2540        1        1
1879        2566        1        1
1879        2593        1        1
1879        2619        1        1
1879        2646        1        1
1852        2672        1        1
1852        2699        1        1
1852        2725        1        1
1852        2752        1        1
1852        2778        1        1
1852        2805        1        1
1852        2831        1        1
1852        2858        1        1
1852        2884        1        1
1852        2910        1        1
1852        2937        1        1
1852        2963        1        1
1852        2990        1        1
1852        3016        1        1
1852        3043        1        1
1852        3069        1        1
1879        3096        1        1
1879        3122        1        1
1905        3149        1        1
1905        3175        1        1
1931        3201        1        1
1931        3228        1        1
1958        3228        1        1
1958        3254        1        1
1984        3254        1        1
2011        3281        1        1
2037        3281        1        1
2064        3307        1        1
2090        3307        1        1
2117        3307        1        1
2143        3334        1        1
2170        3334        1        1
2196        3334        1        1
2223        3334        1        1
2249        3334        1        1
2275        3334        1        1
2302        3307        1        1
2328        3307        1        1
2355        3281        1        1
2381        3281        1        1
2408        3254        1        1
2434        3228        1        1
2461        3228        1        1
2487        3201        1        1
2487        3175        1        1
2514        3149        1        1
2540        3149        1        1
2566        3122        1        1
2566        3096        1        1
2593        3069        1        1
2593        3043        1        1
2619        3016        1        1
2619        2990        1        1
2619        2963        1        1
2646        2937        1        1
2646        2910        1        1
2619        2884        1        1
2619        2858        1        1
2619        2831        1        1
2593        2805        1        1
2593        2778        1        1
2593        2752        1        1
2566        2752        1        1
2566        2725        1        1
2540        2725        1        1
2514        2699        1        1
2487        2672        1        1
2461        2672        1        1
2461        2646        1        1
2434        2646        1        1
2408        2646        1        1
2381        2619        1        1
2355        2593        1        1
2328        2593        1        1
2302        2566        1        1
2302        2540        1        1
2302        2514        1        1
2302        2487        1        1
2328        2487        1        1
2328        2461        1        1
2355        2461        1        1
2381        2461        1        1
2434        2461        1        1
2461        2487        1        1
2514        2487        1        1
2540        2487        1        1
2593        2514        1        1
2646        2514        1        1
2699        2540        1        1
2725        2566        1        1
2752        2593        1        1
2805        2619        1        1
2831        2646        1        1
2858        2699        1        1
2884        2725        1        1
2884        2778        1        1
2910        2805        1        1
2910        2858        1        1
2937        2884        1        1
2937        2937        1        1
2937        2990        1        1
2937        3043        1        1
2937        3096        1        1
2937        3149        1        1
2910        3175        1        1
2910        3228        1        1
2884        3281        1        1
2884        3307        1        1
2858        3360        1        1
2831        3387        1        1
2831        3440        1        1
2805        3466        1        1
2778        3493        1        1
2778        3519        1        1
2752        3545        1        1
2725        3572        1        1
2699        3598        1        1
2672        3625        1        1
2699        3625        1        1
2725        3625        1        1
2778        3625        1        1
2805        3625        1        1
2858        3598        1        1
2910        3598        1        1
2963        3598        1        1
3043        3572        1        1
3122        3572        1        1
3201        3572        1        1
3281        3545        1        1
3387        3545        1        1
3466        3545        1        1
3572        3545        1        1
3651        3545        1        1
3731        3545        1        1
3784        3545        1        1
3863        3545        1        1
3889        3545        1        1
3942        3545        1        1
3969        3545        1        1
3995        3545        1        1
4022        3545        1        1
4022        3519        1        1
3995        3519        1        1
PEN_UP                  0
PEN_DOWN
2170        2011        1        2
2143        2011        1        2
2170        1984        1        2
2170        1958        1        2
2196        1958        1        2
2196        1931        1        2
2223        1905        1        2
2249        1879        1        2
2275        1879        1        2
2328        1852        1        2
2355        1826        1        2
2408        1799        1        2
2434        1799        1        2
2487        1773        1        2
2540        1746        1        2
2593        1746        1        2
2646        1746        1        2
2699        1720        1        2
2752        1720        1        2
2778        1746        1        2
2831        1746        1        2
2858        1746        1        2
2858        1773        1        2
2884        1799        1        2
2884        1826        1        2
2884        1852        1        2
2884        1905        1        2
2858        1931        1        2
2831        1958        1        2
2805        1984        1        2
2778        2011        1        2
2752        2037        1        2
2725        2064        1        2
2699        2090        1        2
2672        2090        1        2
2699        2117        1        2
2725        2090        1        2
2752        2090        1        2
2778        2090        1        2
2805        2090        1        2
2858        2090        1        2
2884        2090        1        2
2910        2090        1        2
2963        2090        1        2
2990        2090        1        2
3016        2090        1        2
3069        2117        1        2
3096        2143        1        2
3096        2170        1        2
3096        2196        1        2
3096        2223        1        2
3069        2249        1        2
3043        2275        1        2
3016        2302        1        2
2963        2328        1        2
2937        2355        1        2
2884        2381        1        2
2831        2381        1        2
2778        2408        1        2
2725        2408        1        2
2672        2408        1        2
2593        2408        1        2
2540        2408        1        2
2487        2381        1        2
2408        2355        1        2
2355        2328        1        2
2302        2302        1        2
2275        2275        1        2
2223        2249        1        2
2196        2223        1        2
2170        2196        1        2
2143        2170        1        2
2117        2170        1        2
2117        2143        1        2
2117        2117        1        2
PEN_UP                  0
END_CHARACTER: NGJ
