CHARACTER_NAME: ML
STROKE_COUNT: 2
  X           Y   STYLUS_STATE STROKE
PEN_DOWN
1270        1244        1        1
1244        1244        1        1
1270        1244        1        1
1296        1244        1        1
1349        1244        1        1
1376        1217        1        1
1429        1217        1        1
1482        1217        1        1
1535        1217        1        1
1614        1217        1        1
1667        1217        1        1
1720        1217        1        1
1799        1191        1        1
1852        1191        1        1
1879        1191        1        1
1931        1191        1        1
1958        1191        1        1
1984        1191        1        1
2011        1191        1        1
1984        1191        1        1
1958        1191        1        1
1931        1191        1        1
1879        1191        1        1
1852        1191        1        1
1826        1217        1        1
1799        1217        1        1
1773        1217        1        1
1746        1244        1        1
1720        1244        1        1
1693        1270        1        1
1667        1296        1        1
1640        1323        1        1
1614        1349        1        1
1614        1376        1        1
1614        1402        1        1
1640        1429        1        1
1640        1455        1        1
1667        1482        1        1
1693        1482        1        1
1746        1508        1        1
1773        1535        1        1
1799        1561        1        1
1826        1588        1        1
1852        1614        1        1
1879        1614        1        1
1879        1640        1        1
1905        1667        1        1
1905        1693        1        1
1931        1720        1        1
1905        1720        1        1
1905        1746        1        1
1905        1773        1        1
1879        1799        1        1
1852        1826        1        1
1826        1852        1        1
1799        1852        1        1
1773        1879        1        1
1746        1879        1        1
1693        1879        1        1
1667        1879        1        1
1640        1879        1        1
1614        1879        1        1
1588        1879        1        1
1561        1852        1        1
1588        1826        1        1
1588        1799        1        1
1614        1773        1        1
1640        1746        1        1
1667        1720        1        1
1693        1720        1        1
1746        1693        1        1
1773        1693        1        1
1799        1667        1        1
1852        1667        1        1
1879        1667        1        1
1905        1667        1        1
1958        1667        1        1
1984        1667        1        1
2037        1667        1        1
2064        1667        1        1
2117        1693        1        1
2143        1693        1        1
2196        1693        1        1
2223        1720        1        1
2275        1720        1        1
2302        1720        1        1
2355        1746        1        1
2381        1746        1        1
2408        1773        1        1
2434        1773        1        1
2461        1799        1        1
2487        1799        1        1
2487        1826        1        1
2514        1826        1        1
2514        1799        1        1
2514        1773        1        1
2514        1746        1        1
2514        1720        1        1
2514        1693        1        1
2514        1667        1        1
2514        1640        1        1
2514        1614        1        1
2487        1588        1        1
2487        1535        1        1
2461        1508        1        1
2461        1482        1        1
2461        1455        1        1
2461        1402        1        1
2434        1376        1        1
2434        1349        1        1
2434        1323        1        1
2434        1296        1        1
2408        1270        1        1
2434        1270        1        1
2434        1244        1        1
2434        1217        1        1
2461        1191        1        1
2487        1217        1        1
2514        1217        1        1
2540        1217        1        1
2593        1217        1        1
2646        1217        1        1
2699        1217        1        1
2725        1217        1        1
2805        1217        1        1
2831        1217        1        1
2884        1217        1        1
2937        1191        1        1
2963        1191        1        1
2990        1191        1        1
3016        1191        1        1
3043        1217        1        1
3016        1244        1        1
PEN_UP                  0
PEN_DOWN
2037        2381        1        2
2011        2381        1        2
1984        2408        1        2
1958        2408        1        2
1958        2381        1        2
1931        2381        1        2
1931        2355        1        2
1931        2328        1        2
1931        2302        1        2
1958        2275        1        2
1958        2249        1        2
1958        2223        1        2
1984        2196        1        2
1984        2170        1        2
2011        2143        1        2
2037        2117        1        2
2037        2090        1        2
2064        2090        1        2
2090        2090        1        2
2117        2064        1        2
2117        2090        1        2
2143        2090        1        2
2170        2090        1        2
2170        2117        1        2
2196        2117        1        2
2196        2143        1        2
2196        2170        1        2
2223        2196        1        2
2196        2223        1        2
2196        2249        1        2
2196        2275        1        2
2170        2302        1        2
2170        2328        1        2
2170        2302        1        2
2196        2275        1        2
2223        2249        1        2
2249        2249        1        2
2275        2223        1        2
2302        2223        1        2
2302        2196        1        2
2328        2196        1        2
2355        2196        1        2
2381        2196        1        2
2408        2223        1        2
2434        2223        1        2
2434        2249        1        2
2461        2249        1        2
2487        2249        1        2
2487        2275        1        2
2514        2275        1        2
2514        2302        1        2
2540        2328        1        2
2566        2355        1        2
2566        2328        1        2
2566        2302        1        2
2566        2275        1        2
2540        2249        1        2
2540        2223        1        2
2540        2196        1        2
2540        2170        1        2
2540        2143        1        2
2540        2090        1        2
2540        2064        1        2
2540        2037        1        2
2540        1984        1        2
2540        1958        1        2
2540        1931        1        2
2540        1905        1        2
2540        1879        1        2
2540        1852        1        2
2540        1826        1        2
PEN_UP                  0
END_CHARACTER: ML
