CHARACTER_NAME: GHR
STROKE_COUNT: 2
  X           Y   STYLUS_STATE STROKE
PEN_DOWN
 900        1323        1        1
 926        1323        1        1
 953        1323        1        1
1005        1323        1        1
1032        1323        1        1
1085        1323        1        1
1164        1323        1        1
1244        1323        1        1
1323        1323        1        1
1402        1323        1        1
1482        1323        1        1
1561        1323        1        1
1614        1323        1        1
1667        1323        1        1
1720        1323        1        1
1746        1323        1        1
1773        1323        1        1
1799        1323        1        1
1826        1323        1        1
1852        1323        1        1
1826        1323        1        1
1799        1323        1        1
1773        1323        1        1
1746        1323        1        1
1720        1349        1        1
1693        1349        1        1
1667        1349        1        1
1640        1349        1        1
1614        1376        1        1
1561        1376        1        1
1535        1376        1        1
1508        1402        1        1
1482        1402        1        1
1455        1429        1        1
1429        1455        1        1
1402        1482        1        1
1376        1508        1        1
1349        1508        1        1
1349        1535        1        1
1349        1561        1        1
1349        1588        1        1
1349        1614        1        1
1349        1640        1        1
1376        1640        1        1
1429        1667        1        1
1455        1693        1        1
1482        1693        1        1
1535        1693        1        1
1588        1693        1        1
1640        1693        1        1
1693        1693        1        1
1746        1693        1        1
1773        1667        1        1
1826        1667        1        1
1852        1667        1        1
1879        1667        1        1
1905        1667        1        1
1905        1640        1        1
1905        1667        1        1
1879        1667        1        1
1852        1667        1        1
1826        1693        1        1
1773        1693        1        1
1746        1693        1        1
1720        1693        1        1
1667        1720        1        1
1640        1720        1        1
1614        1746        1        1
1588        1773        1        1
1561        1773        1        1
1535        1799        1        1
1508        1826        1        1
1482        1852        1        1
1482        1879        1        1
1455        1905        1        1
1455        1931        1        1
1482        1958        1        1
1508        1984        1        1
1535        1984        1        1
1561        1984        1        1
1614        1984        1        1
1640        1984        1        1
1693        1984        1        1
1746        1958        1        1
1799        1958        1        1
1852        1958        1        1
1905        1931        1        1
1958        1931        1        1
2011        1931        1        1
2064        1931        1        1
2117        1931        1        1
2170        1931        1        1
2196        1931        1        1
2249        1931        1        1
2275        1931        1        1
2302        1931        1        1
2328        1958        1        1
2355        1958        1        1
2381        1958        1        1
2408        1958        1        1
2408        1931        1        1
2408        1905        1        1
2381        1879        1        1
2381        1852        1        1
2381        1826        1        1
2381        1799        1        1
2381        1773        1        1
2355        1746        1        1
2355        1693        1        1
2355        1667        1        1
2355        1640        1        1
2355        1614        1        1
2355        1588        1        1
2355        1561        1        1
2355        1508        1        1
2355        1482        1        1
2355        1455        1        1
2355        1429        1        1
2355        1402        1        1
2355        1376        1        1
2328        1349        1        1
2328        1323        1        1
2328        1296        1        1
2328        1270        1        1
2302        1270        1        1
2328        1270        1        1
2355        1270        1        1
2381        1270        1        1
2408        1270        1        1
2434        1270        1        1
2461        1270        1        1
2487        1270        1        1
2514        1244        1        1
2540        1244        1        1
2566        1244        1        1
2593        1244        1        1
2619        1244        1        1
2646        1244        1        1
2672        1244        1        1
2699        1244        1        1
2725        1244        1        1
2699        1270        1        1
PEN_UP                  0
PEN_DOWN
2461        1984        1        2
2461        2011        1        2
2461        2037        1        2
2461        2064        1        2
2461        2090        1        2
2461        2117        1        2
2461        2143        1        2
2461        2170        1        2
2461        2196        1        2
2461        2223        1        2
2461        2249        1        2
2461        2275        1        2
2461        2302        1        2
2434        2302        1        2
2434        2275        1        2
2408        2249        1        2
2408        2223        1        2
2381        2223        1        2
2381        2196        1        2
2355        2196        1        2
2328        2196        1        2
2328        2170        1        2
2302        2170        1        2
2275        2143        1        2
2249        2143        1        2
2223        2143        1        2
2196        2143        1        2
2170        2143        1        2
2143        2170        1        2
2117        2170        1        2
2090        2196        1        2
2064        2223        1        2
2037        2223        1        2
2011        2249        1        2
1984        2275        1        2
1958        2302        1        2
1931        2302        1        2
1905        2328        1        2
1905        2355        1        2
1879        2381        1        2
1852        2381        1        2
1852        2408        1        2
1826        2434        1        2
1799        2461        1        2
1799        2487        1        2
1773        2487        1        2
1746        2514        1        2
1746        2540        1        2
1720        2566        1        2
1693        2566        1        2
1667        2593        1        2
1640        2593        1        2
1614        2619        1        2
1588        2619        1        2
1535        2646        1        2
1508        2646        1        2
1482        2646        1        2
1429        2646        1        2
1376        2646        1        2
1349        2646        1        2
1296        2619        1        2
1270        2619        1        2
1217        2593        1        2
1191        2566        1        2
1164        2540        1        2
1138        2514        1        2
1111        2487        1        2
1111        2434        1        2
1085        2408        1        2
1085        2355        1        2
1085        2328        1        2
1111        2275        1        2
1111        2249        1        2
1111        2223        1        2
1138        2196        1        2
PEN_UP                  0
END_CHARACTER: GHR
