CHARACTER_NAME: MA
STROKE_COUNT: 1
  X           Y   STYLUS_STATE STROKE
PEN_DOWN
 979        2143        1        1
 953        2143        1        1
 979        2143        1        1
1005        2143        1        1
1058        2143        1        1
1111        2143        1        1
1191        2143        1        1
1270        2143        1        1
1349        2143        1        1
1455        2143        1        1
1535        2143        1        1
1640        2143        1        1
1720        2143        1        1
1799        2143        1        1
1879        2117        1        1
1931        2117        1        1
1984        2117        1        1
2011        2117        1        1
2037        2117        1        1
2011        2117        1        1
1984        2117        1        1
1958        2117        1        1
1905        2117        1        1
1879        2143        1        1
1826        2143        1        1
1799        2143        1        1
1746        2170        1        1
1720        2196        1        1
1693        2196        1        1
1667        2223        1        1
1640        2249        1        1
1614        2275        1        1
1614        2302        1        1
1614        2355        1        1
1640        2381        1        1
1640        2434        1        1
1667        2461        1        1
1720        2514        1        1
1746        2566        1        1
1773        2619        1        1
1826        2672        1        1
1852        2725        1        1
1905        2778        1        1
1931        2831        1        1
1958        2884        1        1
1958        2937        1        1
1984        2990        1        1
1958        3043        1        1
1958        3069        1        1
1931        3122        1        1
1905        3149        1        1
1879        3175        1        1
1826        3201        1        1
1799        3228        1        1
1746        3254        1        1
1693        3254        1        1
1667        3254        1        1
1614        3254        1        1
1561        3254        1        1
1535        3228        1        1
1508        3201        1        1
1482        3201        1        1
1455        3149        1        1
1455        3122        1        1
1455        3096        1        1
1482        3043        1        1
1508        2990        1        1
1535        2963        1        1
1588        2910        1        1
1614        2884        1        1
1667        2858        1        1
1720        2831        1        1
1773        2805        1        1
1852        2778        1        1
1931        2778        1        1
2011        2778        1        1
2090        2778        1        1
2170        2805        1        1
2249        2831        1        1
2328        2858        1        1
2408        2884        1        1
2487        2910        1        1
2540        2937        1        1
2593        2990        1        1
2646        3016        1        1
2699        3043        1        1
2725        3069        1        1
2752        3096        1        1
2778        3096        1        1
2805        3122        1        1
2831        3122        1        1
2831        3149        1        1
2831        3122        1        1
2831        3096        1        1
2831        3069        1        1
2831        3043        1        1
2831        3016        1        1
2831        2963        1        1
2831        2937        1        1
2831        2884        1        1
2831        2858        1        1
2831        2805        1        1
2831        2752        1        1
2831        2699        1        1
2831        2619        1        1
2831        2566        1        1
2831        2514        1        1
2831        2461        1        1
2831        2408        1        1
2805        2355        1        1
2805        2328        1        1
2805        2275        1        1
2778        2249        1        1
2778        2223        1        1
2778        2196        1        1
2752        2170        1        1
2752        2143        1        1
2725        2117        1        1
2699        2117        1        1
2672        2090        1        1
2646        2090        1        1
2619        2090        1        1
2593        2090        1        1
2566        2090        1        1
2540        2090        1        1
2514        2090        1        1
2487        2090        1        1
2514        2090        1        1
2540        2090        1        1
2566        2117        1        1
2593        2117        1        1
2646        2117        1        1
2699        2117        1        1
2752        2117        1        1
2831        2117        1        1
2910        2117        1        1
2990        2143        1        1
3069        2143        1        1
3175        2143        1        1
3254        2143        1        1
3334        2143        1        1
3413        2143        1        1
3493        2143        1        1
3545        2143        1        1
3572        2143        1        1
3598        2143        1        1
3625        2143        1        1
3651        2143        1        1
3678        2143        1        1
3651        2170        1        1
PEN_UP                  0
END_CHARACTER: MA
