CHARACTER_NAME: DRA
STROKE_COUNT: 3
  X           Y   STYLUS_STATE STROKE
PEN_DOWN
1535        1508        1        1
1508        1508        1        1
1482        1508        1        1
1482        1535        1        1
1508        1535        1        1
1535        1535        1        1
1588        1561        1        1
1640        1561        1        1
1720        1561        1        1
1799        1561        1        1
1905        1561        1        1
2011        1561        1        1
2117        1561        1        1
2249        1535        1        1
2355        1535        1        1
2461        1535        1        1
2540        1535        1        1
2619        1535        1        1
2699        1535        1        1
2725        1508        1        1
2778        1508        1        1
2805        1508        1        1
2831        1508        1        1
2831        1535        1        1
2805        1535        1        1
2805        1561        1        1
PEN_UP                  0
PEN_DOWN
2143        1720        1        2
2143        1693        1        2
2117        1720        1        2
2117        1746        1        2
2090        1773        1        2
2090        1799        1        2
2064        1826        1        2
2064        1852        1        2
2064        1879        1        2
2037        1931        1        2
2037        1958        1        2
2037        1984        1        2
2037        2037        1        2
2037        2064        1        2
2037        2090        1        2
2037        2117        1        2
2037        2143        1        2
2064        2170        1        2
2064        2196        1        2
2090        2196        1        2
2090        2223        1        2
2117        2223        1        2
2143        2223        1        2
2170        2249        1        2
2196        2223        1        2
2223        2223        1        2
2275        2223        1        2
2302        2223        1        2
2328        2196        1        2
2355        2196        1        2
2381        2170        1        2
2408        2170        1        2
2434        2143        1        2
2461        2143        1        2
2487        2117        1        2
2514        2117        1        2
2540        2090        1        2
2566        2090        1        2
2593        2090        1        2
2593        2117        1        2
2619        2117        1        2
2619        2143        1        2
2593        2170        1        2
2593        2196        1        2
2593        2223        1        2
2566        2249        1        2
2566        2275        1        2
2540        2302        1        2
2514        2355        1        2
2487        2381        1        2
2461        2408        1        2
2434        2434        1        2
2381        2461        1        2
2355        2487        1        2
2302        2514        1        2
2249        2540        1        2
2196        2540        1        2
2143        2540        1        2
2117        2540        1        2
2064        2540        1        2
1984        2514        1        2
1931        2487        1        2
1905        2461        1        2
1852        2434        1        2
1799        2408        1        2
1773        2381        1        2
1746        2355        1        2
1720        2302        1        2
1693        2275        1        2
1667        2249        1        2
1640        2196        1        2
1640        2170        1        2
1614        2143        1        2
1614        2117        1        2
1588        2090        1        2
1561        2064        1        2
1561        2090        1        2
1535        2090        1        2
1535        2117        1        2
PEN_UP                  0
PEN_DOWN
2090        2752        1        3
2064        2725        1        3
2064        2752        1        3
2037        2752        1        3
2037        2778        1        3
2011        2805        1        3
1984        2831        1        3
1984        2884        1        3
1958        2910        1        3
1958        2937        1        3
1958        2963        1        3
1984        2990        1        3
1984        3016        1        3
2011        3043        1        3
2037        3043        1        3
2064        3069        1        3
2090        3069        1        3
2143        3069        1        3
2170        3069        1        3
2223        3069        1        3
2249        3069        1        3
2302        3043        1        3
2328        3043        1        3
2355        3016        1        3
2381        3016        1        3
2408        2990        1        3
2434        2963        1        3
2434        2937        1        3
2461        2910        1        3
2461        2884        1        3
2461        2831        1        3
2434        2778        1        3
2434        2752        1        3
2408        2752        1        3
2408        2725        1        3
2381        2725        1        3
2355        2725        1        3
2302        2752        1        3
2275        2752        1        3
2223        2778        1        3
PEN_UP                  0
END_CHARACTER: DRA
