CHARACTER_NAME: TN
STROKE_COUNT: 3
  X           Y   STYLUS_STATE STROKE
PEN_DOWN
2143        2037        1        1
2090        2064        1        1
2037        2090        1        1
1958        2117        1        1
1931        2117        1        1
1879        2143        1        1
1826        2143        1        1
1799        2143        1        1
1773        2143        1        1
1746        2143        1        1
1746        2117        1        1
1720        2117        1        1
1746        2090        1        1
1773        2064        1        1
1799        2037        1        1
1826        2011        1        1
1852        2011        1        1
1905        1984        1        1
1958        1984        1        1
2011        1958        1        1
2090        1958        1        1
2170        1958        1        1
2249        1958        1        1
2302        1958        1        1
2381        1958        1        1
2461        1984        1        1
2514        1984        1        1
2566        2011        1        1
2593        2037        1        1
2646        2064        1        1
2672        2064        1        1
2699        2090        1        1
2725        2117        1        1
2725        2170        1        1
2725        2196        1        1
2725        2223        1        1
2725        2249        1        1
2699        2302        1        1
2699        2328        1        1
2672        2355        1        1
2646        2381        1        1
2593        2434        1        1
2566        2461        1        1
2514        2487        1        1
2461        2514        1        1
2408        2540        1        1
2355        2566        1        1
2275        2593        1        1
2223        2593        1        1
2170        2619        1        1
2117        2619        1        1
2064        2619        1        1
2011        2619        1        1
1958        2619        1        1
1905        2593        1        1
1826        2593        1        1
1773        2566        1        1
1720        2540        1        1
1667        2487        1        1
1614        2461        1        1
1561        2408        1        1
1482        2355        1        1
1429        2302        1        1
1402        2249        1        1
1349        2196        1        1
1323        2143        1        1
1296        2090        1        1
1270        2037        1        1
1270        1958        1        1
1244        1931        1        1
1270        1879        1        1
1270        1852        1        1
1270        1826        1        1
1296        1826        1        1
PEN_UP                  0
PEN_DOWN
1535        1720        1        2
1561        1720        1        2
1588        1720        1        2
1614        1746        1        2
1667        1746        1        2
1720        1746        1        2
1799        1773        1        2
1931        1773        1        2
2037        1799        1        2
2196        1799        1        2
2328        1799        1        2
2461        1799        1        2
2619        1826        1        2
2752        1826        1        2
2858        1826        1        2
2990        1826        1        2
3096        1826        1        2
3201        1826        1        2
3281        1826        1        2
3360        1852        1        2
3413        1852        1        2
3466        1852        1        2
3493        1879        1        2
3519        1879        1        2
3545        1905        1        2
3545        1931        1        2
PEN_UP                  0
PEN_DOWN
1984        2858        1        3
1958        2884        1        3
1958        2910        1        3
1958        2937        1        3
1931        2937        1        3
1931        2963        1        3
1905        2990        1        3
1879        2990        1        3
1879        3016        1        3
1852        3043        1        3
1826        3043        1        3
1826        3069        1        3
1799        3069        1        3
1773        3069        1        3
1773        3043        1        3
1773        3016        1        3
1773        2990        1        3
1799        2963        1        3
1799        2937        1        3
1826        2910        1        3
1852        2910        1        3
1879        2884        1        3
1905        2884        1        3
1958        2858        1        3
2011        2858        1        3
2064        2858        1        3
2117        2831        1        3
2170        2831        1        3
2223        2858        1        3
2275        2858        1        3
2355        2858        1        3
2408        2884        1        3
2434        2910        1        3
2487        2937        1        3
2514        2937        1        3
2540        2963        1        3
2566        2990        1        3
2593        3016        1        3
2619        3043        1        3
2646        3043        1        3
2672        3069        1        3
2699        3096        1        3
2725        3069        1        3
2725        3043        1        3
2725        3016        1        3
2699        2990        1        3
2699        2937        1        3
2699        2884        1        3
2699        2831        1        3
2699        2778        1        3
2672        2725        1        3
2672        2646        1        3
2699        2593        1        3
2699        2540        1        3
2699        2487        1        3
2725        2461        1        3
2752        2434        1        3
2778        2408        1        3
PEN_UP                  0
END_CHARACTER: TN
