CHARACTER_NAME: NN
STROKE_COUNT: 4
  X           Y   STYLUS_STATE STROKE
PEN_DOWN
2461        1720        1        1
2540        1720        1        1
2593        1720        1        1
2672        1720        1        1
2725        1720        1        1
2778        1720        1        1
2805        1720        1        1
2831        1720        1        1
2858        1720        1        1
2884        1720        1        1
2910        1720        1        1
2937        1720        1        1
2963        1720        1        1
2963        1746        1        1
2990        1746        1        1
2990        1773        1        1
2963        1773        1        1
PEN_UP                  0
PEN_DOWN
2487        1773        1        2
2487        1799        1        2
2487        1826        1        2
2487        1852        1        2
2487        1879        1        2
2487        1905        1        2
2487        1931        1        2
2487        1958        1        2
2487        1984        1        2
2487        2011        1        2
2487        2037        1        2
2487        2064        1        2
2487        2090        1        2
2487        2117        1        2
2487        2143        1        2
2487        2170        1        2
2487        2196        1        2
2514        2223        1        2
2514        2249        1        2
2514        2275        1        2
2514        2302        1        2
2514        2328        1        2
2514        2355        1        2
2514        2381        1        2
2514        2408        1        2
2514        2434        1        2
2514        2461        1        2
2514        2487        1        2
2514        2514        1        2
2514        2540        1        2
2514        2566        1        2
2514        2593        1        2
2514        2619        1        2
2514        2646        1        2
2514        2672        1        2
2514        2699        1        2
2514        2725        1        2
2514        2752        1        2
2514        2778        1        2
2514        2805        1        2
2540        2831        1        2
2540        2858        1        2
2540        2884        1        2
2540        2910        1        2
2540        2937        1        2
2540        2963        1        2
2540        2990        1        2
2514        3016        1        2
2514        3043        1        2
2514        3069        1        2
2514        3096        1        2
2514        3122        1        2
PEN_UP                  0
PEN_DOWN
2064        2170        1        3
2064        2196        1        3
2037        2196        1        3
2037        2223        1        3
2011        2249        1        3
1984        2275        1        3
1958        2302        1        3
1931        2328        1        3
1905        2355        1        3
1879        2355        1        3
1852        2355        1        3
1826        2355        1        3
1826        2381        1        3
1799        2381        1        3
1773        2355        1        3
1746        2355        1        3
1720        2355        1        3
1693        2355        1        3
1667        2355        1        3
1640        2328        1        3
1614        2328        1        3
1614        2302        1        3
1614        2275        1        3
1614        2249        1        3
1614        2223        1        3
1640        2196        1        3
1640        2170        1        3
1667        2170        1        3
1667        2143        1        3
1693        2117        1        3
1720        2090        1        3
1746        2090        1        3
1773        2064        1        3
1799        2064        1        3
1826        2064        1        3
1852        2064        1        3
1879        2037        1        3
1905        2037        1        3
1931        2037        1        3
1958        2037        1        3
1984        2037        1        3
2011        2037        1        3
2037        2037        1        3
2064        2037        1        3
2090        2037        1        3
2117        2064        1        3
2143        2064        1        3
2170        2064        1        3
2196        2064        1        3
2223        2064        1        3
2249        2064        1        3
2249        2090        1        3
2275        2090        1        3
2302        2090        1        3
2328        2117        1        3
2355        2117        1        3
2381        2117        1        3
2408        2143        1        3
2434        2143        1        3
2461        2170        1        3
2487        2170        1        3
2487        2196        1        3
2514        2196        1        3
2540        2223        1        3
2566        2223        1        3
2566        2249        1        3
2593        2249        1        3
2619        2275        1        3
2646        2302        1        3
2672        2302        1        3
2672        2328        1        3
2699        2328        1        3
2699        2355        1        3
2725        2355        1        3
2725        2381        1        3
2752        2381        1        3
2752        2408        1        3
2778        2434        1        3
2778        2461        1        3
2805        2487        1        3
2805        2514        1        3
2805        2540        1        3
2778        2540        1        3
PEN_UP                  0
PEN_DOWN
2011        2752        1        4
2011        2778        1        4
1984        2805        1        4
1984        2831        1        4
1958        2831        1        4
1958        2858        1        4
1958        2884        1        4
1931        2884        1        4
1905        2910        1        4
1879        2937        1        4
1879        2963        1        4
1852        2963        1        4
1826        2990        1        4
1799        3016        1        4
1773        3016        1        4
1773        3043        1        4
1746        3043        1        4
1720        3043        1        4
1693        3043        1        4
1693        3069        1        4
1667        3069        1        4
1640        3069        1        4
1614        3043        1        4
1588        3043        1        4
1561        3043        1        4
1561        3016        1        4
1535        2990        1        4
1535        2963        1        4
1508        2937        1        4
1535        2910        1        4
1535        2884        1        4
1535        2858        1        4
1561        2831        1        4
1561        2805        1        4
1588        2778        1        4
1588        2752        1        4
1614        2752        1        4
1614        2725        1        4
1640        2725        1        4
1667        2699        1        4
1693        2699        1        4
1720        2672        1        4
1746        2672        1        4
1773        2672        1        4
1799        2672        1        4
1826        2672        1        4
1852        2672        1        4
1879        2672        1        4
1905        2672        1        4
1931        2672        1        4
1958        2672        1        4
1958        2699        1        4
1984        2699        1        4
2011        2699        1        4
2037        2699        1        4
2064        2725        1        4
2090        2725        1        4
2117        2725        1        4
2143        2752        1        4
2170        2752        1        4
2170        2778        1        4
2196        2778        1        4
2223        2805        1        4
2249        2831        1        4
2275        2831        1        4
2275        2858        1        4
2302        2858        1        4
2328        2884        1        4
2355        2884        1        4
2381        2910        1        4
2408        2937        1        4
2408        2963        1        4
2434        2990        1        4
2434        3016        1        4
2461        3016        1        4
2487        3043        1        4
PEN_UP                  0
END_CHARACTER: NN
