CHARACTER_NAME: LP
STROKE_COUNT: 5
  X           Y   STYLUS_STATE STROKE
PEN_DOWN
1773        1323        1        1
1799        1323        1        1
1799        1349        1        1
1826        1349        1        1
1852        1349        1        1
1879        1349        1        1
1931        1376        1        1
1958        1376        1        1
2011        1376        1        1
2064        1376        1        1
2117        1376        1        1
2196        1376        1        1
2249        1376        1        1
2302        1376        1        1
2355        1376        1        1
2381        1402        1        1
2434        1402        1        1
2461        1402        1        1
2487        1402        1        1
2514        1402        1        1
2540        1402        1        1
2566        1402        1        1
2593        1402        1        1
2619        1402        1        1
2646        1402        1        1
2672        1402        1        1
2699        1402        1        1
2725        1402        1        1
2752        1402        1        1
2752        1429        1        1
2752        1455        1        1
2752        1482        1        1
2752        1508        1        1
2725        1535        1        1
2725        1588        1        1
2725        1614        1        1
2725        1667        1        1
2725        1693        1        1
2725        1746        1        1
2725        1773        1        1
2725        1826        1        1
2725        1852        1        1
2725        1879        1        1
2725        1905        1        1
2699        1931        1        1
2699        1958        1        1
2699        1984        1        1
2699        1958        1        1
2672        1931        1        1
2672        1905        1        1
2646        1905        1        1
2646        1879        1        1
2646        1852        1        1
2619        1852        1        1
2619        1826        1        1
2593        1826        1        1
2593        1799        1        1
2566        1773        1        1
2540        1746        1        1
2514        1746        1        1
2487        1720        1        1
2461        1720        1        1
2434        1720        1        1
2408        1720        1        1
2408        1746        1        1
2381        1746        1        1
2355        1746        1        1
2328        1773        1        1
2302        1799        1        1
2275        1799        1        1
2275        1826        1        1
2275        1852        1        1
2249        1852        1        1
2249        1879        1        1
2223        1879        1        1
2223        1905        1        1
2223        1879        1        1
2196        1879        1        1
2196        1852        1        1
2170        1826        1        1
2170        1799        1        1
2143        1799        1        1
2117        1773        1        1
2090        1746        1        1
2064        1746        1        1
2037        1720        1        1
2011        1720        1        1
1984        1720        1        1
1958        1720        1        1
1931        1720        1        1
1879        1720        1        1
1852        1746        1        1
1799        1746        1        1
1773        1773        1        1
1746        1799        1        1
1720        1826        1        1
1720        1852        1        1
1693        1879        1        1
1693        1905        1        1
1693        1931        1        1
1720        1931        1        1
1746        1931        1        1
1746        1905        1        1
1746        1879        1        1
1720        1852        1        1
PEN_UP                  0
PEN_DOWN
2699        1931        1        2
2699        1958        1        2
2699        1984        1        2
2699        2011        1        2
2699        2037        1        2
2699        2064        1        2
2699        2090        1        2
2699        2117        1        2
2699        2143        1        2
2699        2170        1        2
2699        2196        1        2
2699        2223        1        2
2699        2249        1        2
2699        2275        1        2
2699        2302        1        2
2699        2328        1        2
2672        2328        1        2
2672        2355        1        2
2672        2381        1        2
2672        2408        1        2
2672        2434        1        2
2672        2461        1        2
2672        2434        1        2
PEN_UP                  0
PEN_DOWN
2672        2487        1        3
2646        2487        1        3
2646        2514        1        3
2646        2540        1        3
2646        2566        1        3
2646        2593        1        3
2646        2619        1        3
2619        2646        1        3
2619        2672        1        3
2619        2699        1        3
2619        2725        1        3
2619        2752        1        3
2619        2778        1        3
2619        2805        1        3
2619        2778        1        3
PEN_UP                  0
PEN_DOWN
1984        2302        1        4
1984        2328        1        4
2011        2328        1        4
2037        2355        1        4
2064        2355        1        4
2064        2381        1        4
2090        2381        1        4
2090        2408        1        4
2117        2434        1        4
2117        2461        1        4
2143        2461        1        4
2143        2487        1        4
2170        2487        1        4
2170        2461        1        4
2196        2461        1        4
2196        2434        1        4
2223        2434        1        4
2223        2408        1        4
2223        2381        1        4
2249        2381        1        4
2249        2355        1        4
2249        2328        1        4
2275        2302        1        4
2302        2275        1        4
2302        2249        1        4
2328        2249        1        4
2355        2223        1        4
2381        2196        1        4
2408        2196        1        4
2408        2170        1        4
2408        2196        1        4
PEN_UP                  0
PEN_DOWN
1984        2302        1        5
1984        2275        1        5
2011        2275        1        5
2037        2249        1        5
2064        2249        1        5
2064        2223        1        5
2090        2223        1        5
2117        2196        1        5
2143        2196        1        5
2170        2196        1        5
2223        2196        1        5
2249        2170        1        5
2275        2170        1        5
2328        2170        1        5
2355        2170        1        5
2381        2196        1        5
2434        2196        1        5
2461        2196        1        5
2514        2223        1        5
2540        2223        1        5
2566        2249        1        5
2593        2249        1        5
2619        2275        1        5
2646        2275        1        5
2646        2302        1        5
2672        2302        1        5
PEN_UP                  0
END_CHARACTER: LP
