CHARACTER_NAME: OU
STROKE_COUNT: 2
  X           Y   STYLUS_STATE STROKE
PEN_DOWN
2037        1905        1        1
2037        1879        1        1
2064        1852        1        1
2064        1826        1        1
2090        1826        1        1
2117        1799        1        1
2143        1799        1        1
2170        1799        1        1
2196        1799        1        1
2223        1799        1        1
2223        1826        1        1
2249        1826        1        1
2249        1852        1        1
2275        1879        1        1
2275        1905        1        1
2275        1931        1        1
2249        1958        1        1
2249        1984        1        1
2249        2011        1        1
2249        2037        1        1
2223        2037        1        1
2223        2064        1        1
2196        2090        1        1
2170        2090        1        1
2143        2117        1        1
2117        2143        1        1
2090        2143        1        1
2064        2170        1        1
2037        2170        1        1
2011        2170        1        1
1984        2170        1        1
1958        2196        1        1
1931        2196        1        1
1931        2170        1        1
1905        2170        1        1
1879        2170        1        1
1852        2170        1        1
1852        2143        1        1
1826        2143        1        1
1826        2117        1        1
1799        2090        1        1
1799        2064        1        1
1773        2037        1        1
1773        2011        1        1
1773        1984        1        1
1773        1958        1        1
1799        1931        1        1
1799        1905        1        1
1799        1879        1        1
1826        1852        1        1
1852        1826        1        1
1879        1799        1        1
1905        1799        1        1
1931        1773        1        1
1958        1773        1        1
1984        1773        1        1
2011        1746        1        1
2037        1746        1        1
2064        1746        1        1
2090        1746        1        1
2117        1746        1        1
2143        1746        1        1
2170        1746        1        1
2196        1746        1        1
2249        1773        1        1
2275        1773        1        1
2302        1773        1        1
2302        1799        1        1
2328        1799        1        1
2355        1826        1        1
2381        1826        1        1
2408        1852        1        1
2408        1879        1        1
2434        1905        1        1
2434        1958        1        1
2461        1984        1        1
2461        2011        1        1
2461        2037        1        1
2461        2090        1        1
2461        2117        1        1
2461        2170        1        1
2461        2196        1        1
2434        2223        1        1
2434        2249        1        1
2408        2275        1        1
2408        2328        1        1
2381        2355        1        1
2355        2381        1        1
2328        2381        1        1
2302        2408        1        1
2275        2434        1        1
2249        2461        1        1
2223        2487        1        1
2196        2514        1        1
2170        2514        1        1
2143        2540        1        1
2117        2540        1        1
2090        2566        1        1
2064        2566        1        1
2037        2566        1        1
2011        2593        1        1
1984        2593        1        1
1984        2566        1        1
1958        2566        1        1
1931        2566        1        1
1931        2540        1        1
1905        2540        1        1
1905        2514        1        1
1931        2514        1        1
1931        2487        1        1
1958        2487        1        1
1984        2487        1        1
2011        2461        1        1
2037        2461        1        1
2064        2461        1        1
2090        2461        1        1
2117        2461        1        1
2143        2461        1        1
2170        2461        1        1
2196        2487        1        1
2223        2487        1        1
2249        2487        1        1
2275        2514        1        1
2302        2540        1        1
2328        2540        1        1
2328        2566        1        1
2355        2593        1        1
2381        2619        1        1
2381        2646        1        1
2408        2672        1        1
2408        2699        1        1
2408        2725        1        1
2408        2752        1        1
2408        2778        1        1
2408        2831        1        1
2381        2858        1        1
2355        2884        1        1
2355        2937        1        1
2328        2963        1        1
2302        3016        1        1
2275        3043        1        1
2223        3069        1        1
2196        3096        1        1
2170        3122        1        1
2143        3149        1        1
2090        3175        1        1
2064        3201        1        1
2011        3228        1        1
1984        3228        1        1
1931        3254        1        1
1879        3254        1        1
1826        3254        1        1
1773        3254        1        1
1720        3254        1        1
1667        3254        1        1
1614        3228        1        1
1588        3228        1        1
1535        3201        1        1
1482        3149        1        1
1455        3122        1        1
1429        3069        1        1
1402        3016        1        1
1376        2963        1        1
1349        2884        1        1
1323        2831        1        1
1323        2778        1        1
1296        2699        1        1
1296        2646        1        1
1296        2593        1        1
1296        2514        1        1
1296        2461        1        1
1296        2434        1        1
1296        2381        1        1
1296        2328        1        1
1296        2302        1        1
1323        2275        1        1
1323        2249        1        1
1323        2223        1        1
1349        2223        1        1
PEN_UP                  0
PEN_DOWN
2593        1455        1        2
2593        1482        1        2
2593        1508        1        2
2593        1535        1        2
2619        1561        1        2
2619        1588        1        2
2646        1614        1        2
2672        1640        1        2
2699        1640        1        2
2725        1667        1        2
2752        1667        1        2
2778        1693        1        2
2805        1693        1        2
2831        1720        1        2
2858        1746        1        2
2884        1746        1        2
2910        1773        1        2
2937        1799        1        2
2937        1826        1        2
2963        1826        1        2
2963        1852        1        2
2963        1879        1        2
2990        1905        1        2
2990        1931        1        2
2990        1958        1        2
2990        1984        1        2
2990        2011        1        2
2990        2037        1        2
2963        2064        1        2
2963        2090        1        2
2937        2117        1        2
2937        2143        1        2
2937        2170        1        2
2910        2170        1        2
2910        2196        1        2
2910        2223        1        2
2884        2223        1        2
2884        2249        1        2
2858        2275        1        2
2858        2302        1        2
2831        2328        1        2
2805        2355        1        2
2778        2381        1        2
2752        2408        1        2
2725        2408        1        2
2725        2434        1        2
2699        2434        1        2
2699        2461        1        2
2672        2461        1        2
2646        2461        1        2
2646        2487        1        2
2619        2487        1        2
2593        2487        1        2
2566        2487        1        2
2540        2487        1        2
2514        2487        1        2
2487        2487        1        2
2461        2487        1        2
2434        2487        1        2
2408        2487        1        2
2381        2487        1        2
2381        2514        1        2
2355        2514        1        2
2328        2514        1        2
2302        2514        1        2
2328        2487        1        2
PEN_UP                  0
END_CHARACTER: OU
