CHARACTER_NAME: LT
STROKE_COUNT: 4
  X           Y   STYLUS_STATE STROKE
PEN_DOWN
1402        1799        1        1
1429        1773        1        1
1455        1773        1        1
1482        1773        1        1
1508        1799        1        1
1535        1799        1        1
1561        1799        1        1
1588        1799        1        1
1640        1799        1        1
1693        1799        1        1
1746        1799        1        1
1826        1799        1        1
1905        1799        1        1
1984        1799        1        1
2090        1799        1        1
2170        1773        1        1
2249        1773        1        1
2328        1773        1        1
2408        1773        1        1
2461        1746        1        1
2540        1746        1        1
2566        1746        1        1
2619        1746        1        1
2646        1746        1        1
2672        1720        1        1
2699        1720        1        1
2725        1720        1        1
2699        1720        1        1
PEN_UP                  0
PEN_DOWN
2011        1852        1        2
2037        1852        1        2
2037        1879        1        2
2037        1905        1        2
2064        1905        1        2
2064        1931        1        2
2064        1958        1        2
2064        1984        1        2
2064        2011        1        2
2064        2064        1        2
2064        2090        1        2
2090        2117        1        2
2090        2170        1        2
2090        2196        1        2
2090        2249        1        2
2090        2275        1        2
2117        2328        1        2
2117        2355        1        2
2117        2381        1        2
2143        2434        1        2
2143        2461        1        2
2143        2487        1        2
2170        2514        1        2
2170        2540        1        2
2196        2540        1        2
2196        2566        1        2
2223        2566        1        2
2249        2593        1        2
2302        2593        1        2
2328        2566        1        2
2381        2566        1        2
2408        2566        1        2
2461        2540        1        2
2487        2540        1        2
2540        2514        1        2
2566        2487        1        2
2593        2487        1        2
2619        2461        1        2
2619        2434        1        2
2646        2408        1        2
2646        2381        1        2
2672        2355        1        2
2646        2328        1        2
2619        2302        1        2
2619        2328        1        2
2593        2328        1        2
2566        2328        1        2
2540        2328        1        2
2540        2355        1        2
2514        2355        1        2
2540        2355        1        2
PEN_UP                  0
PEN_DOWN
1931        1005        1        3
1905        1032        1        3
1879        1058        1        3
1852        1058        1        3
1826        1085        1        3
1826        1111        1        3
1799        1138        1        3
1799        1164        1        3
1773        1191        1        3
1773        1217        1        3
1773        1244        1        3
1773        1270        1        3
1773        1323        1        3
1799        1349        1        3
1799        1376        1        3
1826        1402        1        3
1826        1429        1        3
1852        1455        1        3
1879        1455        1        3
1931        1482        1        3
1958        1508        1        3
1984        1508        1        3
2011        1535        1        3
2037        1535        1        3
2037        1561        1        3
2064        1561        1        3
2064        1588        1        3
2064        1614        1        3
2064        1640        1        3
2037        1640        1        3
2037        1667        1        3
2011        1693        1        3
2011        1720        1        3
1984        1746        1        3
1958        1773        1        3
1931        1773        1        3
PEN_UP                  0
PEN_DOWN
2143        2328        1        4
2143        2302        1        4
2143        2275        1        4
2117        2275        1        4
2117        2249        1        4
2090        2249        1        4
2090        2223        1        4
2064        2223        1        4
2064        2196        1        4
2037        2196        1        4
2037        2170        1        4
2011        2170        1        4
2011        2143        1        4
1984        2143        1        4
1958        2117        1        4
1931        2117        1        4
1905        2117        1        4
1879        2117        1        4
1879        2143        1        4
1852        2143        1        4
1852        2170        1        4
1826        2170        1        4
1826        2196        1        4
1826        2223        1        4
1826        2249        1        4
1799        2275        1        4
1799        2302        1        4
1799        2328        1        4
1799        2355        1        4
1799        2381        1        4
1799        2355        1        4
1799        2328        1        4
1799        2302        1        4
1799        2275        1        4
1773        2275        1        4
1773        2249        1        4
1773        2223        1        4
1746        2196        1        4
1720        2170        1        4
1720        2143        1        4
1693        2143        1        4
1667        2117        1        4
1640        2090        1        4
1614        2090        1        4
1588        2090        1        4
1561        2064        1        4
1535        2090        1        4
1508        2090        1        4
1482        2090        1        4
1429        2117        1        4
1402        2143        1        4
1376        2170        1        4
1349        2196        1        4
1349        2223        1        4
1323        2249        1        4
1323        2275        1        4
1323        2302        1        4
1323        2328        1        4
1323        2355        1        4
1349        2355        1        4
1349        2381        1        4
1376        2381        1        4
1402        2381        1        4
1429        2381        1        4
1429        2355        1        4
1455        2355        1        4
1455        2328        1        4
1455        2302        1        4
1429        2302        1        4
1402        2275        1        4
1376        2249        1        4
PEN_UP                  0
END_CHARACTER: LT
