CHARACTER_NAME: SSM
STROKE_COUNT: 4
  X           Y   STYLUS_STATE STROKE
PEN_DOWN
1402        1879        1        1
1429        1879        1        1
1455        1879        1        1
1508        1879        1        1
1535        1879        1        1
1588        1879        1        1
1640        1879        1        1
1720        1852        1        1
1799        1852        1        1
1905        1852        1        1
1984        1826        1        1
2090        1826        1        1
2196        1799        1        1
2328        1799        1        1
2408        1799        1        1
2514        1799        1        1
2593        1799        1        1
2672        1799        1        1
2725        1773        1        1
2778        1773        1        1
2831        1773        1        1
2858        1773        1        1
2884        1773        1        1
2910        1773        1        1
2937        1773        1        1
PEN_UP                  0
PEN_DOWN
1693        2196        1        2
1693        2170        1        2
1693        2196        1        2
1667        2196        1        2
1640        2196        1        2
1640        2223        1        2
1614        2223        1        2
1614        2249        1        2
1588        2249        1        2
1588        2275        1        2
1588        2302        1        2
1588        2328        1        2
1614        2355        1        2
1614        2381        1        2
1614        2408        1        2
1640        2434        1        2
1667        2461        1        2
1693        2461        1        2
1720        2487        1        2
1773        2487        1        2
1799        2487        1        2
1852        2487        1        2
1879        2487        1        2
1931        2461        1        2
1984        2461        1        2
2011        2434        1        2
2037        2408        1        2
2064        2381        1        2
2090        2355        1        2
2117        2328        1        2
2117        2302        1        2
2117        2275        1        2
2143        2249        1        2
2143        2223        1        2
2143        2196        1        2
2143        2223        1        2
2143        2249        1        2
2170        2275        1        2
2170        2302        1        2
2170        2328        1        2
2196        2328        1        2
2196        2355        1        2
2196        2381        1        2
2223        2381        1        2
2249        2408        1        2
2275        2408        1        2
2302        2434        1        2
2355        2434        1        2
2408        2461        1        2
2461        2461        1        2
2514        2461        1        2
2566        2434        1        2
2619        2434        1        2
2672        2434        1        2
2699        2408        1        2
2752        2381        1        2
2778        2355        1        2
2805        2302        1        2
2831        2275        1        2
2858        2223        1        2
2858        2170        1        2
2858        2117        1        2
2831        2064        1        2
2831        2037        1        2
2831        1984        1        2
2805        1931        1        2
2778        1905        1        2
2778        1879        1        2
2752        1852        1        2
2752        1826        1        2
2725        1826        1        2
2725        1799        1        2
2699        1799        1        2
PEN_UP                  0
PEN_DOWN
2725        2434        1        3
2699        2434        1        3
2672        2461        1        3
2646        2461        1        3
2646        2487        1        3
2619        2487        1        3
2593        2514        1        3
2566        2540        1        3
2540        2566        1        3
2514        2593        1        3
2487        2593        1        3
2487        2619        1        3
2461        2646        1        3
2461        2672        1        3
2461        2699        1        3
2487        2725        1        3
2487        2752        1        3
2514        2752        1        3
2540        2778        1        3
2566        2778        1        3
2593        2778        1        3
2646        2805        1        3
2672        2805        1        3
2699        2831        1        3
2725        2831        1        3
2752        2858        1        3
2752        2884        1        3
2778        2884        1        3
2778        2910        1        3
2778        2937        1        3
2752        2963        1        3
2752        2990        1        3
2725        3016        1        3
2699        3043        1        3
2672        3069        1        3
2619        3069        1        3
2593        3096        1        3
2566        3122        1        3
2514        3122        1        3
2487        3122        1        3
2461        3122        1        3
2434        3096        1        3
2408        3096        1        3
2408        3069        1        3
2434        3043        1        3
2434        3016        1        3
2461        2990        1        3
2487        2963        1        3
2514        2937        1        3
2566        2910        1        3
2619        2910        1        3
2646        2884        1        3
2699        2884        1        3
2725        2858        1        3
2778        2858        1        3
2831        2858        1        3
2858        2858        1        3
2910        2858        1        3
2963        2858        1        3
2990        2884        1        3
3016        2884        1        3
3069        2910        1        3
3096        2910        1        3
3122        2937        1        3
3122        2963        1        3
3149        2963        1        3
3175        2990        1        3
3175        3016        1        3
3201        3016        1        3
3201        3043        1        3
3201        3016        1        3
3201        2990        1        3
3201        2963        1        3
3201        2937        1        3
3201        2910        1        3
3228        2858        1        3
3228        2831        1        3
3228        2778        1        3
3228        2725        1        3
3254        2672        1        3
3254        2593        1        3
3254        2540        1        3
3281        2461        1        3
3281        2381        1        3
3281        2328        1        3
3281        2249        1        3
3307        2170        1        3
3307        2117        1        3
3307        2064        1        3
3307        2011        1        3
3307        1984        1        3
3334        1958        1        3
3334        1931        1        3
3334        1905        1        3
3334        1879        1        3
3307        1852        1        3
3307        1826        1        3
PEN_UP                  0
PEN_DOWN
2910        1773        1        4
2937        1799        1        4
2963        1799        1        4
2990        1799        1        4
3016        1799        1        4
3069        1799        1        4
3096        1799        1        4
3149        1799        1        4
3201        1799        1        4
3254        1799        1        4
3307        1799        1        4
3360        1799        1        4
3387        1799        1        4
3440        1799        1        4
3466        1799        1        4
3493        1799        1        4
3519        1799        1        4
3545        1799        1        4
PEN_UP                  0
END_CHARACTER: SSM
