CHARACTER_NAME: ST
STROKE_COUNT: 3
  X           Y   STYLUS_STATE STROKE
PEN_DOWN
1164        1746        1        1
1191        1746        1        1
1217        1746        1        1
1244        1746        1        1
1270        1746        1        1
1296        1746        1        1
1349        1746        1        1
1402        1746        1        1
1455        1773        1        1
1535        1773        1        1
1588        1773        1        1
1667        1773        1        1
1746        1773        1        1
1826        1773        1        1
1905        1746        1        1
1984        1773        1        1
2064        1773        1        1
2143        1773        1        1
2223        1773        1        1
2302        1773        1        1
2381        1773        1        1
2434        1773        1        1
2487        1773        1        1
2540        1773        1        1
2566        1773        1        1
2619        1773        1        1
2646        1773        1        1
2672        1773        1        1
PEN_UP                  0
PEN_DOWN
1270        2170        1        2
1270        2143        1        2
1270        2170        1        2
1244        2170        1        2
1244        2196        1        2
1244        2223        1        2
1244        2249        1        2
1244        2275        1        2
1270        2302        1        2
1270        2328        1        2
1270        2355        1        2
1296        2381        1        2
1323        2381        1        2
1323        2408        1        2
1349        2408        1        2
1376        2408        1        2
1402        2408        1        2
1429        2381        1        2
1455        2381        1        2
1482        2381        1        2
1508        2381        1        2
1535        2355        1        2
1561        2328        1        2
1588        2302        1        2
1614        2275        1        2
1640        2249        1        2
1640        2223        1        2
1667        2196        1        2
1667        2170        1        2
1693        2143        1        2
1693        2117        1        2
1720        2090        1        2
1720        2064        1        2
1746        2037        1        2
1746        2011        1        2
1773        1984        1        2
1773        1958        1        2
1773        1931        1        2
1773        1905        1        2
1773        1931        1        2
1773        1958        1        2
1799        1984        1        2
1799        2011        1        2
1799        2037        1        2
1799        2064        1        2
1799        2090        1        2
1799        2117        1        2
1826        2143        1        2
1826        2170        1        2
1826        2196        1        2
1826        2249        1        2
1852        2275        1        2
1852        2302        1        2
1879        2328        1        2
1905        2355        1        2
1931        2381        1        2
1958        2408        1        2
1984        2408        1        2
2011        2434        1        2
2037        2434        1        2
2090        2461        1        2
2117        2461        1        2
2143        2434        1        2
2170        2434        1        2
2196        2434        1        2
2223        2434        1        2
2249        2408        1        2
2275        2408        1        2
2302        2408        1        2
2328        2381        1        2
2355        2381        1        2
2381        2355        1        2
2408        2328        1        2
2434        2328        1        2
2461        2302        1        2
2461        2275        1        2
2487        2249        1        2
2487        2223        1        2
2514        2196        1        2
2514        2170        1        2
2540        2143        1        2
2540        2090        1        2
2540        2064        1        2
2566        2037        1        2
2566        2011        1        2
2566        1984        1        2
2566        1958        1        2
2566        1931        1        2
2566        1905        1        2
2566        1879        1        2
2593        1852        1        2
2593        1826        1        2
2593        1799        1        2
2593        1773        1        2
2593        1746        1        2
2593        1720        1        2
2566        1720        1        2
PEN_UP                  0
PEN_DOWN
2275        2487        1        3
2275        2461        1        3
2302        2434        1        3
2328        2434        1        3
2355        2408        1        3
2355        2434        1        3
2381        2434        1        3
2408        2434        1        3
2408        2461        1        3
2408        2487        1        3
2434        2514        1        3
2408        2540        1        3
2408        2566        1        3
2381        2593        1        3
2355        2619        1        3
2355        2646        1        3
2328        2672        1        3
2275        2672        1        3
2249        2672        1        3
2223        2699        1        3
2196        2672        1        3
2170        2672        1        3
2143        2646        1        3
2117        2619        1        3
2117        2593        1        3
2143        2566        1        3
2143        2540        1        3
2170        2540        1        3
2170        2514        1        3
2196        2487        1        3
2249        2487        1        3
2275        2487        1        3
2302        2461        1        3
2328        2461        1        3
2355        2461        1        3
2408        2461        1        3
2434        2461        1        3
2461        2461        1        3
2487        2487        1        3
2514        2487        1        3
2540        2514        1        3
2566        2540        1        3
2566        2566        1        3
2593        2593        1        3
2593        2646        1        3
2593        2672        1        3
2593        2725        1        3
2593        2752        1        3
2566        2805        1        3
2566        2831        1        3
2540        2858        1        3
2514        2910        1        3
2487        2937        1        3
2461        2963        1        3
2434        2990        1        3
2408        2990        1        3
2381        3016        1        3
2328        3016        1        3
2302        3043        1        3
2249        3043        1        3
2223        3043        1        3
2170        3043        1        3
2143        3043        1        3
2090        3016        1        3
2037        3016        1        3
2011        2990        1        3
1984        2990        1        3
1931        2963        1        3
1905        2937        1        3
1879        2937        1        3
1826        2910        1        3
1799        2884        1        3
1773        2858        1        3
1773        2831        1        3
1746        2805        1        3
1720        2778        1        3
1720        2752        1        3
1693        2725        1        3
1693        2699        1        3
1693        2672        1        3
1693        2646        1        3
1693        2619        1        3
1667        2619        1        3
PEN_UP                  0
END_CHARACTER: ST
