CHARACTER_NAME: XM
STROKE_COUNT: 5
  X           Y   STYLUS_STATE STROKE
PEN_DOWN
1244        1191        1        1
1270        1191        1        1
1296        1191        1        1
1323        1191        1        1
1349        1191        1        1
1376        1191        1        1
1402        1191        1        1
1455        1191        1        1
1482        1191        1        1
1508        1191        1        1
1535        1191        1        1
1588        1191        1        1
1614        1191        1        1
1640        1191        1        1
1693        1191        1        1
1720        1191        1        1
1773        1191        1        1
1826        1217        1        1
1852        1217        1        1
1905        1217        1        1
1958        1217        1        1
1984        1217        1        1
2011        1217        1        1
2037        1217        1        1
2064        1217        1        1
2090        1217        1        1
2117        1217        1        1
2143        1217        1        1
2170        1217        1        1
2196        1217        1        1
2223        1217        1        1
2249        1217        1        1
2275        1244        1        1
2302        1244        1        1
2328        1244        1        1
2355        1244        1        1
2381        1244        1        1
2408        1244        1        1
2434        1244        1        1
2461        1244        1        1
2487        1244        1        1
2514        1244        1        1
2540        1244        1        1
2566        1244        1        1
2566        1270        1        1
PEN_UP                  0
PEN_DOWN
1482        1270        1        2
1508        1270        1        2
1535        1296        1        2
1561        1296        1        2
1561        1323        1        2
1588        1323        1        2
1588        1349        1        2
1614        1349        1        2
1614        1376        1        2
1640        1402        1        2
1640        1429        1        2
1667        1429        1        2
1667        1455        1        2
1667        1482        1        2
1693        1482        1        2
1693        1508        1        2
1693        1535        1        2
1693        1561        1        2
1693        1588        1        2
1667        1588        1        2
1667        1614        1        2
1640        1614        1        2
1614        1614        1        2
1614        1640        1        2
1588        1640        1        2
1561        1640        1        2
1561        1667        1        2
1535        1667        1        2
1508        1667        1        2
1482        1667        1        2
1455        1667        1        2
1429        1667        1        2
1402        1640        1        2
1376        1640        1        2
1376        1614        1        2
1376        1588        1        2
1402        1588        1        2
1402        1561        1        2
1429        1561        1        2
1429        1535        1        2
1455        1535        1        2
1455        1508        1        2
1482        1508        1        2
1508        1508        1        2
1535        1508        1        2
1561        1508        1        2
1588        1508        1        2
1614        1508        1        2
1640        1508        1        2
1667        1535        1        2
1693        1535        1        2
1720        1561        1        2
1746        1588        1        2
1773        1588        1        2
1773        1614        1        2
1799        1614        1        2
1799        1640        1        2
1826        1640        1        2
1826        1667        1        2
1852        1693        1        2
1852        1720        1        2
1852        1746        1        2
1879        1773        1        2
1879        1799        1        2
1879        1826        1        2
1879        1852        1        2
1879        1879        1        2
1879        1905        1        2
1879        1931        1        2
1879        1958        1        2
1879        1984        1        2
1879        2011        1        2
1852        2037        1        2
1852        2064        1        2
1852        2090        1        2
1826        2117        1        2
1826        2143        1        2
1799        2143        1        2
1799        2170        1        2
1773        2170        1        2
1746        2170        1        2
1746        2196        1        2
1720        2196        1        2
1693        2196        1        2
1667        2196        1        2
1640        2196        1        2
1640        2170        1        2
1614        2170        1        2
1614        2143        1        2
1588        2143        1        2
1588        2117        1        2
1588        2090        1        2
1588        2064        1        2
1588        2037        1        2
1588        2011        1        2
1588        1984        1        2
1588        1958        1        2
1614        1958        1        2
1614        1931        1        2
1614        1905        1        2
1640        1905        1        2
1667        1879        1        2
1693        1879        1        2
1693        1852        1        2
1720        1852        1        2
1746        1852        1        2
1773        1852        1        2
1799        1852        1        2
1826        1852        1        2
1852        1852        1        2
1879        1879        1        2
1905        1879        1        2
1931        1879        1        2
1958        1879        1        2
1958        1905        1        2
1984        1905        1        2
2011        1931        1        2
2037        1931        1        2
2037        1958        1        2
2064        1958        1        2
2090        1984        1        2
2117        1984        1        2
2117        2011        1        2
2143        2037        1        2
2143        2064        1        2
2170        2064        1        2
2170        2090        1        2
2170        2117        1        2
2196        2143        1        2
2196        2170        1        2
2196        2196        1        2
2196        2223        1        2
2223        2223        1        2
2223        2249        1        2
2223        2275        1        2
2223        2302        1        2
2196        2328        1        2
2223        2355        1        2
2196        2381        1        2
2223        2381        1        2
2223        2408        1        2
2223        2434        1        2
2223        2461        1        2
2223        2434        1        2
2249        2434        1        2
2249        2408        1        2
2275        2408        1        2
2275        2381        1        2
2275        2355        1        2
2302        2328        1        2
2302        2302        1        2
2302        2275        1        2
2302        2249        1        2
2302        2223        1        2
2302        2196        1        2
2328        2196        1        2
2328        2170        1        2
2328        2143        1        2
2328        2117        1        2
2328        2090        1        2
2328        2064        1        2
2355        2064        1        2
2355        2037        1        2
2355        2011        1        2
2355        1984        1        2
2381        1958        1        2
2381        1931        1        2
2408        1905        1        2
2408        1879        1        2
2408        1852        1        2
2434        1826        1        2
2434        1799        1        2
2434        1773        1        2
2434        1746        1        2
2434        1720        1        2
2434        1693        1        2
2434        1667        1        2
2434        1640        1        2
2434        1614        1        2
2461        1614        1        2
2461        1588        1        2
2461        1561        1        2
2461        1535        1        2
2461        1508        1        2
2461        1482        1        2
2461        1455        1        2
2461        1429        1        2
2461        1402        1        2
2461        1376        1        2
2461        1349        1        2
2461        1323        1        2
2461        1296        1        2
2434        1296        1        2
2434        1323        1        2
PEN_UP                  0
PEN_DOWN
2196        2487        1        3
2196        2514        1        3
2196        2540        1        3
2196        2566        1        3
2196        2593        1        3
2196        2619        1        3
2196        2646        1        3
2196        2672        1        3
2196        2699        1        3
2196        2725        1        3
2196        2752        1        3
2170        2778        1        3
2170        2805        1        3
2170        2831        1        3
2143        2831        1        3
2143        2858        1        3
2143        2884        1        3
2117        2910        1        3
2090        2937        1        3
2090        2963        1        3
2064        2990        1        3
2037        2990        1        3
2011        3016        1        3
1984        3016        1        3
1984        3043        1        3
1958        3043        1        3
1931        3043        1        3
1931        3016        1        3
1905        3016        1        3
1879        2990        1        3
1879        2963        1        3
1879        2937        1        3
1879        2910        1        3
1879        2884        1        3
1905        2884        1        3
1905        2858        1        3
1905        2831        1        3
1931        2831        1        3
1931        2805        1        3
1931        2778        1        3
1958        2778        1        3
1984        2752        1        3
2011        2725        1        3
2037        2725        1        3
2037        2699        1        3
2064        2699        1        3
2090        2699        1        3
2117        2699        1        3
2143        2699        1        3
2170        2725        1        3
2196        2725        1        3
2223        2725        1        3
2249        2752        1        3
2275        2752        1        3
2302        2778        1        3
2328        2778        1        3
2328        2805        1        3
2355        2805        1        3
2381        2831        1        3
2408        2831        1        3
2434        2858        1        3
2461        2858        1        3
2461        2884        1        3
2487        2884        1        3
2487        2910        1        3
2514        2910        1        3
2540        2937        1        3
2540        2963        1        3
2566        2963        1        3
2566        2990        1        3
2593        2990        1        3
2619        3016        1        3
2646        3043        1        3
2646        3069        1        3
2672        3069        1        3
2672        3096        1        3
2699        3096        1        3
2699        3069        1        3
2699        3043        1        3
2725        3016        1        3
2725        2990        1        3
2725        2963        1        3
2752        2963        1        3
2752        2937        1        3
2752        2910        1        3
2778        2910        1        3
2778        2884        1        3
2778        2858        1        3
2778        2831        1        3
2778        2805        1        3
2778        2778        1        3
2778        2752        1        3
2805        2752        1        3
2805        2725        1        3
2805        2699        1        3
2805        2672        1        3
2831        2672        1        3
2831        2646        1        3
2831        2619        1        3
2831        2593        1        3
2831        2566        1        3
2831        2540        1        3
2858        2540        1        3
2858        2514        1        3
2858        2487        1        3
2858        2461        1        3
2858        2434        1        3
2884        2434        1        3
2884        2408        1        3
2884        2381        1        3
2884        2355        1        3
2884        2328        1        3
2884        2302        1        3
2884        2275        1        3
2884        2249        1        3
2884        2223        1        3
2884        2196        1        3
2884        2170        1        3
2884        2143        1        3
2884        2117        1        3
2884        2090        1        3
2884        2064        1        3
2884        2037        1        3
2884        2011        1        3
2884        1984        1        3
2884        1958        1        3
2884        1931        1        3
2884        1905        1        3
2910        1879        1        3
2910        1852        1        3
2910        1826        1        3
2910        1799        1        3
2910        1773        1        3
2910        1746        1        3
2937        1746        1        3
2937        1720        1        3
2937        1693        1        3
2937        1667        1        3
2963        1667        1        3
2963        1640        1        3
2963        1614        1        3
2963        1588        1        3
2963        1561        1        3
2963        1535        1        3
2963        1508        1        3
2963        1482        1        3
2990        1482        1        3
2990        1455        1        3
2963        1455        1        3
2990        1455        1        3
2990        1429        1        3
2990        1402        1        3
2990        1376        1        3
2990        1349        1        3
2990        1323        1        3
2990        1296        1        3
PEN_UP                  0
PEN_DOWN
2461        1270        1        4
2487        1270        1        4
2487        1296        1        4
2514        1296        1        4
2540        1296        1        4
2566        1296        1        4
2593        1296        1        4
2619        1296        1        4
2646        1296        1        4
2672        1296        1        4
2699        1296        1        4
2725        1296        1        4
2752        1296        1        4
2778        1296        1        4
2805        1296        1        4
2831        1296        1        4
2858        1296        1        4
2858        1323        1        4
2884        1323        1        4
2910        1323        1        4
2937        1323        1        4
2963        1323        1        4
2990        1323        1        4
PEN_UP                  0
PEN_DOWN
2196        1244        1        5
2170        1244        1        5
2170        1270        1        5
2143        1296        1        5
2117        1323        1        5
2117        1349        1        5
2117        1376        1        5
2117        1402        1        5
2117        1429        1        5
2117        1455        1        5
2117        1482        1        5
2143        1508        1        5
2143        1535        1        5
2170        1535        1        5
2170        1561        1        5
2196        1561        1        5
2196        1588        1        5
2223        1588        1        5
2249        1614        1        5
2275        1614        1        5
2302        1640        1        5
2328        1640        1        5
2328        1667        1        5
2355        1667        1        5
2381        1693        1        5
2408        1693        1        5
2434        1720        1        5
2461        1746        1        5
2487        1746        1        5
2487        1773        1        5
2514        1773        1        5
2540        1799        1        5
2566        1826        1        5
2593        1826        1        5
2593        1852        1        5
2619        1879        1        5
2646        1905        1        5
2672        1931        1        5
2672        1958        1        5
2699        1984        1        5
2699        2011        1        5
2699        2037        1        5
2699        2064        1        5
2699        2090        1        5
2672        2090        1        5
2672        2117        1        5
2672        2143        1        5
2646        2143        1        5
2646        2170        1        5
2646        2196        1        5
2619        2196        1        5
2619        2223        1        5
2593        2249        1        5
2593        2275        1        5
2566        2302        1        5
2566        2328        1        5
2540        2328        1        5
2540        2355        1        5
2514        2355        1        5
2487        2355        1        5
2461        2355        1        5
2434        2355        1        5
2434        2328        1        5
2434        2302        1        5
2461        2275        1        5
2461        2249        1        5
2487        2249        1        5
2487        2223        1        5
2487        2196        1        5
2514        2196        1        5
2540        2170        1        5
2566        2143        1        5
2593        2143        1        5
2619        2117        1        5
2646        2143        1        5
PEN_UP                  0
END_CHARACTER: XM
