CHARACTER_NAME: THB
STROKE_COUNT: 2
  X           Y   STYLUS_STATE STROKE
PEN_DOWN
1376        1588        1        1
1376        1561        1        1
1402        1561        1        1
1429        1561        1        1
1455        1561        1        1
1482        1561        1        1
1508        1588        1        1
1508        1614        1        1
1508        1640        1        1
1482        1640        1        1
1482        1667        1        1
1455        1667        1        1
1455        1693        1        1
1429        1693        1        1
1402        1720        1        1
1376        1720        1        1
1349        1720        1        1
1323        1720        1        1
1296        1720        1        1
1270        1693        1        1
1244        1693        1        1
1217        1667        1        1
1191        1640        1        1
1191        1614        1        1
1191        1588        1        1
1191        1561        1        1
1217        1535        1        1
1217        1508        1        1
1244        1508        1        1
1244        1482        1        1
1270        1482        1        1
1296        1482        1        1
1323        1455        1        1
1349        1455        1        1
1376        1455        1        1
1402        1482        1        1
1429        1482        1        1
1455        1482        1        1
1508        1508        1        1
1535        1508        1        1
1561        1535        1        1
1588        1535        1        1
1614        1561        1        1
1640        1588        1        1
1667        1614        1        1
1667        1640        1        1
1667        1667        1        1
1693        1693        1        1
1693        1746        1        1
1667        1773        1        1
1667        1799        1        1
1667        1826        1        1
1640        1879        1        1
1640        1905        1        1
1614        1958        1        1
1588        1984        1        1
1561        2011        1        1
1535        2037        1        1
1508        2064        1        1
1455        2090        1        1
1429        2117        1        1
1376        2143        1        1
1349        2143        1        1
1296        2143        1        1
1270        2170        1        1
1244        2170        1        1
1217        2170        1        1
1191        2170        1        1
1164        2170        1        1
1138        2170        1        1
1138        2143        1        1
1164        2117        1        1
1191        2090        1        1
1217        2090        1        1
1244        2090        1        1
1270        2064        1        1
1296        2064        1        1
1323        2064        1        1
1349        2064        1        1
1376        2090        1        1
1402        2090        1        1
1429        2090        1        1
1455        2090        1        1
1482        2117        1        1
1508        2117        1        1
1535        2143        1        1
1561        2143        1        1
1588        2170        1        1
1614        2170        1        1
1640        2196        1        1
1667        2196        1        1
1693        2223        1        1
1720        2249        1        1
1746        2249        1        1
1773        2275        1        1
1773        2302        1        1
1799        2302        1        1
1799        2328        1        1
1826        2328        1        1
1826        2355        1        1
1826        2381        1        1
1852        2381        1        1
1852        2355        1        1
1879        2328        1        1
1879        2302        1        1
1879        2275        1        1
1879        2249        1        1
1879        2196        1        1
1905        2143        1        1
1905        2090        1        1
1905        2037        1        1
1905        1984        1        1
1931        1958        1        1
1931        1905        1        1
1931        1852        1        1
1931        1826        1        1
1931        1799        1        1
1958        1773        1        1
1958        1746        1        1
1958        1720        1        1
1984        1693        1        1
1984        1667        1        1
1984        1640        1        1
1984        1614        1        1
2011        1588        1        1
2011        1561        1        1
2011        1535        1        1
2037        1535        1        1
2064        1561        1        1
2090        1561        1        1
2117        1561        1        1
2143        1561        1        1
2170        1561        1        1
2223        1561        1        1
2249        1561        1        1
2275        1561        1        1
2328        1588        1        1
2355        1588        1        1
2381        1588        1        1
2408        1588        1        1
2434        1588        1        1
PEN_UP                  0
PEN_DOWN
1879        2408        1        2
1852        2434        1        2
1826        2461        1        2
1799        2487        1        2
1773        2514        1        2
1746        2514        1        2
1693        2540        1        2
1667        2566        1        2
1614        2593        1        2
1588        2619        1        2
1535        2646        1        2
1482        2672        1        2
1455        2699        1        2
1429        2725        1        2
1376        2752        1        2
1349        2752        1        2
1323        2778        1        2
1296        2778        1        2
1270        2805        1        2
1244        2805        1        2
1244        2831        1        2
1217        2831        1        2
1244        2805        1        2
1270        2805        1        2
1270        2778        1        2
1296        2778        1        2
1323        2778        1        2
1349        2778        1        2
1376        2778        1        2
1402        2778        1        2
1429        2778        1        2
1455        2778        1        2
1482        2778        1        2
1508        2778        1        2
1535        2778        1        2
1561        2805        1        2
1588        2831        1        2
1614        2858        1        2
1640        2884        1        2
1667        2910        1        2
1667        2937        1        2
1693        2963        1        2
1720        2963        1        2
1720        2990        1        2
1746        3016        1        2
1773        3016        1        2
1773        3043        1        2
1799        3043        1        2
1799        3069        1        2
1826        3043        1        2
1826        3016        1        2
1852        3016        1        2
1852        2990        1        2
1852        2963        1        2
1852        2937        1        2
1879        2910        1        2
1879        2884        1        2
1879        2858        1        2
1879        2805        1        2
1905        2778        1        2
1905        2752        1        2
1905        2699        1        2
1905        2672        1        2
1905        2646        1        2
1931        2619        1        2
1931        2593        1        2
1931        2540        1        2
1931        2514        1        2
1958        2514        1        2
1958        2487        1        2
1958        2461        1        2
1958        2434        1        2
1958        2408        1        2
PEN_UP                  0
END_CHARACTER: THB
