CHARACTER_NAME: NG
STROKE_COUNT: 1
  X           Y   STYLUS_STATE STROKE
PEN_DOWN
1296        1640        1        1
1323        1640        1        1
1323        1667        1        1
1349        1667        1        1
1376        1693        1        1
1402        1693        1        1
1402        1720        1        1
1429        1720        1        1
1455        1746        1        1
1482        1746        1        1
1535        1773        1        1
1561        1773        1        1
1588        1799        1        1
1640        1799        1        1
1667        1826        1        1
1693        1826        1        1
1746        1826        1        1
1773        1852        1        1
1826        1852        1        1
1852        1852        1        1
1905        1852        1        1
1931        1852        1        1
1984        1852        1        1
2011        1826        1        1
2064        1826        1        1
2090        1826        1        1
2117        1799        1        1
2170        1799        1        1
2196        1799        1        1
2223        1799        1        1
2249        1773        1        1
2249        1746        1        1
2275        1746        1        1
2302        1720        1        1
2328        1693        1        1
2355        1667        1        1
2355        1640        1        1
2381        1614        1        1
2408        1588        1        1
2408        1561        1        1
2434        1535        1        1
2434        1508        1        1
2434        1482        1        1
2434        1455        1        1
2434        1429        1        1
2434        1402        1        1
2434        1376        1        1
2408        1376        1        1
2408        1349        1        1
2381        1323        1        1
2355        1296        1        1
2328        1270        1        1
2302        1270        1        1
2275        1244        1        1
2249        1244        1        1
2223        1244        1        1
2196        1244        1        1
2170        1244        1        1
2143        1244        1        1
2117        1244        1        1
2090        1244        1        1
2064        1244        1        1
2064        1270        1        1
2037        1270        1        1
2011        1270        1        1
2011        1296        1        1
1984        1296        1        1
1958        1323        1        1
1958        1349        1        1
1931        1376        1        1
1931        1402        1        1
1931        1429        1        1
1931        1455        1        1
1905        1482        1        1
1905        1508        1        1
1905        1561        1        1
1879        1588        1        1
1879        1614        1        1
1879        1640        1        1
1879        1667        1        1
1879        1693        1        1
1879        1720        1        1
1852        1773        1        1
1852        1799        1        1
1852        1826        1        1
1852        1852        1        1
1852        1905        1        1
1852        1931        1        1
1852        1958        1        1
1852        2011        1        1
1852        2037        1        1
1852        2064        1        1
1852        2090        1        1
1852        2117        1        1
1826        2143        1        1
1852        2170        1        1
1826        2170        1        1
1826        2196        1        1
1826        2223        1        1
1826        2249        1        1
1826        2275        1        1
1826        2302        1        1
1852        2302        1        1
1826        2302        1        1
1852        2328        1        1
1826        2328        1        1
1826        2355        1        1
1852        2355        1        1
1852        2381        1        1
1826        2381        1        1
1826        2408        1        1
1852        2408        1        1
1826        2408        1        1
1852        2408        1        1
1852        2381        1        1
1852        2355        1        1
1879        2355        1        1
1879        2328        1        1
1905        2302        1        1
1931        2302        1        1
1958        2275        1        1
1984        2275        1        1
2011        2249        1        1
2037        2249        1        1
2090        2223        1        1
2117        2223        1        1
2143        2223        1        1
2170        2196        1        1
2196        2196        1        1
2249        2196        1        1
2275        2196        1        1
2302        2196        1        1
2328        2223        1        1
2355        2223        1        1
2381        2249        1        1
2408        2249        1        1
2434        2275        1        1
2434        2302        1        1
2461        2328        1        1
2487        2355        1        1
2487        2381        1        1
2514        2408        1        1
2514        2434        1        1
2540        2461        1        1
2540        2487        1        1
2540        2540        1        1
2540        2566        1        1
2540        2593        1        1
2540        2619        1        1
2540        2646        1        1
2514        2672        1        1
2514        2699        1        1
2487        2725        1        1
2461        2752        1        1
2408        2752        1        1
2381        2778        1        1
2355        2805        1        1
2302        2831        1        1
2275        2831        1        1
2223        2858        1        1
2196        2858        1        1
2143        2884        1        1
2117        2884        1        1
2064        2884        1        1
2011        2884        1        1
1984        2884        1        1
1931        2884        1        1
1879        2884        1        1
1852        2884        1        1
1799        2884        1        1
1746        2858        1        1
1720        2858        1        1
1667        2831        1        1
1614        2805        1        1
1561        2805        1        1
1535        2778        1        1
1482        2752        1        1
1455        2699        1        1
1402        2672        1        1
1376        2619        1        1
1323        2593        1        1
1296        2540        1        1
1270        2461        1        1
1244        2408        1        1
1217        2355        1        1
1217        2302        1        1
1191        2249        1        1
1191        2223        1        1
1164        2170        1        1
1164        2143        1        1
1164        2117        1        1
1164        2090        1        1
1164        2064        1        1
1164        2037        1        1
1191        2064        1        1
1217        2064        1        1
1244        2090        1        1
1270        2064        1        1
PEN_UP                  0
END_CHARACTER: NG
