CHARACTER_NAME: JA
STROKE_COUNT: 2
  X           Y   STYLUS_STATE STROKE
PEN_DOWN
1826        1376        1        1
1799        1402        1        1
1826        1402        1        1
1852        1402        1        1
1879        1402        1        1
1905        1402        1        1
1931        1402        1        1
1984        1402        1        1
2011        1429        1        1
2064        1429        1        1
2090        1429        1        1
2143        1429        1        1
2196        1429        1        1
2223        1429        1        1
2275        1429        1        1
2328        1455        1        1
2355        1455        1        1
2408        1455        1        1
2461        1455        1        1
2487        1455        1        1
2540        1455        1        1
2566        1455        1        1
2619        1455        1        1
2646        1455        1        1
2699        1455        1        1
2725        1482        1        1
2752        1482        1        1
2778        1482        1        1
2805        1482        1        1
2831        1482        1        1
2805        1508        1        1
2778        1508        1        1
2725        1535        1        1
2699        1535        1        1
2672        1561        1        1
2619        1588        1        1
2593        1588        1        1
2540        1614        1        1
2514        1640        1        1
2461        1640        1        1
2434        1667        1        1
2381        1693        1        1
2355        1693        1        1
2328        1720        1        1
2275        1746        1        1
2249        1746        1        1
2223        1773        1        1
2196        1773        1        1
2170        1773        1        1
2170        1799        1        1
2196        1773        1        1
2223        1773        1        1
2249        1773        1        1
2302        1773        1        1
2328        1773        1        1
2355        1773        1        1
2408        1799        1        1
2434        1799        1        1
2487        1799        1        1
2514        1799        1        1
2566        1826        1        1
2593        1826        1        1
2646        1826        1        1
2672        1852        1        1
2699        1852        1        1
2725        1879        1        1
2752        1905        1        1
2778        1931        1        1
2805        1931        1        1
2831        1958        1        1
2831        1984        1        1
2858        2011        1        1
2858        2037        1        1
2884        2064        1        1
2884        2090        1        1
2910        2143        1        1
2884        2170        1        1
2884        2196        1        1
2884        2223        1        1
2884        2249        1        1
2858        2302        1        1
2831        2328        1        1
2805        2355        1        1
2778        2381        1        1
2752        2408        1        1
2699        2408        1        1
2646        2434        1        1
2619        2461        1        1
2566        2487        1        1
2514        2487        1        1
2461        2514        1        1
2408        2514        1        1
2355        2514        1        1
2302        2514        1        1
2249        2514        1        1
2196        2514        1        1
2143        2514        1        1
2117        2514        1        1
2064        2487        1        1
2011        2487        1        1
1958        2461        1        1
1905        2434        1        1
1879        2408        1        1
1852        2381        1        1
1799        2355        1        1
1773        2328        1        1
1746        2275        1        1
1720        2249        1        1
1693        2196        1        1
1667        2143        1        1
1640        2090        1        1
1614        2037        1        1
1588        2011        1        1
1561        1958        1        1
1535        1905        1        1
1535        1879        1        1
1508        1852        1        1
1508        1826        1        1
1482        1799        1        1
1482        1773        1        1
1455        1746        1        1
1455        1720        1        1
1429        1720        1        1
1455        1720        1        1
1455        1746        1        1
1482        1746        1        1
PEN_UP                  0
PEN_DOWN
2593        1667        1        2
2619        1667        1        2
2646        1667        1        2
2672        1667        1        2
2699        1667        1        2
2725        1667        1        2
2778        1667        1        2
2805        1667        1        2
2858        1667        1        2
2910        1667        1        2
2937        1693        1        2
2990        1693        1        2
3043        1693        1        2
3096        1693        1        2
3122        1720        1        2
3149        1720        1        2
3201        1720        1        2
3201        1746        1        2
3228        1746        1        2
3254        1746        1        2
3281        1746        1        2
3281        1773        1        2
3307        1773        1        2
3334        1773        1        2
3334        1799        1        2
3360        1799        1        2
3387        1799        1        2
3413        1799        1        2
3440        1799        1        2
3440        1826        1        2
3466        1826        1        2
3493        1826        1        2
3466        1826        1        2
3466        1852        1        2
3440        1879        1        2
3440        1905        1        2
3440        1931        1        2
3413        1958        1        2
3413        2011        1        2
3387        2064        1        2
3360        2117        1        2
3334        2170        1        2
3307        2223        1        2
3281        2275        1        2
3281        2328        1        2
3254        2381        1        2
3254        2461        1        2
3228        2514        1        2
3254        2540        1        2
3254        2593        1        2
3254        2646        1        2
3281        2699        1        2
3281        2725        1        2
3307        2752        1        2
3360        2805        1        2
3387        2831        1        2
3413        2858        1        2
3466        2884        1        2
3493        2884        1        2
3519        2910        1        2
3545        2910        1        2
3572        2937        1        2
PEN_UP                  0
END_CHARACTER: JA
