CHARACTER_NAME: RA
STROKE_COUNT: 2
  X           Y   STYLUS_STATE STROKE
PEN_DOWN
1482        1535        1        1
1508        1535        1        1
1535        1535        1        1
1561        1535        1        1
1614        1535        1        1
1667        1535        1        1
1720        1535        1        1
1773        1535        1        1
1826        1535        1        1
1879        1561        1        1
1958        1561        1        1
2011        1561        1        1
2064        1561        1        1
2117        1561        1        1
2170        1561        1        1
2223        1561        1        1
2275        1561        1        1
2328        1588        1        1
2355        1588        1        1
2381        1588        1        1
2408        1588        1        1
2434        1588        1        1
2408        1614        1        1
2381        1640        1        1
2355        1640        1        1
2328        1667        1        1
2302        1720        1        1
2249        1746        1        1
2223        1773        1        1
2170        1826        1        1
2117        1879        1        1
2064        1931        1        1
2011        1984        1        1
1958        2037        1        1
1905        2090        1        1
1852        2143        1        1
1799        2170        1        1
1746        2223        1        1
1693        2275        1        1
1640        2302        1        1
1588        2328        1        1
1535        2355        1        1
1482        2381        1        1
1455        2381        1        1
1402        2408        1        1
1376        2434        1        1
1349        2434        1        1
1323        2461        1        1
1323        2434        1        1
1349        2434        1        1
1376        2434        1        1
1402        2434        1        1
1402        2408        1        1
1455        2408        1        1
1482        2408        1        1
1508        2381        1        1
1561        2381        1        1
1588        2381        1        1
1640        2381        1        1
1693        2381        1        1
1720        2381        1        1
1773        2408        1        1
1799        2408        1        1
1852        2434        1        1
1879        2434        1        1
1931        2461        1        1
1958        2487        1        1
2011        2514        1        1
2037        2540        1        1
2064        2566        1        1
2117        2593        1        1
2143        2619        1        1
2170        2646        1        1
2196        2672        1        1
2223        2699        1        1
2249        2725        1        1
2275        2752        1        1
2302        2778        1        1
2328        2778        1        1
2328        2805        1        1
2355        2831        1        1
2381        2858        1        1
2381        2884        1        1
2408        2884        1        1
2408        2858        1        1
2408        2831        1        1
2408        2805        1        1
2408        2778        1        1
2408        2752        1        1
2408        2725        1        1
2408        2699        1        1
2408        2672        1        1
2408        2619        1        1
2408        2593        1        1
2408        2566        1        1
2408        2540        1        1
2408        2487        1        1
2408        2461        1        1
2408        2434        1        1
2408        2408        1        1
2434        2381        1        1
2434        2355        1        1
2434        2328        1        1
2434        2302        1        1
2434        2275        1        1
2434        2249        1        1
2434        2223        1        1
2434        2196        1        1
2434        2170        1        1
2461        2143        1        1
2461        2117        1        1
2461        2090        1        1
2461        2064        1        1
2461        2037        1        1
2461        2011        1        1
2461        1984        1        1
2461        1958        1        1
2487        1958        1        1
2487        1931        1        1
2487        1905        1        1
2487        1879        1        1
2487        1852        1        1
2487        1826        1        1
2487        1799        1        1
2487        1773        1        1
2487        1746        1        1
2487        1720        1        1
2487        1693        1        1
2461        1693        1        1
2461        1667        1        1
2461        1640        1        1
2461        1614        1        1
2487        1614        1        1
2487        1640        1        1
PEN_UP                  0
PEN_DOWN
2064        2117        1        2
2037        2090        1        2
2064        2090        1        2
2064        2064        1        2
2090        2064        1        2
2117        2090        1        2
2143        2090        1        2
2170        2090        1        2
2170        2117        1        2
2223        2117        1        2
2249        2143        1        2
2302        2143        1        2
2328        2143        1        2
2381        2170        1        2
2408        2170        1        2
2434        2170        1        2
2461        2196        1        2
2487        2196        1        2
2514        2196        1        2
PEN_UP                  0
END_CHARACTER: RA
