CHARACTER_NAME: AYA
STROKE_COUNT: 3
  X           Y   STYLUS_STATE STROKE
PEN_DOWN
1164        1323        1        1
1164        1349        1        1
1191        1376        1        1
1217        1402        1        1
1244        1402        1        1
1270        1429        1        1
1296        1455        1        1
1349        1482        1        1
1376        1508        1        1
1429        1535        1        1
1455        1535        1        1
1482        1561        1        1
1535        1588        1        1
1561        1614        1        1
1588        1640        1        1
1614        1640        1        1
1614        1667        1        1
1640        1667        1        1
1640        1693        1        1
1614        1693        1        1
1614        1720        1        1
1588        1720        1        1
1561        1746        1        1
1535        1773        1        1
1508        1799        1        1
1482        1826        1        1
1455        1852        1        1
1429        1879        1        1
1402        1905        1        1
1376        1931        1        1
1323        1958        1        1
1296        1984        1        1
1270        2011        1        1
1244        2037        1        1
1217        2064        1        1
1217        2090        1        1
1191        2090        1        1
1164        2090        1        1
1164        2117        1        1
1138        2117        1        1
1164        2117        1        1
1191        2117        1        1
1217        2090        1        1
1244        2090        1        1
1270        2090        1        1
1323        2090        1        1
1349        2090        1        1
1402        2117        1        1
1455        2117        1        1
1508        2117        1        1
1561        2117        1        1
1614        2143        1        1
1667        2143        1        1
1720        2170        1        1
1773        2170        1        1
1826        2196        1        1
1852        2223        1        1
1879        2223        1        1
1931        2249        1        1
1958        2275        1        1
1984        2302        1        1
2011        2328        1        1
2037        2355        1        1
2037        2381        1        1
2064        2381        1        1
2064        2408        1        1
2064        2381        1        1
2037        2381        1        1
2037        2355        1        1
2037        2328        1        1
2037        2302        1        1
2037        2275        1        1
2037        2249        1        1
2037        2196        1        1
2037        2170        1        1
2037        2117        1        1
2037        2064        1        1
2037        2011        1        1
2037        1958        1        1
2037        1931        1        1
2064        1879        1        1
2064        1826        1        1
2064        1773        1        1
2064        1720        1        1
2064        1667        1        1
2064        1640        1        1
2090        1614        1        1
2090        1588        1        1
2090        1561        1        1
2090        1535        1        1
2090        1508        1        1
2090        1482        1        1
2090        1455        1        1
2090        1429        1        1
2117        1402        1        1
2117        1376        1        1
2090        1376        1        1
2117        1376        1        1
2117        1349        1        1
2117        1323        1        1
2117        1296        1        1
2117        1270        1        1
2117        1244        1        1
2117        1217        1        1
2117        1191        1        1
2090        1217        1        1
PEN_UP                  0
PEN_DOWN
1640        2461        1        2
1667        2434        1        2
1693        2434        1        2
1720        2434        1        2
1746        2434        1        2
1746        2461        1        2
1720        2461        1        2
1720        2487        1        2
1693        2487        1        2
1667        2487        1        2
1667        2514        1        2
1640        2514        1        2
1614        2514        1        2
1614        2487        1        2
1614        2461        1        2
1640        2461        1        2
1640        2434        1        2
1640        2461        1        2
PEN_UP                  0
PEN_DOWN
 900        1296        1        3
 873        1296        1        3
 900        1296        1        3
 926        1323        1        3
 979        1323        1        3
1005        1323        1        3
1058        1323        1        3
1111        1323        1        3
1191        1323        1        3
1270        1323        1        3
1349        1323        1        3
1429        1323        1        3
1535        1323        1        3
1614        1323        1        3
1693        1323        1        3
1799        1323        1        3
1879        1323        1        3
1931        1323        1        3
2011        1323        1        3
2090        1349        1        3
2170        1349        1        3
2223        1349        1        3
2275        1349        1        3
2328        1349        1        3
2381        1349        1        3
2408        1349        1        3
2434        1349        1        3
2461        1349        1        3
2434        1349        1        3
2408        1349        1        3
PEN_UP                  0
END_CHARACTER: AYA
