CHARACTER_NAME: JB
STROKE_COUNT: 2
  X           Y   STYLUS_STATE STROKE
PEN_DOWN
1217        1879        1        1
1244        1879        1        1
1270        1879        1        1
1296        1905        1        1
1323        1905        1        1
1376        1905        1        1
1429        1905        1        1
1508        1905        1        1
1561        1905        1        1
1640        1879        1        1
1720        1879        1        1
1773        1879        1        1
1826        1879        1        1
1879        1879        1        1
1931        1879        1        1
1958        1879        1        1
1984        1879        1        1
2011        1879        1        1
2037        1905        1        1
2064        1905        1        1
2037        1905        1        1
2037        1931        1        1
2011        1931        1        1
2011        1958        1        1
1984        1984        1        1
1958        2037        1        1
1931        2064        1        1
1905        2117        1        1
1879        2143        1        1
1852        2196        1        1
1826        2223        1        1
1799        2275        1        1
1799        2302        1        1
1773        2328        1        1
1746        2328        1        1
1746        2355        1        1
1720        2381        1        1
1746        2381        1        1
1773        2381        1        1
1799        2381        1        1
1826        2381        1        1
1852        2381        1        1
1879        2381        1        1
1905        2381        1        1
1931        2381        1        1
1958        2381        1        1
1984        2408        1        1
2011        2408        1        1
2037        2408        1        1
2064        2408        1        1
2090        2408        1        1
2117        2408        1        1
2143        2408        1        1
2143        2434        1        1
2170        2434        1        1
2170        2461        1        1
2170        2487        1        1
2143        2514        1        1
2143        2540        1        1
2143        2566        1        1
2117        2593        1        1
2090        2619        1        1
2064        2646        1        1
2037        2672        1        1
2011        2672        1        1
1984        2699        1        1
1931        2725        1        1
1905        2725        1        1
1852        2752        1        1
1799        2752        1        1
1773        2752        1        1
1720        2725        1        1
1667        2725        1        1
1614        2699        1        1
1561        2699        1        1
1482        2672        1        1
1429        2619        1        1
1376        2593        1        1
1349        2566        1        1
1296        2514        1        1
1270        2487        1        1
1244        2434        1        1
1244        2381        1        1
1217        2355        1        1
1217        2328        1        1
1217        2302        1        1
1217        2275        1        1
1217        2249        1        1
1217        2223        1        1
1244        2223        1        1
PEN_UP                  0
PEN_DOWN
1958        2143        1        2
1984        2143        1        2
2011        2143        1        2
2011        2170        1        2
2037        2170        1        2
2064        2170        1        2
2090        2170        1        2
2117        2170        1        2
2170        2196        1        2
2196        2196        1        2
2249        2196        1        2
2302        2223        1        2
2355        2223        1        2
2408        2223        1        2
2461        2249        1        2
2514        2249        1        2
2540        2249        1        2
2593        2249        1        2
2619        2249        1        2
2646        2275        1        2
2672        2275        1        2
2699        2275        1        2
2699        2302        1        2
2672        2328        1        2
2646        2355        1        2
2619        2381        1        2
2619        2408        1        2
2593        2434        1        2
2566        2487        1        2
2566        2514        1        2
2540        2566        1        2
2514        2593        1        2
2514        2646        1        2
2514        2699        1        2
2487        2725        1        2
2514        2778        1        2
2487        2805        1        2
2514        2858        1        2
2514        2884        1        2
2514        2937        1        2
2514        2963        1        2
2514        2990        1        2
2514        3016        1        2
2514        3043        1        2
2514        3069        1        2
2514        3096        1        2
2540        3096        1        2
2540        3122        1        2
2514        3149        1        2
2487        3149        1        2
2461        3149        1        2
2434        3149        1        2
2381        3149        1        2
2355        3149        1        2
2328        3149        1        2
2302        3122        1        2
2275        3122        1        2
2249        3122        1        2
2223        3122        1        2
2196        3122        1        2
2196        3096        1        2
2170        3096        1        2
2143        3096        1        2
2143        3069        1        2
2117        3069        1        2
2117        3043        1        2
2090        3043        1        2
2090        3016        1        2
2064        3016        1        2
2064        2990        1        2
2064        2963        1        2
2090        2963        1        2
2117        2937        1        2
2143        2910        1        2
2170        2884        1        2
2196        2884        1        2
2249        2858        1        2
2275        2831        1        2
2328        2805        1        2
2355        2778        1        2
2408        2752        1        2
2434        2752        1        2
2461        2725        1        2
2487        2699        1        2
2514        2699        1        2
2514        2672        1        2
2540        2672        1        2
2540        2646        1        2
2540        2619        1        2
2540        2593        1        2
PEN_UP                  0
END_CHARACTER: JB
