CHARACTER_NAME: LG
STROKE_COUNT: 2
  X           Y   STYLUS_STATE STROKE
PEN_DOWN
1667        1905        1        1
1693        1905        1        1
1720        1905        1        1
1746        1905        1        1
1773        1931        1        1
1799        1905        1        1
1852        1931        1        1
1879        1931        1        1
1931        1931        1        1
1984        1931        1        1
2037        1931        1        1
2090        1931        1        1
2143        1905        1        1
2196        1905        1        1
2249        1905        1        1
2328        1905        1        1
2355        1905        1        1
2408        1905        1        1
2434        1905        1        1
2461        1905        1        1
2487        1905        1        1
2514        1905        1        1
2540        1905        1        1
2566        1905        1        1
2593        1905        1        1
2619        1905        1        1
2646        1905        1        1
2672        1905        1        1
2699        1905        1        1
2699        1931        1        1
2672        1958        1        1
2672        1984        1        1
2672        2011        1        1
2672        2064        1        1
2672        2090        1        1
2672        2143        1        1
2672        2170        1        1
2672        2223        1        1
2672        2275        1        1
2672        2302        1        1
2672        2328        1        1
2672        2381        1        1
2699        2408        1        1
2699        2434        1        1
2699        2461        1        1
2699        2487        1        1
2699        2514        1        1
2699        2540        1        1
2699        2566        1        1
2699        2593        1        1
2699        2619        1        1
2699        2646        1        1
2699        2619        1        1
2672        2619        1        1
2672        2593        1        1
2672        2566        1        1
2646        2566        1        1
2646        2540        1        1
2619        2540        1        1
2619        2514        1        1
2593        2487        1        1
2566        2461        1        1
2566        2434        1        1
2540        2434        1        1
2540        2408        1        1
2514        2408        1        1
2487        2381        1        1
2461        2355        1        1
2434        2381        1        1
2408        2381        1        1
2381        2408        1        1
2381        2434        1        1
2355        2434        1        1
2355        2461        1        1
2355        2487        1        1
2328        2487        1        1
2328        2514        1        1
2328        2540        1        1
2328        2566        1        1
2328        2540        1        1
2328        2514        1        1
2302        2514        1        1
2302        2487        1        1
2302        2461        1        1
2302        2434        1        1
2275        2434        1        1
2275        2408        1        1
2275        2381        1        1
2249        2355        1        1
2249        2328        1        1
2223        2328        1        1
2223        2302        1        1
2196        2275        1        1
2170        2275        1        1
2170        2249        1        1
2143        2249        1        1
2117        2249        1        1
2090        2249        1        1
2090        2223        1        1
2064        2223        1        1
2037        2223        1        1
2011        2223        1        1
1984        2223        1        1
1958        2223        1        1
1931        2223        1        1
1905        2223        1        1
1879        2249        1        1
1852        2275        1        1
1826        2302        1        1
1799        2328        1        1
1773        2355        1        1
1746        2381        1        1
1720        2434        1        1
1720        2487        1        1
1693        2514        1        1
1693        2540        1        1
1693        2593        1        1
1693        2619        1        1
1693        2646        1        1
1720        2646        1        1
1746        2672        1        1
1773        2646        1        1
1799        2646        1        1
1826        2619        1        1
1826        2593        1        1
1852        2566        1        1
1826        2566        1        1
1826        2540        1        1
PEN_UP                  0
PEN_DOWN
2699        2725        1        2
2699        2699        1        2
2699        2672        1        2
2699        2699        1        2
2699        2725        1        2
2699        2752        1        2
2699        2778        1        2
2699        2805        1        2
2699        2831        1        2
2699        2858        1        2
2699        2884        1        2
2699        2910        1        2
2699        2937        1        2
2699        2963        1        2
2699        2990        1        2
2699        3016        1        2
2699        3043        1        2
2699        3069        1        2
2699        3096        1        2
2672        3122        1        2
2672        3149        1        2
2672        3175        1        2
2672        3201        1        2
2672        3228        1        2
2672        3254        1        2
2672        3281        1        2
2699        3307        1        2
2699        3334        1        2
2672        3334        1        2
2699        3334        1        2
2699        3360        1        2
2699        3334        1        2
2699        3307        1        2
2699        3281        1        2
2699        3254        1        2
2699        3228        1        2
2699        3201        1        2
2699        3175        1        2
2672        3175        1        2
2672        3149        1        2
2672        3122        1        2
2646        3096        1        2
2646        3069        1        2
2646        3043        1        2
2619        3043        1        2
2619        3016        1        2
2619        2990        1        2
2593        2990        1        2
2593        2963        1        2
2566        2963        1        2
2540        2937        1        2
2514        2910        1        2
2487        2910        1        2
2487        2884        1        2
2461        2884        1        2
2461        2858        1        2
2434        2858        1        2
2408        2858        1        2
2408        2831        1        2
2381        2831        1        2
2355        2831        1        2
2328        2831        1        2
2302        2831        1        2
2275        2831        1        2
2249        2831        1        2
2223        2831        1        2
2196        2831        1        2
2170        2831        1        2
2143        2831        1        2
2117        2831        1        2
2090        2831        1        2
2064        2831        1        2
2064        2858        1        2
2037        2858        1        2
2064        2858        1        2
2064        2884        1        2
2090        2884        1        2
2090        2910        1        2
2117        2910        1        2
2143        2937        1        2
2170        2937        1        2
2196        2963        1        2
2223        2963        1        2
2249        2990        1        2
2275        3016        1        2
2275        3043        1        2
2275        3069        1        2
2275        3096        1        2
2275        3122        1        2
2249        3149        1        2
2249        3175        1        2
2223        3201        1        2
2196        3228        1        2
2170        3254        1        2
2143        3281        1        2
2117        3307        1        2
2064        3334        1        2
2037        3334        1        2
1984        3360        1        2
1958        3387        1        2
1905        3387        1        2
1879        3387        1        2
1852        3413        1        2
1826        3413        1        2
1799        3413        1        2
1773        3413        1        2
PEN_UP                  0
END_CHARACTER: LG
