CHARACTER_NAME: TR
STROKE_COUNT: 2
  X           Y   STYLUS_STATE STROKE
PEN_DOWN
1561        1296        1        1
1588        1296        1        1
1614        1296        1        1
1640        1296        1        1
1667        1296        1        1
1693        1296        1        1
1746        1296        1        1
1799        1296        1        1
1852        1296        1        1
1905        1296        1        1
1984        1296        1        1
2064        1323        1        1
2143        1323        1        1
2196        1296        1        1
2275        1296        1        1
2328        1323        1        1
2381        1323        1        1
2434        1323        1        1
2461        1323        1        1
2487        1323        1        1
2514        1323        1        1
PEN_UP                  0
PEN_DOWN
1958        1640        1        2
1984        1614        1        2
2011        1614        1        2
2037        1614        1        2
2064        1614        1        2
2064        1640        1        2
2090        1640        1        2
2064        1667        1        2
2064        1693        1        2
2037        1720        1        2
2037        1746        1        2
2011        1746        1        2
1984        1773        1        2
1958        1773        1        2
1931        1773        1        2
1905        1773        1        2
1879        1773        1        2
1852        1773        1        2
1826        1773        1        2
1826        1746        1        2
1799        1720        1        2
1826        1693        1        2
1826        1667        1        2
1852        1640        1        2
1852        1614        1        2
1879        1614        1        2
1905        1588        1        2
1931        1588        1        2
1958        1561        1        2
1984        1561        1        2
2011        1561        1        2
2064        1535        1        2
2090        1535        1        2
2117        1535        1        2
2143        1561        1        2
2170        1561        1        2
2196        1561        1        2
2223        1588        1        2
2249        1614        1        2
2249        1640        1        2
2275        1667        1        2
2275        1693        1        2
2275        1720        1        2
2275        1746        1        2
2275        1799        1        2
2275        1826        1        2
2249        1852        1        2
2249        1905        1        2
2249        1931        1        2
2223        1958        1        2
2223        2011        1        2
2223        2037        1        2
2196        2037        1        2
2196        2064        1        2
2196        2090        1        2
2170        2090        1        2
2170        2064        1        2
2143        2064        1        2
2143        2037        1        2
2117        2037        1        2
2117        2011        1        2
2090        2011        1        2
2090        1984        1        2
2064        1984        1        2
2037        2011        1        2
2011        2011        1        2
1984        2037        1        2
1958        2037        1        2
1931        2064        1        2
1905        2090        1        2
1879        2117        1        2
1826        2143        1        2
1799        2170        1        2
1746        2196        1        2
1720        2223        1        2
1667        2249        1        2
1640        2275        1        2
1588        2302        1        2
1561        2302        1        2
1535        2328        1        2
1508        2328        1        2
1455        2328        1        2
1429        2328        1        2
1402        2302        1        2
1376        2302        1        2
1349        2275        1        2
1323        2249        1        2
1296        2223        1        2
1270        2196        1        2
1244        2170        1        2
1244        2143        1        2
1217        2090        1        2
1217        2064        1        2
1191        2011        1        2
1191        1984        1        2
1191        1958        1        2
1191        1931        1        2
1217        1905        1        2
1217        1879        1        2
1217        1852        1        2
1217        1826        1        2
1244        1826        1        2
PEN_UP                  0
END_CHARACTER: TR
