CHARACTER_NAME: NDD
STROKE_COUNT: 3
  X           Y   STYLUS_STATE STROKE
PEN_DOWN
1640        1693        1        1
1640        1720        1        1
1667        1720        1        1
1693        1720        1        1
1720        1746        1        1
1746        1746        1        1
1799        1746        1        1
1852        1746        1        1
1931        1746        1        1
1984        1746        1        1
2064        1746        1        1
2170        1773        1        1
2249        1773        1        1
2355        1773        1        1
2434        1773        1        1
2540        1773        1        1
2593        1773        1        1
2672        1773        1        1
2699        1773        1        1
2752        1773        1        1
2778        1773        1        1
2805        1773        1        1
2778        1773        1        1
PEN_UP                  0
PEN_DOWN
2249        1826        1        2
2223        1852        1        2
2223        1879        1        2
2196        1905        1        2
2196        1958        1        2
2196        1984        1        2
2170        2037        1        2
2170        2090        1        2
2170        2170        1        2
2143        2223        1        2
2143        2275        1        2
2117        2328        1        2
2117        2381        1        2
2090        2434        1        2
2090        2487        1        2
2090        2540        1        2
2064        2566        1        2
2064        2593        1        2
2064        2619        1        2
2037        2646        1        2
2037        2672        1        2
2037        2699        1        2
2064        2672        1        2
2090        2672        1        2
2117        2646        1        2
2170        2619        1        2
2196        2593        1        2
2223        2566        1        2
2249        2566        1        2
2275        2540        1        2
2328        2514        1        2
2355        2487        1        2
2408        2461        1        2
2434        2434        1        2
2461        2408        1        2
2487        2381        1        2
2514        2381        1        2
2540        2355        1        2
2566        2355        1        2
2593        2328        1        2
2619        2355        1        2
2619        2381        1        2
2619        2408        1        2
2593        2434        1        2
2593        2461        1        2
2593        2487        1        2
2593        2514        1        2
2566        2540        1        2
2566        2593        1        2
2566        2619        1        2
2540        2672        1        2
2540        2699        1        2
2540        2725        1        2
2540        2778        1        2
2566        2805        1        2
2566        2831        1        2
2593        2858        1        2
2619        2884        1        2
2646        2910        1        2
2699        2910        1        2
2725        2937        1        2
2778        2937        1        2
2831        2937        1        2
2884        2937        1        2
2910        2937        1        2
2937        2937        1        2
2963        2963        1        2
2990        2963        1        2
3016        2963        1        2
2990        2937        1        2
PEN_UP                  0
PEN_DOWN
2064        2408        1        3
2064        2381        1        3
2064        2355        1        3
2037        2355        1        3
2037        2328        1        3
2037        2302        1        3
2011        2302        1        3
2011        2275        1        3
2011        2249        1        3
1984        2249        1        3
1984        2223        1        3
1958        2196        1        3
1931        2196        1        3
1931        2170        1        3
1905        2170        1        3
1879        2143        1        3
1852        2143        1        3
1826        2143        1        3
1799        2143        1        3
1773        2117        1        3
1746        2117        1        3
1720        2117        1        3
1693        2117        1        3
1667        2117        1        3
1640        2117        1        3
1614        2143        1        3
1588        2143        1        3
1561        2143        1        3
1535        2170        1        3
1508        2196        1        3
1508        2223        1        3
1482        2249        1        3
1455        2275        1        3
1455        2302        1        3
1455        2328        1        3
1455        2355        1        3
1455        2381        1        3
1482        2408        1        3
1508        2408        1        3
1535        2408        1        3
1561        2381        1        3
1588        2381        1        3
1614        2355        1        3
1640        2328        1        3
1640        2302        1        3
1667        2275        1        3
1667        2249        1        3
1667        2223        1        3
1667        2196        1        3
1640        2196        1        3
1614        2196        1        3
1588        2170        1        3
PEN_UP                  0
END_CHARACTER: NDD
