CHARACTER_NAME: NDH
STROKE_COUNT: 4
  X           Y   STYLUS_STATE STROKE
PEN_DOWN
1984        1693        1        1
2011        1720        1        1
2037        1720        1        1
2064        1720        1        1
2090        1720        1        1
2117        1746        1        1
2170        1746        1        1
2196        1746        1        1
2249        1746        1        1
2328        1746        1        1
2381        1746        1        1
2434        1773        1        1
2461        1773        1        1
2514        1773        1        1
2540        1773        1        1
2566        1773        1        1
2593        1773        1        1
2619        1773        1        1
2646        1773        1        1
2672        1773        1        1
2699        1773        1        1
2725        1773        1        1
2752        1773        1        1
2778        1773        1        1
2805        1773        1        1
2831        1773        1        1
2858        1773        1        1
2858        1799        1        1
2858        1826        1        1
2858        1852        1        1
2858        1879        1        1
2858        1931        1        1
2858        1958        1        1
2858        2011        1        1
2858        2064        1        1
2858        2090        1        1
2831        2143        1        1
2831        2196        1        1
2831        2223        1        1
2831        2249        1        1
2831        2275        1        1
2805        2302        1        1
2805        2328        1        1
2805        2355        1        1
2805        2328        1        1
2778        2328        1        1
2778        2302        1        1
2752        2275        1        1
2725        2249        1        1
2699        2223        1        1
2672        2196        1        1
2646        2196        1        1
2619        2170        1        1
2593        2143        1        1
2540        2143        1        1
2514        2117        1        1
2461        2117        1        1
2434        2117        1        1
2381        2117        1        1
2328        2117        1        1
2302        2143        1        1
2275        2143        1        1
2223        2170        1        1
2196        2196        1        1
2196        2223        1        1
2170        2249        1        1
2143        2275        1        1
2143        2302        1        1
2117        2355        1        1
2117        2381        1        1
2117        2408        1        1
2143        2434        1        1
2143        2408        1        1
2170        2408        1        1
2170        2381        1        1
2196        2381        1        1
2196        2355        1        1
2196        2328        1        1
2223        2302        1        1
2196        2275        1        1
2223        2249        1        1
2196        2249        1        1
2196        2223        1        1
PEN_UP                  0
PEN_DOWN
2884        2381        1        2
2884        2408        1        2
2858        2408        1        2
2831        2434        1        2
2805        2461        1        2
2778        2461        1        2
2752        2487        1        2
2699        2514        1        2
2672        2540        1        2
2646        2566        1        2
2593        2593        1        2
2566        2619        1        2
2514        2672        1        2
2461        2699        1        2
2434        2725        1        2
2381        2725        1        2
2355        2752        1        2
2328        2778        1        2
2302        2778        1        2
2302        2805        1        2
2275        2805        1        2
2302        2805        1        2
2302        2778        1        2
2328        2778        1        2
2328        2752        1        2
2355        2752        1        2
2381        2752        1        2
2408        2752        1        2
2434        2752        1        2
2461        2752        1        2
2487        2752        1        2
2514        2752        1        2
2540        2752        1        2
2566        2778        1        2
2593        2778        1        2
2619        2778        1        2
2646        2805        1        2
2672        2831        1        2
2699        2831        1        2
2725        2858        1        2
2725        2884        1        2
2752        2910        1        2
2778        2937        1        2
2805        2937        1        2
2805        2963        1        2
2831        2990        1        2
2831        3016        1        2
2858        3016        1        2
2858        2990        1        2
2831        2990        1        2
2831        2963        1        2
2831        2937        1        2
2831        2910        1        2
2805        2884        1        2
2805        2858        1        2
2805        2831        1        2
2805        2805        1        2
2805        2778        1        2
2805        2725        1        2
2805        2699        1        2
2805        2672        1        2
2831        2646        1        2
2831        2593        1        2
2831        2566        1        2
2858        2540        1        2
2858        2514        1        2
2884        2487        1        2
2884        2461        1        2
2884        2434        1        2
2910        2434        1        2
2910        2408        1        2
2937        2408        1        2
2937        2381        1        2
2937        2355        1        2
2963        2355        1        2
2963        2381        1        2
2990        2381        1        2
3016        2381        1        2
3043        2381        1        2
3069        2381        1        2
3096        2381        1        2
3122        2381        1        2
3149        2381        1        2
3175        2381        1        2
3201        2381        1        2
3228        2381        1        2
3228        2408        1        2
3228        2434        1        2
3201        2434        1        2
3201        2461        1        2
3175        2487        1        2
3149        2514        1        2
3122        2540        1        2
3096        2593        1        2
3069        2619        1        2
3069        2672        1        2
3043        2725        1        2
3043        2778        1        2
3016        2805        1        2
3043        2858        1        2
3069        2884        1        2
3096        2937        1        2
3122        2963        1        2
3175        2963        1        2
3254        2990        1        2
3307        2990        1        2
3360        3016        1        2
3413        3016        1        2
3466        3016        1        2
3493        3016        1        2
3519        3016        1        2
PEN_UP                  0
PEN_DOWN
PEN_UP                  0
2884        2461        1        3
PEN_DOWN
2831        2408        1        4
2858        2408        1        4
2858        2381        1        4
2858        2355        1        4
PEN_UP                  0
END_CHARACTER: NDH
