CHARACTER_NAME: NNN
STROKE_COUNT: 2
  X           Y   STYLUS_STATE STROKE
PEN_DOWN
1773        1746        1        1
1799        1746        1        1
1826        1746        1        1
1852        1746        1        1
1905        1746        1        1
1931        1746        1        1
1984        1746        1        1
2064        1746        1        1
2117        1746        1        1
2170        1746        1        1
2223        1746        1        1
2302        1746        1        1
2355        1773        1        1
2381        1773        1        1
2408        1773        1        1
2434        1773        1        1
2461        1773        1        1
2487        1773        1        1
2514        1773        1        1
2514        1799        1        1
2514        1826        1        1
2514        1852        1        1
2514        1879        1        1
2514        1931        1        1
2514        1958        1        1
2514        2011        1        1
2514        2064        1        1
2514        2117        1        1
2514        2170        1        1
2514        2223        1        1
2514        2275        1        1
2514        2302        1        1
2514        2355        1        1
2514        2381        1        1
2514        2408        1        1
2514        2434        1        1
2514        2461        1        1
2514        2487        1        1
2487        2487        1        1
2487        2514        1        1
2487        2487        1        1
2461        2487        1        1
2461        2461        1        1
2434        2434        1        1
2408        2408        1        1
2381        2381        1        1
2355        2381        1        1
2355        2355        1        1
2328        2328        1        1
2302        2328        1        1
2275        2302        1        1
2249        2302        1        1
2223        2275        1        1
2196        2275        1        1
2170        2249        1        1
2143        2249        1        1
2117        2249        1        1
2090        2223        1        1
2064        2223        1        1
2037        2249        1        1
2011        2249        1        1
1984        2249        1        1
1958        2275        1        1
1958        2302        1        1
1931        2302        1        1
1905        2328        1        1
1879        2355        1        1
1879        2381        1        1
1879        2408        1        1
1852        2434        1        1
1852        2461        1        1
1879        2487        1        1
1905        2487        1        1
1931        2487        1        1
1958        2487        1        1
1984        2461        1        1
1984        2434        1        1
2011        2408        1        1
2011        2381        1        1
2037        2355        1        1
2011        2328        1        1
2011        2302        1        1
2011        2275        1        1
2037        2275        1        1
PEN_UP                  0
PEN_DOWN
2487        2514        1        2
2514        2514        1        2
2514        2540        1        2
2514        2566        1        2
2514        2593        1        2
2487        2619        1        2
2487        2646        1        2
2487        2699        1        2
2487        2725        1        2
2487        2752        1        2
2461        2805        1        2
2461        2831        1        2
2461        2858        1        2
2461        2910        1        2
2461        2937        1        2
2461        2963        1        2
2461        2990        1        2
2461        3016        1        2
2461        3043        1        2
2461        3069        1        2
2461        3096        1        2
2461        3069        1        2
2434        3069        1        2
2434        3043        1        2
2434        3016        1        2
2408        2990        1        2
2408        2963        1        2
2408        2937        1        2
2381        2910        1        2
2381        2884        1        2
2355        2858        1        2
2355        2831        1        2
2328        2831        1        2
2328        2805        1        2
2302        2805        1        2
2275        2778        1        2
2249        2778        1        2
2223        2752        1        2
2196        2752        1        2
2170        2752        1        2
2143        2752        1        2
2117        2778        1        2
2090        2778        1        2
2064        2805        1        2
2037        2831        1        2
2011        2831        1        2
2011        2858        1        2
1984        2884        1        2
1984        2910        1        2
1958        2937        1        2
1958        2963        1        2
1958        2990        1        2
1984        3016        1        2
2011        3043        1        2
2011        3016        1        2
2037        3016        1        2
2037        2990        1        2
2064        2990        1        2
2064        2963        1        2
2064        2937        1        2
2090        2910        1        2
2090        2884        1        2
2090        2858        1        2
2090        2831        1        2
PEN_UP                  0
END_CHARACTER: NNN
