CHARACTER_NAME: STH
STROKE_COUNT: 3
  X           Y   STYLUS_STATE STROKE
PEN_DOWN
1799        1455        1        1
1799        1429        1        1
1799        1402        1        1
1799        1429        1        1
1799        1455        1        1
1799        1482        1        1
1799        1535        1        1
1799        1561        1        1
1799        1588        1        1
1826        1614        1        1
1852        1640        1        1
1879        1640        1        1
1905        1667        1        1
1905        1640        1        1
1931        1640        1        1
1958        1614        1        1
1984        1614        1        1
2011        1588        1        1
2037        1561        1        1
2064        1535        1        1
2090        1508        1        1
2090        1482        1        1
2117        1455        1        1
2143        1455        1        1
2143        1429        1        1
2170        1455        1        1
2196        1455        1        1
2196        1482        1        1
2223        1482        1        1
2249        1508        1        1
2275        1508        1        1
2302        1535        1        1
2328        1508        1        1
2355        1508        1        1
2381        1508        1        1
2408        1482        1        1
2434        1455        1        1
2461        1402        1        1
2461        1349        1        1
2487        1296        1        1
2487        1217        1        1
2487        1138        1        1
2487        1058        1        1
2487        1005        1        1
2487         953        1        1
2487         926        1        1
2487         900        1        1
2461         873        1        1
2434         900        1        1
2408         926        1        1
PEN_UP                  0
PEN_DOWN
2302        1508        1        2
2328        1508        1        2
2355        1508        1        2
2381        1508        1        2
2381        1535        1        2
2408        1535        1        2
2408        1561        1        2
2434        1561        1        2
2408        1588        1        2
2381        1614        1        2
2381        1640        1        2
2355        1640        1        2
2328        1667        1        2
2302        1667        1        2
2275        1667        1        2
2249        1693        1        2
2223        1693        1        2
2196        1667        1        2
2170        1667        1        2
2170        1640        1        2
2170        1614        1        2
2196        1588        1        2
2196        1561        1        2
2223        1561        1        2
2249        1535        1        2
2302        1535        1        2
2328        1508        1        2
2355        1508        1        2
2408        1508        1        2
2434        1535        1        2
2461        1561        1        2
2461        1614        1        2
2461        1640        1        2
2461        1693        1        2
2408        1746        1        2
2381        1799        1        2
2328        1879        1        2
2275        1958        1        2
2196        2037        1        2
2143        2090        1        2
2090        2143        1        2
2064        2170        1        2
2037        2196        1        2
2037        2223        1        2
2064        2223        1        2
2117        2196        1        2
2196        2170        1        2
2275        2143        1        2
2381        2143        1        2
2487        2117        1        2
2593        2090        1        2
2699        2090        1        2
2805        2090        1        2
2884        2064        1        2
2937        2064        1        2
2990        2064        1        2
3016        2064        1        2
PEN_UP                  0
PEN_DOWN
1429        1296        1        3
1455        1296        1        3
1482        1270        1        3
1535        1270        1        3
1588        1244        1        3
1667        1217        1        3
1773        1164        1        3
1905        1138        1        3
2037        1085        1        3
2223        1032        1        3
2381         979        1        3
2566         926        1        3
2699         900        1        3
2805         873        1        3
2910         847        1        3
2963         847        1        3
3016         847        1        3
3043         820        1        3
3069         820        1        3
3069         847        1        3
3043         847        1        3
3043         873        1        3
3016         873        1        3
3016         900        1        3
2990         926        1        3
PEN_UP                  0
END_CHARACTER: STH
