CHARACTER_NAME: NGN
STROKE_COUNT: 2
  X           Y   STYLUS_STATE STROKE
PEN_DOWN
1614        1005        1        1
1640         979        1        1
1640        1005        1        1
1640        1032        1        1
1640        1058        1        1
1640        1085        1        1
1614        1111        1        1
1588        1111        1        1
1561        1138        1        1
1535        1138        1        1
1508        1138        1        1
1482        1138        1        1
1455        1111        1        1
1429        1111        1        1
1402        1085        1        1
1376        1058        1        1
1376        1005        1        1
1376         979        1        1
1376         953        1        1
1376         926        1        1
1402         873        1        1
1429         847        1        1
1482         847        1        1
1508         820        1        1
1561         820        1        1
1614         794        1        1
1667         794        1        1
1720         820        1        1
1799         820        1        1
1879         847        1        1
1931         873        1        1
2011         900        1        1
2064         926        1        1
2117         953        1        1
2170         979        1        1
2223        1005        1        1
2249        1032        1        1
2302        1032        1        1
2328        1058        1        1
2355        1085        1        1
2381        1085        1        1
2381        1058        1        1
2355        1058        1        1
2328        1058        1        1
2302        1058        1        1
2275        1058        1        1
2249        1058        1        1
2223        1058        1        1
2196        1058        1        1
2196        1085        1        1
2170        1085        1        1
2170        1111        1        1
2143        1111        1        1
2143        1138        1        1
2143        1164        1        1
2117        1191        1        1
2117        1244        1        1
2090        1270        1        1
2090        1296        1        1
2064        1349        1        1
2064        1376        1        1
2037        1402        1        1
2037        1429        1        1
2037        1455        1        1
2011        1482        1        1
2011        1508        1        1
2011        1535        1        1
2037        1535        1        1
2064        1535        1        1
2090        1508        1        1
2117        1508        1        1
2143        1482        1        1
2170        1482        1        1
2223        1455        1        1
2249        1455        1        1
2302        1455        1        1
2328        1429        1        1
2381        1429        1        1
2408        1429        1        1
2434        1429        1        1
2487        1429        1        1
2514        1455        1        1
2540        1455        1        1
2566        1482        1        1
2593        1482        1        1
2619        1508        1        1
2646        1535        1        1
2672        1561        1        1
2672        1588        1        1
2672        1614        1        1
2672        1640        1        1
2646        1667        1        1
2619        1693        1        1
2566        1746        1        1
2514        1773        1        1
2461        1799        1        1
2381        1826        1        1
2302        1852        1        1
2196        1879        1        1
2090        1905        1        1
1958        1931        1        1
1799        1931        1        1
1667        1905        1        1
1508        1905        1        1
1376        1852        1        1
1270        1799        1        1
1164        1720        1        1
1085        1640        1        1
1005        1535        1        1
 953        1455        1        1
 926        1349        1        1
 900        1270        1        1
 873        1191        1        1
 847        1138        1        1
 847        1111        1        1
 847        1085        1        1
 847        1058        1        1
 873        1058        1        1
 900        1058        1        1
PEN_UP                  0
PEN_DOWN
1905         847        1        2
1905         820        1        2
1905         794        1        2
1905         767        1        2
1905         741        1        2
1931         741        1        2
1931         714        1        2
1958         688        1        2
1984         661        1        2
2011         635        1        2
2037         635        1        2
2037         609        1        2
2064         609        1        2
2090         582        1        2
2117         556        1        2
2143         556        1        2
2170         556        1        2
2196         556        1        2
2223         556        1        2
2249         556        1        2
2249         582        1        2
2249         609        1        2
2275         609        1        2
2275         635        1        2
2275         661        1        2
2275         688        1        2
2275         714        1        2
2275         741        1        2
2249         767        1        2
2249         794        1        2
2249         767        1        2
2275         767        1        2
2302         741        1        2
2328         741        1        2
2355         714        1        2
2381         714        1        2
2434         688        1        2
2461         688        1        2
2514         661        1        2
2540         661        1        2
2593         661        1        2
2646         661        1        2
2672         661        1        2
2725         661        1        2
2752         661        1        2
2805         661        1        2
2831         688        1        2
2858         688        1        2
2884         714        1        2
2910         714        1        2
2937         741        1        2
2937         767        1        2
2937         794        1        2
2910         847        1        2
2884         873        1        2
2858         900        1        2
2805         926        1        2
2752         953        1        2
2699         979        1        2
2646        1005        1        2
2566        1032        1        2
2514        1032        1        2
2461        1058        1        2
2434        1058        1        2
2408        1058        1        2
2381        1058        1        2
2355        1058        1        2
2328        1058        1        2
2302        1058        1        2
2302        1032        1        2
2275        1032        1        2
2249        1032        1        2
2275        1032        1        2
2302        1058        1        2
2328        1058        1        2
2355        1058        1        2
2408        1085        1        2
2461        1085        1        2
2514        1085        1        2
2566        1111        1        2
2619        1138        1        2
2672        1138        1        2
2725        1164        1        2
2778        1164        1        2
2831        1191        1        2
2858        1191        1        2
2910        1217        1        2
2937        1217        1        2
2963        1244        1        2
2990        1244        1        2
2990        1270        1        2
2990        1296        1        2
2963        1323        1        2
2963        1376        1        2
2937        1455        1        2
2910        1535        1        2
2884        1614        1        2
2884        1693        1        2
2858        1773        1        2
2884        1852        1        2
2884        1931        1        2
2884        1984        1        2
2910        2011        1        2
2937        2037        1        2
2963        2037        1        2
2990        2037        1        2
3016        2037        1        2
3043        2011        1        2
PEN_UP                  0
END_CHARACTER: NGN
