CHARACTER_NAME: HR
STROKE_COUNT: 3
  X           Y   STYLUS_STATE STROKE
PEN_DOWN
1296        1111        1        1
1270        1111        1        1
1244        1111        1        1
1270        1111        1        1
1296        1085        1        1
1349        1085        1        1
1429        1058        1        1
1535        1032        1        1
1640         979        1        1
1773         953        1        1
1905         926        1        1
2011         900        1        1
2143         873        1        1
2249         847        1        1
2355         820        1        1
2461         794        1        1
2514         794        1        1
2566         767        1        1
2619         767        1        1
2646         767        1        1
2672         767        1        1
2646         767        1        1
2646         794        1        1
2593         794        1        1
2566         820        1        1
PEN_UP                  0
PEN_DOWN
1931         979        1        2
1958         979        1        2
1984         979        1        2
2011         979        1        2
2011        1005        1        2
2011        1032        1        2
2011        1058        1        2
1984        1058        1        2
1984        1085        1        2
1984        1111        1        2
1958        1111        1        2
1931        1138        1        2
1905        1138        1        2
1879        1138        1        2
1852        1138        1        2
1826        1111        1        2
1826        1085        1        2
1799        1085        1        2
1826        1058        1        2
1826        1032        1        2
1852        1005        1        2
1852         979        1        2
1879         979        1        2
1905         953        1        2
1931         926        1        2
1958         926        1        2
1984         900        1        2
2011         873        1        2
2037         873        1        2
2064         873        1        2
2090         873        1        2
2117         873        1        2
2143         873        1        2
2143         900        1        2
2170         900        1        2
2196         926        1        2
2196         953        1        2
2196         979        1        2
2223        1005        1        2
2223        1032        1        2
2223        1085        1        2
2223        1138        1        2
2196        1191        1        2
2170        1244        1        2
2143        1323        1        2
2117        1376        1        2
2090        1455        1        2
2037        1508        1        2
1984        1588        1        2
1931        1640        1        2
1879        1720        1        2
1852        1773        1        2
1799        1799        1        2
1746        1852        1        2
1720        1879        1        2
1693        1905        1        2
1667        1958        1        2
1640        1984        1        2
1614        2011        1        2
1588        2037        1        2
1561        2037        1        2
1561        2064        1        2
1535        2064        1        2
1535        2090        1        2
1561        2090        1        2
1588        2090        1        2
1614        2064        1        2
1667        2064        1        2
1746        2064        1        2
1799        2090        1        2
1879        2090        1        2
1958        2090        1        2
2037        2117        1        2
2090        2143        1        2
2170        2143        1        2
2223        2170        1        2
2275        2196        1        2
2328        2223        1        2
2355        2223        1        2
2381        2249        1        2
2408        2249        1        2
2434        2249        1        2
2408        2275        1        2
2381        2275        1        2
PEN_UP                  0
PEN_DOWN
2143        1376        1        3
2170        1376        1        3
2170        1349        1        3
2196        1349        1        3
2249        1349        1        3
2302        1323        1        3
2355        1296        1        3
2434        1296        1        3
2514        1270        1        3
2593        1244        1        3
2672        1244        1        3
2725        1217        1        3
2778        1217        1        3
2831        1217        1        3
2858        1191        1        3
2884        1191        1        3
2910        1191        1        3
2884        1191        1        3
2884        1217        1        3
2884        1270        1        3
2884        1323        1        3
2884        1376        1        3
2858        1455        1        3
2858        1535        1        3
2831        1640        1        3
2831        1720        1        3
2805        1826        1        3
2805        1905        1        3
2778        2011        1        3
2778        2090        1        3
2778        2170        1        3
2778        2249        1        3
2778        2302        1        3
2778        2328        1        3
2778        2381        1        3
2778        2408        1        3
2778        2434        1        3
2805        2434        1        3
PEN_UP                  0
END_CHARACTER: HR
