CHARACTER_NAME: BB
STROKE_COUNT: 2
  X           Y   STYLUS_STATE STROKE
PEN_DOWN
1058         714        1        1
1058         688        1        1
1085         688        1        1
1138         688        1        1
1164         661        1        1
1244         661        1        1
1323         635        1        1
1402         635        1        1
1482         635        1        1
1561         635        1        1
1640         609        1        1
1693         635        1        1
1720         635        1        1
1773         635        1        1
1773         661        1        1
1773         688        1        1
1746         714        1        1
1720         767        1        1
1667         820        1        1
1588         873        1        1
1508         926        1        1
1429         979        1        1
1376        1032        1        1
1296        1085        1        1
1244        1138        1        1
1217        1164        1        1
1191        1191        1        1
1191        1217        1        1
1191        1244        1        1
1217        1244        1        1
1270        1244        1        1
1296        1270        1        1
1349        1270        1        1
1402        1270        1        1
1455        1270        1        1
1508        1296        1        1
1561        1296        1        1
1588        1296        1        1
1640        1296        1        1
1667        1296        1        1
1693        1323        1        1
1720        1323        1        1
1746        1323        1        1
1773        1323        1        1
1799        1323        1        1
1799        1296        1        1
1773        1296        1        1
1773        1270        1        1
1773        1244        1        1
1773        1217        1        1
1773        1191        1        1
1746        1138        1        1
1746        1085        1        1
1746        1032        1        1
1746         953        1        1
1746         900        1        1
1746         847        1        1
1720         820        1        1
1720         767        1        1
1720         741        1        1
1720         688        1        1
1720         661        1        1
1693         661        1        1
1693         635        1        1
1693         609        1        1
1720         609        1        1
1720         635        1        1
PEN_UP                  0
PEN_DOWN
1879        1323        1        2
1879        1349        1        2
1852        1349        1        2
1826        1376        1        2
1773        1402        1        2
1720        1429        1        2
1667        1482        1        2
1614        1508        1        2
1561        1561        1        2
1508        1588        1        2
1482        1614        1        2
1455        1640        1        2
1429        1667        1        2
1402        1693        1        2
1402        1720        1        2
1429        1720        1        2
1482        1720        1        2
1508        1720        1        2
1561        1720        1        2
1614        1720        1        2
1667        1746        1        2
1720        1746        1        2
1773        1746        1        2
1826        1746        1        2
1879        1746        1        2
1905        1746        1        2
1931        1773        1        2
1958        1773        1        2
1984        1773        1        2
2011        1773        1        2
1984        1746        1        2
1984        1720        1        2
1958        1693        1        2
1958        1640        1        2
1958        1588        1        2
1931        1535        1        2
1931        1482        1        2
1905        1429        1        2
1905        1376        1        2
1905        1323        1        2
1905        1296        1        2
1905        1270        1        2
1905        1244        1        2
PEN_UP                  0
END_CHARACTER: BB
