CHARACTER_NAME: GHR
STROKE_COUNT: 3
  X           Y   STYLUS_STATE STROKE
PEN_DOWN
1879         900        1        1
1905         900        1        1
1905         873        1        1
1879         900        1        1
1879         926        1        1
1852         953        1        1
1799        1005        1        1
1773        1058        1        1
1720        1111        1        1
1640        1191        1        1
1588        1244        1        1
1535        1323        1        1
1482        1376        1        1
1429        1429        1        1
1402        1455        1        1
1376        1508        1        1
1349        1535        1        1
1323        1561        1        1
1349        1561        1        1
1376        1561        1        1
1402        1561        1        1
1455        1561        1        1
1482        1561        1        1
1508        1561        1        1
1561        1561        1        1
1588        1561        1        1
1614        1561        1        1
1640        1561        1        1
1667        1561        1        1
1693        1588        1        1
1693        1614        1        1
1693        1640        1        1
1693        1667        1        1
1667        1693        1        1
1614        1720        1        1
1588        1773        1        1
1561        1799        1        1
1508        1852        1        1
1482        1879        1        1
1455        1905        1        1
1429        1931        1        1
1429        1958        1        1
1455        1958        1        1
1508        1958        1        1
1561        1931        1        1
1614        1931        1        1
1693        1931        1        1
1773        1905        1        1
1852        1905        1        1
1931        1905        1        1
2011        1905        1        1
2064        1905        1        1
2117        1905        1        1
2143        1905        1        1
2170        1905        1        1
2196        1931        1        1
2223        1931        1        1
2249        1931        1        1
2275        1931        1        1
2302        1931        1        1
2302        1905        1        1
2302        1879        1        1
2328        1826        1        1
2328        1773        1        1
2328        1693        1        1
2355        1614        1        1
2381        1508        1        1
2408        1429        1        1
2434        1349        1        1
2461        1270        1        1
2461        1191        1        1
2487        1138        1        1
2487        1085        1        1
2514        1032        1        1
2514        1005        1        1
2514         979        1        1
2514         953        1        1
2514         926        1        1
2514         900        1        1
2540         926        1        1
2540         953        1        1
2566         953        1        1
2566         979        1        1
PEN_UP                  0
PEN_DOWN
2381        1905        1        2
2381        1931        1        2
2381        1958        1        2
2355        1984        1        2
2355        2011        1        2
2355        2037        1        2
2355        2090        1        2
2328        2117        1        2
2328        2143        1        2
2328        2170        1        2
2328        2196        1        2
2328        2223        1        2
2328        2249        1        2
2302        2249        1        2
2302        2275        1        2
2275        2275        1        2
2275        2249        1        2
2249        2249        1        2
2223        2223        1        2
2196        2223        1        2
2170        2196        1        2
2117        2196        1        2
2090        2196        1        2
2037        2170        1        2
1984        2196        1        2
1958        2196        1        2
1905        2196        1        2
1852        2223        1        2
1773        2249        1        2
1720        2275        1        2
1667        2302        1        2
1614        2355        1        2
1535        2408        1        2
1482        2461        1        2
1402        2487        1        2
1323        2540        1        2
1270        2593        1        2
1191        2619        1        2
1111        2646        1        2
1032        2672        1        2
 979        2699        1        2
 900        2725        1        2
 820        2725        1        2
 741        2699        1        2
 688        2699        1        2
 609        2646        1        2
 556        2593        1        2
 529        2514        1        2
 503        2461        1        2
 476        2381        1        2
 476        2328        1        2
 476        2275        1        2
 476        2223        1        2
PEN_UP                  0
PEN_DOWN
1720        1111        1        3
1746        1085        1        3
1799        1085        1        3
1852        1085        1        3
1931        1058        1        3
2011        1032        1        3
2117        1032        1        3
2223        1005        1        3
2355        1005        1        3
2461         979        1        3
2566         979        1        3
2646         953        1        3
2699         953        1        3
2752         953        1        3
2778         926        1        3
2805         926        1        3
2831         926        1        3
2858         926        1        3
2884         953        1        3
2858         979        1        3
PEN_UP                  0
END_CHARACTER: GHR
