CHARACTER_NAME: DHRR
STROKE_COUNT: 4
  X           Y   STYLUS_STATE STROKE
PEN_DOWN
2646        1058        1        1
2619        1032        1        1
2593        1032        1        1
2566        1058        1        1
2540        1085        1        1
2487        1111        1        1
2434        1164        1        1
2381        1191        1        1
2302        1270        1        1
2249        1323        1        1
2170        1402        1        1
2117        1455        1        1
2037        1535        1        1
2011        1588        1        1
1984        1614        1        1
1958        1640        1        1
1958        1667        1        1
1958        1693        1        1
1984        1693        1        1
2011        1693        1        1
2037        1693        1        1
2090        1693        1        1
2143        1667        1        1
2170        1667        1        1
2223        1667        1        1
2275        1667        1        1
2328        1640        1        1
2381        1640        1        1
2434        1667        1        1
2461        1667        1        1
2514        1667        1        1
2540        1667        1        1
2566        1693        1        1
2593        1693        1        1
2619        1720        1        1
2646        1720        1        1
2672        1720        1        1
2699        1746        1        1
2699        1720        1        1
2699        1693        1        1
2699        1640        1        1
2699        1614        1        1
2699        1535        1        1
2725        1482        1        1
2725        1402        1        1
2725        1349        1        1
2725        1270        1        1
2725        1217        1        1
2725        1164        1        1
2725        1138        1        1
2725        1085        1        1
2699        1058        1        1
PEN_UP                  0
PEN_DOWN
1826         635        1        2
1852         609        1        2
1826         582        1        2
1826         556        1        2
1799         529        1        2
1773         529        1        2
1746         529        1        2
1720         529        1        2
1693         529        1        2
1667         529        1        2
1640         556        1        2
1614         582        1        2
1614         609        1        2
1588         635        1        2
1614         688        1        2
1614         741        1        2
1667         794        1        2
1720         847        1        2
1773         900        1        2
1852         953        1        2
1931        1005        1        2
2011        1032        1        2
2090        1058        1        2
2143        1085        1        2
2196        1085        1        2
2249        1085        1        2
2275        1111        1        2
2328        1085        1        2
2355        1085        1        2
2381        1058        1        2
2408        1058        1        2
2434        1058        1        2
2461        1058        1        2
2487        1085        1        2
2514        1085        1        2
PEN_UP                  0
PEN_DOWN
2884        1799        1        3
2884        1773        1        3
2858        1773        1        3
2858        1799        1        3
2831        1799        1        3
2805        1826        1        3
2805        1852        1        3
2778        1879        1        3
2778        1905        1        3
2752        1931        1        3
2752        1958        1        3
2725        1984        1        3
2725        2011        1        3
2725        2037        1        3
2725        2064        1        3
2699        2064        1        3
2672        2037        1        3
2646        2037        1        3
2619        2037        1        3
2593        2037        1        3
2566        2011        1        3
2514        2037        1        3
2487        2037        1        3
2434        2037        1        3
2381        2037        1        3
2328        2064        1        3
2302        2064        1        3
2249        2090        1        3
2223        2117        1        3
2170        2143        1        3
2143        2170        1        3
2090        2196        1        3
2037        2249        1        3
2011        2302        1        3
1958        2328        1        3
1905        2381        1        3
1852        2408        1        3
1799        2434        1        3
1746        2461        1        3
1720        2487        1        3
1667        2487        1        3
1614        2487        1        3
1561        2487        1        3
1508        2487        1        3
1455        2461        1        3
1402        2461        1        3
1376        2434        1        3
1323        2408        1        3
1296        2381        1        3
1270        2355        1        3
1270        2328        1        3
1244        2302        1        3
1244        2275        1        3
1270        2249        1        3
PEN_UP                  0
PEN_DOWN
2619        1058        1        4
2619        1032        1        4
2646        1032        1        4
2672        1032        1        4
2699        1032        1        4
2725        1005        1        4
2778        1005        1        4
2831         979        1        4
2884         979        1        4
2937         953        1        4
2990         953        1        4
3016         953        1        4
3016         926        1        4
3043         926        1        4
3069         926        1        4
3069         953        1        4
3043         953        1        4
3043         979        1        4
PEN_UP                  0
END_CHARACTER: DHRR
