CHARACTER_NAME: JA
STROKE_COUNT: 3
  X           Y   STYLUS_STATE STROKE
PEN_DOWN
2487        1164        1        1
2514        1138        1        1
2514        1111        1        1
2514        1085        1        1
2487        1085        1        1
2487        1111        1        1
2461        1138        1        1
2434        1164        1        1
2408        1191        1        1
2381        1244        1        1
2355        1296        1        1
2328        1323        1        1
2302        1376        1        1
2275        1429        1        1
2249        1455        1        1
2223        1508        1        1
2196        1535        1        1
2196        1561        1        1
2196        1588        1        1
2196        1614        1        1
2223        1614        1        1
2249        1614        1        1
2275        1614        1        1
2302        1614        1        1
2328        1614        1        1
2355        1614        1        1
2381        1614        1        1
2408        1614        1        1
2434        1614        1        1
2461        1640        1        1
2487        1640        1        1
2514        1667        1        1
2540        1693        1        1
2540        1720        1        1
2566        1746        1        1
2566        1773        1        1
2566        1799        1        1
2566        1826        1        1
2540        1852        1        1
2514        1879        1        1
2487        1905        1        1
2461        1931        1        1
2434        1958        1        1
2381        1984        1        1
2328        1984        1        1
2302        1984        1        1
2249        1984        1        1
2196        1984        1        1
2143        1958        1        1
2090        1931        1        1
2037        1879        1        1
2011        1826        1        1
1958        1773        1        1
1931        1720        1        1
1905        1640        1        1
1879        1588        1        1
1852        1561        1        1
1826        1508        1        1
1826        1455        1        1
1799        1429        1        1
1799        1402        1        1
1799        1376        1        1
1773        1349        1        1
1773        1323        1        1
PEN_UP                  0
PEN_DOWN
2514        1217        1        2
2487        1217        1        2
2487        1191        1        2
2461        1191        1        2
2461        1164        1        2
2434        1164        1        2
2434        1138        1        2
2434        1164        1        2
2434        1191        1        2
2461        1191        1        2
2461        1217        1        2
2487        1244        1        2
2514        1296        1        2
2566        1323        1        2
2619        1349        1        2
2672        1376        1        2
2725        1402        1        2
2778        1429        1        2
2831        1455        1        2
2884        1482        1        2
2910        1508        1        2
2937        1535        1        2
2963        1535        1        2
2990        1561        1        2
3016        1561        1        2
3043        1588        1        2
3069        1588        1        2
3043        1614        1        2
3016        1640        1        2
3016        1667        1        2
2990        1693        1        2
2963        1720        1        2
2937        1773        1        2
2884        1852        1        2
2858        1931        1        2
2831        1984        1        2
2805        2064        1        2
2805        2143        1        2
2805        2196        1        2
2805        2249        1        2
2831        2302        1        2
2831        2355        1        2
2858        2381        1        2
2884        2408        1        2
2910        2408        1        2
2937        2434        1        2
2963        2434        1        2
PEN_UP                  0
PEN_DOWN
1217        1191        1        3
1217        1217        1        3
1244        1217        1        3
1270        1217        1        3
1323        1217        1        3
1349        1217        1        3
1402        1217        1        3
1455        1217        1        3
1535        1217        1        3
1614        1217        1        3
1693        1191        1        3
1799        1191        1        3
1879        1191        1        3
1958        1191        1        3
2064        1191        1        3
2143        1164        1        3
2249        1164        1        3
2328        1164        1        3
2434        1164        1        3
2514        1164        1        3
2593        1164        1        3
2672        1164        1        3
2725        1164        1        3
2778        1164        1        3
2831        1191        1        3
2858        1191        1        3
2884        1191        1        3
2910        1191        1        3
2937        1191        1        3
2963        1191        1        3
2990        1191        1        3
3016        1191        1        3
3043        1191        1        3
3069        1191        1        3
3096        1191        1        3
3122        1191        1        3
3149        1191        1        3
3175        1191        1        3
3201        1191        1        3
3228        1191        1        3
3254        1191        1        3
3281        1191        1        3
3307        1191        1        3
3334        1191        1        3
3360        1191        1        3
3387        1191        1        3
3440        1191        1        3
3466        1191        1        3
3493        1191        1        3
3545        1191        1        3
3572        1191        1        3
3598        1191        1        3
3625        1191        1        3
3651        1191        1        3
3678        1191        1        3
3704        1191        1        3
3731        1191        1        3
3757        1191        1        3
3784        1191        1        3
3757        1191        1        3
PEN_UP                  0
END_CHARACTER: JA
