CHARACTER_NAME: MTA
STROKE_COUNT: 3
  X           Y   STYLUS_STATE STROKE
PEN_DOWN
1640        1296        1        1
1614        1296        1        1
1614        1323        1        1
1640        1323        1        1
1640        1349        1        1
1614        1376        1        1
1614        1402        1        1
1614        1429        1        1
1614        1482        1        1
1614        1508        1        1
1614        1535        1        1
1614        1561        1        1
1614        1614        1        1
1614        1640        1        1
1614        1693        1        1
1614        1720        1        1
1614        1773        1        1
1614        1799        1        1
1614        1852        1        1
1614        1905        1        1
1614        1984        1        1
1614        2037        1        1
1588        2090        1        1
1588        2143        1        1
1588        2196        1        1
1588        2249        1        1
1614        2302        1        1
1614        2328        1        1
1614        2355        1        1
1614        2381        1        1
1640        2408        1        1
1640        2434        1        1
1667        2434        1        1
1667        2461        1        1
1693        2461        1        1
1746        2461        1        1
1773        2461        1        1
1826        2434        1        1
1852        2434        1        1
1905        2434        1        1
1931        2408        1        1
1984        2408        1        1
2011        2381        1        1
2037        2355        1        1
2064        2328        1        1
2090        2328        1        1
2117        2302        1        1
2143        2275        1        1
2170        2249        1        1
2170        2196        1        1
2196        2170        1        1
2196        2143        1        1
2223        2117        1        1
2223        2090        1        1
2249        2064        1        1
2249        2037        1        1
2249        2011        1        1
2249        1984        1        1
2249        1958        1        1
2249        1931        1        1
2249        1905        1        1
2249        1879        1        1
2223        1852        1        1
2223        1826        1        1
2196        1799        1        1
2196        1773        1        1
2170        1773        1        1
2143        1773        1        1
2143        1799        1        1
2117        1799        1        1
2090        1799        1        1
2090        1826        1        1
2064        1826        1        1
2064        1852        1        1
2090        1879        1        1
2117        1905        1        1
2143        1931        1        1
2170        1931        1        1
2196        1931        1        1
2196        1905        1        1
2223        1905        1        1
PEN_UP                  0
PEN_DOWN
 900        1508        1        2
 926        1508        1        2
 953        1508        1        2
 979        1508        1        2
1005        1508        1        2
1032        1482        1        2
1085        1482        1        2
1138        1482        1        2
1217        1482        1        2
1296        1455        1        2
1402        1455        1        2
1508        1455        1        2
1614        1429        1        2
1720        1429        1        2
1799        1429        1        2
1905        1429        1        2
1984        1402        1        2
2037        1402        1        2
2117        1402        1        2
2143        1402        1        2
2196        1376        1        2
2223        1376        1        2
2275        1376        1        2
2302        1376        1        2
2328        1376        1        2
2381        1349        1        2
2408        1349        1        2
2461        1349        1        2
2487        1349        1        2
2514        1349        1        2
2540        1349        1        2
2566        1349        1        2
2593        1349        1        2
2566        1349        1        2
2540        1349        1        2
2514        1349        1        2
2487        1349        1        2
PEN_UP                  0
PEN_DOWN
2090        1349        1        3
2090        1323        1        3
2117        1323        1        3
2117        1296        1        3
2117        1270        1        3
2117        1244        1        3
2090        1217        1        3
2090        1191        1        3
2064        1191        1        3
2064        1164        1        3
2064        1138        1        3
2037        1138        1        3
2011        1111        1        3
1984        1111        1        3
1958        1111        1        3
1905        1111        1        3
1879        1111        1        3
1852        1138        1        3
1826        1138        1        3
1773        1138        1        3
1746        1138        1        3
1720        1164        1        3
1693        1164        1        3
1667        1164        1        3
1640        1164        1        3
1614        1164        1        3
1588        1164        1        3
1561        1164        1        3
1535        1164        1        3
1508        1164        1        3
1482        1164        1        3
1455        1138        1        3
1429        1138        1        3
1402        1111        1        3
1376        1111        1        3
1349        1085        1        3
1323        1085        1        3
1296        1058        1        3
1270        1032        1        3
1244        1005        1        3
1217         979        1        3
1217         953        1        3
1191         953        1        3
1191         926        1        3
1164         900        1        3
1164         873        1        3
1164         847        1        3
1164         820        1        3
1164         794        1        3
1164         767        1        3
1164         741        1        3
1191         714        1        3
1191         688        1        3
1191         661        1        3
1191         635        1        3
1217         661        1        3
PEN_UP                  0
END_CHARACTER: MTA
