CHARACTER_NAME: NT
STROKE_COUNT: 3
  X           Y   STYLUS_STATE STROKE
PEN_DOWN
1640        1455        1        1
1640        1482        1        1
1614        1482        1        1
1614        1508        1        1
1614        1535        1        1
1614        1561        1        1
1588        1561        1        1
1561        1588        1        1
1535        1614        1        1
1508        1614        1        1
1482        1640        1        1
1455        1640        1        1
1455        1667        1        1
1429        1667        1        1
1402        1667        1        1
1376        1640        1        1
1349        1640        1        1
1349        1614        1        1
1323        1614        1        1
1323        1588        1        1
1349        1561        1        1
1349        1535        1        1
1376        1508        1        1
1402        1508        1        1
1429        1482        1        1
1455        1455        1        1
1482        1429        1        1
1535        1429        1        1
1588        1402        1        1
1640        1402        1        1
1693        1376        1        1
1746        1376        1        1
1799        1376        1        1
1852        1402        1        1
1879        1402        1        1
1931        1429        1        1
1984        1455        1        1
2011        1482        1        1
2037        1508        1        1
2064        1508        1        1
2090        1535        1        1
2117        1561        1        1
2143        1561        1        1
2143        1588        1        1
2170        1588        1        1
2170        1561        1        1
2170        1535        1        1
2143        1535        1        1
2143        1482        1        1
2143        1455        1        1
2143        1376        1        1
2117        1323        1        1
2117        1296        1        1
2117        1270        1        1
2117        1217        1        1
2090        1191        1        1
2090        1164        1        1
2090        1138        1        1
2090        1111        1        1
2090        1138        1        1
2090        1164        1        1
2090        1191        1        1
2090        1217        1        1
2090        1270        1        1
2090        1296        1        1
2090        1323        1        1
2090        1349        1        1
2090        1402        1        1
2090        1429        1        1
2090        1455        1        1
2090        1482        1        1
2090        1508        1        1
2090        1561        1        1
2090        1588        1        1
2090        1614        1        1
2064        1640        1        1
2064        1693        1        1
2064        1720        1        1
2064        1746        1        1
2064        1799        1        1
2064        1826        1        1
2064        1852        1        1
2064        1905        1        1
2064        1931        1        1
2064        1958        1        1
2064        2011        1        1
2090        2037        1        1
2090        2064        1        1
2090        2090        1        1
2117        2117        1        1
2117        2143        1        1
2143        2143        1        1
2170        2143        1        1
2196        2143        1        1
2223        2143        1        1
2249        2143        1        1
2275        2117        1        1
2328        2117        1        1
2355        2090        1        1
2381        2090        1        1
2408        2064        1        1
2434        2064        1        1
2461        2037        1        1
2487        2011        1        1
2514        1984        1        1
2566        1958        1        1
2593        1931        1        1
2619        1905        1        1
2646        1852        1        1
2672        1826        1        1
2699        1799        1        1
2699        1773        1        1
2725        1746        1        1
2725        1720        1        1
2725        1693        1        1
2752        1693        1        1
2752        1667        1        1
2725        1640        1        1
2725        1614        1        1
2699        1588        1        1
2672        1588        1        1
2646        1588        1        1
2619        1588        1        1
2593        1614        1        1
2593        1640        1        1
2619        1667        1        1
2619        1693        1        1
2646        1693        1        1
2672        1693        1        1
2699        1720        1        1
2725        1720        1        1
2752        1720        1        1
2778        1720        1        1
PEN_UP                  0
PEN_DOWN
1217        1191        1        2
1244        1191        1        2
1270        1164        1        2
1296        1164        1        2
1349        1164        1        2
1402        1164        1        2
1455        1164        1        2
1508        1138        1        2
1561        1138        1        2
1614        1138        1        2
1667        1138        1        2
1720        1138        1        2
1799        1138        1        2
1852        1111        1        2
1905        1111        1        2
1958        1111        1        2
2011        1111        1        2
2037        1111        1        2
2090        1085        1        2
2143        1085        1        2
2196        1085        1        2
2249        1085        1        2
2302        1058        1        2
2355        1058        1        2
2408        1058        1        2
2461        1058        1        2
2514        1058        1        2
2540        1058        1        2
2593        1032        1        2
2646        1032        1        2
2699        1032        1        2
2752        1032        1        2
2805        1005        1        2
2831        1005        1        2
2884        1005        1        2
2910        1005        1        2
2963         979        1        2
2990         979        1        2
3043         979        1        2
3069         979        1        2
3122         979        1        2
3149         979        1        2
3201         953        1        2
3228         953        1        2
3281         953        1        2
3307         953        1        2
3334         953        1        2
3360         953        1        2
3387         953        1        2
3387         926        1        2
3413         926        1        2
3440         926        1        2
3413         926        1        2
3387         953        1        2
3360         953        1        2
PEN_UP                  0
PEN_DOWN
2593        1085        1        3
2619        1058        1        3
2619        1032        1        3
2593        1032        1        3
2593        1005        1        3
2593         979        1        3
2566         979        1        3
2566         953        1        3
2540         926        1        3
2514         926        1        3
2487         900        1        3
2461         900        1        3
2434         900        1        3
2408         873        1        3
2381         873        1        3
2328         847        1        3
2302         847        1        3
2275         847        1        3
2249         847        1        3
2223         847        1        3
2196         847        1        3
2170         847        1        3
2143         847        1        3
2117         847        1        3
2090         873        1        3
2064         873        1        3
2037         900        1        3
2011         900        1        3
1984         926        1        3
1958         926        1        3
1931         953        1        3
1905         953        1        3
1879         953        1        3
1852         953        1        3
1826         953        1        3
1799         953        1        3
1773         953        1        3
1773         926        1        3
1746         926        1        3
1720         900        1        3
1693         900        1        3
1693         873        1        3
1667         847        1        3
1640         820        1        3
1640         794        1        3
1614         767        1        3
1614         741        1        3
1588         714        1        3
1588         688        1        3
1588         661        1        3
1561         688        1        3
PEN_UP                  0
END_CHARACTER: NT
