CHARACTER_NAME: TTT
STROKE_COUNT: 2
  X           Y   STYLUS_STATE STROKE
PEN_DOWN
1323        1376        1        1
1349        1349        1        1
1376        1349        1        1
1429        1349        1        1
1535        1323        1        1
1640        1296        1        1
1773        1270        1        1
1905        1244        1        1
2090        1217        1        1
2275        1191        1        1
2434        1164        1        1
2619        1164        1        1
2752        1138        1        1
2858        1138        1        1
2963        1111        1        1
3016        1111        1        1
3043        1111        1        1
3069        1111        1        1
3096        1111        1        1
3069        1111        1        1
3043        1111        1        1
3016        1111        1        1
PEN_UP                  0
PEN_DOWN
2117        1640        1        2
2090        1667        1        2
2090        1693        1        2
2064        1693        1        2
2037        1720        1        2
2011        1720        1        2
1984        1720        1        2
1958        1720        1        2
1931        1720        1        2
1905        1693        1        2
1879        1667        1        2
1879        1640        1        2
1879        1614        1        2
1905        1588        1        2
1931        1588        1        2
1958        1561        1        2
1984        1535        1        2
2037        1508        1        2
2090        1482        1        2
2143        1482        1        2
2196        1455        1        2
2249        1455        1        2
2302        1455        1        2
2355        1455        1        2
2381        1455        1        2
2434        1482        1        2
2461        1482        1        2
2487        1508        1        2
2487        1535        1        2
2514        1561        1        2
2514        1588        1        2
2487        1640        1        2
2487        1667        1        2
2461        1693        1        2
2434        1720        1        2
2408        1746        1        2
2381        1773        1        2
2355        1799        1        2
2328        1799        1        2
2302        1799        1        2
2275        1826        1        2
2249        1826        1        2
2249        1799        1        2
2275        1799        1        2
2302        1773        1        2
2328        1773        1        2
2355        1773        1        2
2381        1746        1        2
2408        1746        1        2
2461        1746        1        2
2487        1746        1        2
2540        1746        1        2
2566        1746        1        2
2619        1773        1        2
2646        1773        1        2
2672        1799        1        2
2699        1826        1        2
2725        1879        1        2
2725        1905        1        2
2725        1958        1        2
2725        1984        1        2
2725        2037        1        2
2699        2090        1        2
2646        2143        1        2
2593        2170        1        2
2540        2223        1        2
2461        2249        1        2
2408        2275        1        2
2328        2302        1        2
2249        2328        1        2
2143        2328        1        2
2064        2302        1        2
1984        2302        1        2
1905        2249        1        2
1826        2196        1        2
1773        2143        1        2
1720        2064        1        2
1693        1984        1        2
1667        1905        1        2
1667        1826        1        2
1667        1746        1        2
1667        1693        1        2
1667        1640        1        2
1667        1614        1        2
1693        1561        1        2
1693        1535        1        2
1693        1508        1        2
1693        1482        1        2
1693        1455        1        2
1693        1482        1        2
1667        1508        1        2
PEN_UP                  0
END_CHARACTER: TTT
