CHARACTER_NAME: OI
STROKE_COUNT: 2
  X           Y   STYLUS_STATE STROKE
PEN_DOWN
2461        1482        1        1
2434        1482        1        1
2434        1508        1        1
2408        1508        1        1
2381        1508        1        1
2355        1508        1        1
2355        1482        1        1
2355        1455        1        1
2355        1429        1        1
2381        1402        1        1
2408        1376        1        1
2434        1376        1        1
2434        1349        1        1
2461        1349        1        1
2487        1349        1        1
2487        1323        1        1
2514        1323        1        1
2540        1323        1        1
2566        1323        1        1
2593        1323        1        1
2619        1323        1        1
2646        1349        1        1
2672        1349        1        1
2672        1376        1        1
2699        1376        1        1
2699        1402        1        1
2725        1429        1        1
2725        1455        1        1
2752        1482        1        1
2752        1508        1        1
2778        1535        1        1
2778        1561        1        1
2778        1614        1        1
2778        1640        1        1
2778        1667        1        1
2805        1720        1        1
2805        1746        1        1
2805        1799        1        1
2831        1852        1        1
2831        1905        1        1
2831        1958        1        1
2858        2037        1        1
2858        2090        1        1
2858        2143        1        1
2858        2223        1        1
2884        2275        1        1
2884        2328        1        1
2884        2408        1        1
2884        2461        1        1
2884        2514        1        1
2884        2540        1        1
2884        2593        1        1
2884        2619        1        1
2884        2646        1        1
2884        2672        1        1
2884        2699        1        1
2910        2725        1        1
2910        2752        1        1
2910        2778        1        1
2910        2805        1        1
2937        2805        1        1
2937        2831        1        1
2937        2858        1        1
2937        2831        1        1
2937        2805        1        1
2937        2778        1        1
2910        2752        1        1
2884        2725        1        1
2858        2699        1        1
2831        2672        1        1
2805        2672        1        1
2752        2646        1        1
2699        2646        1        1
2646        2619        1        1
2619        2619        1        1
2566        2619        1        1
2514        2593        1        1
2487        2593        1        1
2434        2619        1        1
2381        2619        1        1
2355        2619        1        1
2302        2619        1        1
2275        2646        1        1
2223        2646        1        1
2170        2672        1        1
2143        2699        1        1
2090        2699        1        1
2037        2725        1        1
2011        2752        1        1
1958        2778        1        1
1905        2778        1        1
1879        2805        1        1
1826        2831        1        1
1773        2831        1        1
1720        2858        1        1
1693        2858        1        1
1640        2858        1        1
1588        2858        1        1
1561        2858        1        1
1508        2858        1        1
1482        2831        1        1
1429        2805        1        1
1402        2778        1        1
1376        2752        1        1
1349        2699        1        1
1349        2646        1        1
1349        2619        1        1
1323        2566        1        1
1349        2540        1        1
1349        2487        1        1
1349        2461        1        1
1376        2434        1        1
1402        2408        1        1
1429        2408        1        1
1455        2381        1        1
PEN_UP                  0
PEN_DOWN
2910        2090        1        2
2937        2090        1        2
2937        2064        1        2
2963        2064        1        2
2990        2037        1        2
3016        2011        1        2
3069        1984        1        2
3096        1958        1        2
3122        1958        1        2
3149        1931        1        2
3175        1905        1        2
3201        1879        1        2
3228        1852        1        2
3254        1852        1        2
3281        1826        1        2
3307        1799        1        2
3307        1773        1        2
3334        1746        1        2
3334        1720        1        2
3334        1693        1        2
3360        1667        1        2
3360        1640        1        2
3360        1588        1        2
3360        1561        1        2
3334        1535        1        2
3334        1508        1        2
3307        1482        1        2
3307        1455        1        2
3281        1455        1        2
3254        1429        1        2
3254        1402        1        2
3228        1376        1        2
3201        1349        1        2
3175        1323        1        2
3149        1323        1        2
3122        1296        1        2
3096        1270        1        2
3069        1244        1        2
3016        1217        1        2
2990        1191        1        2
2937        1138        1        2
2910        1111        1        2
2858        1085        1        2
2831        1058        1        2
2805        1005        1        2
2778         979        1        2
2752         953        1        2
2725         926        1        2
2699         900        1        2
2672         873        1        2
2646         847        1        2
2646         820        1        2
2619         794        1        2
2619         767        1        2
2593         741        1        2
2593         714        1        2
2593         688        1        2
2593         661        1        2
2566         635        1        2
2566         609        1        2
2566         582        1        2
2593         582        1        2
2593         556        1        2
2619         556        1        2
2646         556        1        2
2672         556        1        2
PEN_UP                  0
END_CHARACTER: OI
