CHARACTER_NAME: BB
STROKE_COUNT: 3
  X           Y   STYLUS_STATE STROKE
PEN_DOWN
1508        1138        1        1
1482        1138        1        1
1482        1111        1        1
1508        1111        1        1
1535        1111        1        1
1588        1111        1        1
1640        1111        1        1
1720        1111        1        1
1826        1111        1        1
1958        1138        1        1
2117        1138        1        1
2249        1138        1        1
2434        1138        1        1
2619        1164        1        1
2778        1164        1        1
2963        1164        1        1
3096        1164        1        1
3228        1164        1        1
3334        1164        1        1
3413        1164        1        1
3466        1164        1        1
3493        1164        1        1
3519        1164        1        1
3493        1191        1        1
3440        1191        1        1
PEN_UP                  0
PEN_DOWN
2566        1191        1        2
2593        1191        1        2
2566        1191        1        2
2566        1217        1        2
2540        1217        1        2
2514        1217        1        2
2461        1244        1        2
2408        1270        1        2
2355        1270        1        2
2302        1296        1        2
2249        1323        1        2
2170        1349        1        2
2117        1376        1        2
2037        1402        1        2
1984        1429        1        2
1931        1429        1        2
1879        1455        1        2
1852        1455        1        2
1826        1455        1        2
1799        1455        1        2
1799        1482        1        2
1826        1508        1        2
1852        1508        1        2
1905        1508        1        2
1958        1535        1        2
2011        1535        1        2
2064        1561        1        2
2117        1588        1        2
2170        1588        1        2
2223        1614        1        2
2275        1640        1        2
2302        1693        1        2
2355        1720        1        2
2381        1746        1        2
2408        1773        1        2
2434        1826        1        2
2434        1852        1        2
2461        1905        1        2
2461        1931        1        2
2487        1958        1        2
2487        1984        1        2
2487        2011        1        2
2514        1984        1        2
2514        1958        1        2
2514        1931        1        2
2514        1905        1        2
2514        1852        1        2
2540        1799        1        2
2540        1746        1        2
2540        1667        1        2
2540        1614        1        2
2566        1561        1        2
2566        1508        1        2
2566        1429        1        2
2593        1376        1        2
2593        1349        1        2
2593        1296        1        2
2593        1270        1        2
2593        1244        1        2
2593        1217        1        2
2593        1191        1        2
2593        1217        1        2
2566        1217        1        2
2566        1270        1        2
PEN_UP                  0
PEN_DOWN
2514        1905        1        3
2540        1879        1        3
2514        1905        1        3
2487        1931        1        3
2461        1958        1        3
2434        1984        1        3
2381        2037        1        3
2328        2064        1        3
2275        2090        1        3
2196        2143        1        3
2143        2170        1        3
2090        2196        1        3
2011        2223        1        3
1958        2249        1        3
1931        2275        1        3
1905        2302        1        3
1879        2302        1        3
1852        2302        1        3
1852        2328        1        3
1879        2328        1        3
1879        2355        1        3
1931        2355        1        3
1958        2381        1        3
2011        2381        1        3
2064        2408        1        3
2117        2434        1        3
2170        2461        1        3
2223        2487        1        3
2249        2514        1        3
2302        2540        1        3
2328        2566        1        3
2355        2593        1        3
2381        2646        1        3
2381        2672        1        3
2408        2699        1        3
2408        2725        1        3
2434        2752        1        3
2434        2778        1        3
2434        2752        1        3
2434        2725        1        3
2461        2699        1        3
2461        2646        1        3
2461        2593        1        3
2487        2540        1        3
2487        2461        1        3
2487        2381        1        3
2514        2328        1        3
2514        2249        1        3
2514        2196        1        3
2540        2143        1        3
2540        2090        1        3
2540        2037        1        3
2514        2011        1        3
2514        1984        1        3
2514        1958        1        3
2487        1931        1        3
2461        1905        1        3
PEN_UP                  0
END_CHARACTER: BB
