CHARACTER_NAME: TRR
STROKE_COUNT: 4
  X           Y   STYLUS_STATE STROKE
PEN_DOWN
1323        1402        1        1
1349        1402        1        1
1376        1376        1        1
1402        1376        1        1
1429        1376        1        1
1455        1376        1        1
1508        1376        1        1
1561        1376        1        1
1640        1376        1        1
1720        1402        1        1
1799        1402        1        1
1905        1402        1        1
2037        1429        1        1
2143        1429        1        1
2249        1429        1        1
2328        1429        1        1
2434        1455        1        1
2514        1455        1        1
2593        1455        1        1
2646        1455        1        1
2725        1455        1        1
2778        1455        1        1
2805        1455        1        1
2858        1455        1        1
2884        1455        1        1
2910        1429        1        1
2937        1429        1        1
2937        1455        1        1
PEN_UP                  0
PEN_DOWN
2064        1482        1        2
2064        1508        1        2
2064        1535        1        2
2037        1561        1        2
2037        1588        1        2
2037        1614        1        2
2011        1640        1        2
2011        1693        1        2
1984        1720        1        2
1984        1773        1        2
1958        1799        1        2
1931        1852        1        2
1931        1879        1        2
1905        1931        1        2
1905        1984        1        2
1879        2037        1        2
1879        2064        1        2
1852        2117        1        2
1852        2170        1        2
1852        2223        1        2
1826        2275        1        2
1826        2302        1        2
1826        2355        1        2
1826        2381        1        2
1826        2434        1        2
1826        2461        1        2
1826        2487        1        2
1826        2540        1        2
1826        2566        1        2
1826        2593        1        2
1826        2619        1        2
1852        2646        1        2
1852        2672        1        2
1852        2699        1        2
1879        2725        1        2
1905        2752        1        2
1931        2752        1        2
1958        2778        1        2
2011        2778        1        2
2064        2805        1        2
2117        2805        1        2
2170        2831        1        2
2223        2831        1        2
2275        2805        1        2
2355        2805        1        2
2408        2778        1        2
2461        2778        1        2
2514        2725        1        2
2566        2699        1        2
2619        2672        1        2
2672        2646        1        2
2699        2593        1        2
2725        2566        1        2
2725        2540        1        2
2752        2487        1        2
2725        2461        1        2
2725        2434        1        2
2699        2408        1        2
2699        2381        1        2
2672        2355        1        2
2646        2355        1        2
2619        2328        1        2
2593        2328        1        2
2566        2328        1        2
2540        2355        1        2
2514        2355        1        2
2514        2381        1        2
2487        2381        1        2
2487        2408        1        2
2461        2408        1        2
2461        2434        1        2
2461        2461        1        2
2487        2461        1        2
2514        2461        1        2
2540        2487        1        2
2566        2487        1        2
2619        2487        1        2
2646        2514        1        2
2672        2487        1        2
PEN_UP                  0
PEN_DOWN
2249        1429        1        3
2275        1429        1        3
2302        1429        1        3
2328        1402        1        3
2355        1402        1        3
2408        1376        1        3
2434        1376        1        3
2461        1349        1        3
2514        1323        1        3
2566        1296        1        3
2593        1270        1        3
2619        1244        1        3
2646        1217        1        3
2672        1191        1        3
2699        1164        1        3
2699        1138        1        3
2725        1138        1        3
2699        1111        1        3
2672        1085        1        3
2646        1085        1        3
2593        1058        1        3
2566        1032        1        3
2514        1005        1        3
2461         979        1        3
2408         979        1        3
2328         953        1        3
2302         926        1        3
2249         900        1        3
2223         873        1        3
2196         847        1        3
2170         820        1        3
2170         794        1        3
2170         741        1        3
2170         714        1        3
2196         661        1        3
2223         609        1        3
2275         582        1        3
2302         556        1        3
2328         529        1        3
2381         503        1        3
2408         503        1        3
2434         503        1        3
2461         529        1        3
PEN_UP                  0
PEN_DOWN
2381        2937        1        4
2355        2910        1        4
2355        2884        1        4
2355        2858        1        4
2328        2858        1        4
2328        2884        1        4
2302        2884        1        4
2302        2910        1        4
2302        2937        1        4
2275        2963        1        4
2275        2990        1        4
2275        3016        1        4
2249        3043        1        4
2249        3069        1        4
2249        3096        1        4
2249        3122        1        4
2249        3149        1        4
2223        3122        1        4
2196        3096        1        4
2170        3069        1        4
2117        3043        1        4
2090        3016        1        4
2037        3016        1        4
2011        2990        1        4
1958        2990        1        4
1905        2990        1        4
1852        2990        1        4
1773        2990        1        4
1720        3016        1        4
1640        3016        1        4
1561        3043        1        4
1508        3069        1        4
1429        3122        1        4
1376        3149        1        4
1296        3149        1        4
1217        3175        1        4
1138        3175        1        4
1058        3149        1        4
 979        3122        1        4
 900        3096        1        4
 820        3043        1        4
 741        2963        1        4
 688        2884        1        4
 635        2805        1        4
 582        2699        1        4
 556        2619        1        4
 529        2540        1        4
 503        2461        1        4
 529        2381        1        4
 529        2328        1        4
 556        2302        1        4
 582        2302        1        4
 635        2275        1        4
PEN_UP                  0
END_CHARACTER: TRR
