CHARACTER_NAME: CARI
STROKE_COUNT: 1
  X           Y   STYLUS_STATE STROKE
PEN_DOWN
2805        1032        1        1
2805        1005        1        1
2805         979        1        1
2805         953        1        1
2778         953        1        1
2778         926        1        1
2752         900        1        1
2725         873        1        1
2725         847        1        1
2672         820        1        1
2646         794        1        1
2593         794        1        1
2566         767        1        1
2514         741        1        1
2461         741        1        1
2408         714        1        1
2355         714        1        1
2302         714        1        1
2223         714        1        1
2170         714        1        1
2090         714        1        1
2011         741        1        1
1931         741        1        1
1879         767        1        1
1799         820        1        1
1746         847        1        1
1720         873        1        1
1667         926        1        1
1640         979        1        1
1614        1032        1        1
1588        1085        1        1
1588        1138        1        1
1588        1191        1        1
1614        1244        1        1
1614        1296        1        1
1667        1349        1        1
1693        1402        1        1
1746        1455        1        1
1826        1508        1        1
1879        1535        1        1
1958        1588        1        1
2037        1640        1        1
2143        1693        1        1
2223        1720        1        1
2275        1773        1        1
2355        1826        1        1
2408        1879        1        1
2461        1931        1        1
2514        2011        1        1
2566        2064        1        1
2593        2143        1        1
2619        2196        1        1
2646        2275        1        1
2672        2328        1        1
2672        2408        1        1
2699        2461        1        1
2699        2540        1        1
2672        2593        1        1
2672        2646        1        1
2672        2699        1        1
2646        2752        1        1
2646        2778        1        1
2619        2831        1        1
2593        2884        1        1
2566        2910        1        1
2514        2963        1        1
2487        2990        1        1
2461        3016        1        1
2408        3043        1        1
2381        3043        1        1
2328        3069        1        1
2275        3069        1        1
2223        3069        1        1
2170        3043        1        1
2117        3043        1        1
2037        3016        1        1
1984        3016        1        1
1905        2990        1        1
1852        2963        1        1
1799        2937        1        1
1746        2937        1        1
1693        2910        1        1
1667        2884        1        1
1614        2831        1        1
1588        2805        1        1
1561        2778        1        1
1535        2725        1        1
1508        2672        1        1
1482        2646        1        1
1482        2593        1        1
1482        2540        1        1
1455        2514        1        1
1455        2461        1        1
1482        2408        1        1
1482        2381        1        1
1482        2328        1        1
1508        2302        1        1
1535        2249        1        1
1535        2223        1        1
1561        2170        1        1
1588        2143        1        1
1614        2090        1        1
1640        2064        1        1
1667        2011        1        1
1693        1984        1        1
1720        1958        1        1
1746        1931        1        1
1773        1905        1        1
1799        1879        1        1
1826        1852        1        1
1852        1826        1        1
1879        1799        1        1
1905        1773        1        1
1931        1746        1        1
1958        1746        1        1
1984        1720        1        1
2011        1693        1        1
2037        1667        1        1
2090        1640        1        1
2117        1640        1        1
2143        1614        1        1
2196        1588        1        1
2223        1588        1        1
2249        1561        1        1
2275        1535        1        1
2302        1535        1        1
2328        1508        1        1
2355        1482        1        1
2381        1455        1        1
2408        1455        1        1
2434        1429        1        1
2461        1402        1        1
2487        1376        1        1
2514        1376        1        1
2540        1349        1        1
2540        1323        1        1
2566        1323        1        1
2593        1296        1        1
2619        1270        1        1
2619        1244        1        1
2646        1244        1        1
2646        1217        1        1
2672        1191        1        1
2672        1164        1        1
2699        1164        1        1
2699        1138        1        1
2699        1111        1        1
2725        1111        1        1
2725        1085        1        1
2752        1058        1        1
2778        1032        1        1
2778        1005        1        1
2805         979        1        1
2778         979        1        1
2778         953        1        1
PEN_UP                  0
END_CHARACTER: CARI
