CHARACTER_NAME: TXA
STROKE_COUNT: 3
  X           Y   STYLUS_STATE STROKE
PEN_DOWN
 529        1905        1        1
 529        1879        1        1
 556        1852        1        1
 582        1826        1        1
 582        1799        1        1
 609        1799        1        1
 635        1773        1        1
 661        1746        1        1
 688        1720        1        1
 714        1693        1        1
 767        1667        1        1
 794        1667        1        1
 820        1640        1        1
 847        1614        1        1
 873        1614        1        1
 900        1588        1        1
 926        1588        1        1
 953        1588        1        1
 979        1561        1        1
1032        1588        1        1
1058        1588        1        1
1085        1588        1        1
1111        1588        1        1
1164        1614        1        1
1191        1614        1        1
1217        1614        1        1
1270        1640        1        1
1296        1640        1        1
1323        1667        1        1
1349        1693        1        1
1376        1693        1        1
1402        1720        1        1
1429        1773        1        1
1429        1799        1        1
1455        1826        1        1
1482        1852        1        1
1508        1879        1        1
1508        1905        1        1
1508        1958        1        1
1535        1984        1        1
1535        2011        1        1
1535        2064        1        1
1535        2090        1        1
1535        2143        1        1
1535        2170        1        1
1535        2196        1        1
1535        2249        1        1
1508        2275        1        1
1508        2302        1        1
1482        2355        1        1
1482        2381        1        1
1455        2408        1        1
1455        2434        1        1
1429        2461        1        1
1402        2487        1        1
1402        2514        1        1
1376        2540        1        1
1349        2540        1        1
1323        2566        1        1
1296        2593        1        1
1244        2593        1        1
1217        2619        1        1
1191        2619        1        1
1164        2619        1        1
1138        2646        1        1
1111        2646        1        1
1085        2646        1        1
1058        2646        1        1
1032        2619        1        1
1005        2619        1        1
 979        2619        1        1
 979        2593        1        1
 953        2593        1        1
 926        2566        1        1
 900        2540        1        1
 900        2514        1        1
 900        2487        1        1
 900        2461        1        1
 900        2434        1        1
 900        2408        1        1
 926        2381        1        1
 926        2355        1        1
 926        2328        1        1
 953        2302        1        1
 979        2249        1        1
1005        2223        1        1
1032        2196        1        1
1058        2170        1        1
1085        2143        1        1
1111        2117        1        1
1138        2090        1        1
1164        2064        1        1
1191        2037        1        1
1217        2011        1        1
1270        2011        1        1
1296        1984        1        1
1323        1984        1        1
1349        1958        1        1
1376        1958        1        1
1402        1958        1        1
1429        1931        1        1
1455        1931        1        1
1508        1931        1        1
1535        1958        1        1
1561        1958        1        1
1588        1958        1        1
1640        1984        1        1
1667        1984        1        1
1693        2011        1        1
1720        2037        1        1
1773        2064        1        1
1799        2090        1        1
1826        2117        1        1
1852        2143        1        1
1852        2196        1        1
1879        2223        1        1
1905        2249        1        1
1905        2275        1        1
1905        2302        1        1
1931        2328        1        1
1931        2381        1        1
1931        2408        1        1
1958        2434        1        1
1958        2461        1        1
1958        2487        1        1
1958        2514        1        1
1931        2540        1        1
1931        2566        1        1
1931        2593        1        1
1905        2593        1        1
1905        2619        1        1
1879        2646        1        1
1852        2672        1        1
1826        2672        1        1
1799        2699        1        1
1773        2699        1        1
1746        2699        1        1
1720        2699        1        1
1720        2672        1        1
1693        2672        1        1
1667        2672        1        1
1667        2646        1        1
1640        2646        1        1
1640        2619        1        1
1614        2593        1        1
1588        2566        1        1
1588        2540        1        1
1561        2514        1        1
1561        2487        1        1
1535        2461        1        1
1535        2434        1        1
1535        2408        1        1
1535        2381        1        1
1508        2355        1        1
1508        2328        1        1
1508        2302        1        1
1535        2275        1        1
1535        2249        1        1
1535        2223        1        1
1535        2196        1        1
1535        2143        1        1
1561        2117        1        1
1561        2090        1        1
1561        2037        1        1
1561        2011        1        1
1588        1984        1        1
1588        1958        1        1
1588        1931        1        1
1614        1905        1        1
1614        1879        1        1
1640        1852        1        1
1640        1826        1        1
1667        1799        1        1
1693        1773        1        1
1720        1773        1        1
1746        1773        1        1
1773        1746        1        1
1799        1746        1        1
1852        1746        1        1
1879        1746        1        1
1905        1746        1        1
1931        1746        1        1
1958        1746        1        1
1958        1720        1        1
1984        1746        1        1
2011        1746        1        1
2037        1746        1        1
2064        1773        1        1
2090        1773        1        1
2143        1799        1        1
2170        1799        1        1
2196        1826        1        1
2223        1852        1        1
2249        1852        1        1
2275        1879        1        1
2302        1879        1        1
2302        1905        1        1
2302        1931        1        1
2328        1931        1        1
PEN_UP                  0
PEN_DOWN
2434        1667        1        2
2434        1720        1        2
2408        1746        1        2
2408        1799        1        2
2408        1879        1        2
2408        1931        1        2
2408        2011        1        2
2408        2117        1        2
2381        2196        1        2
2381        2302        1        2
2381        2381        1        2
2355        2461        1        2
2355        2514        1        2
2328        2593        1        2
2328        2646        1        2
2302        2699        1        2
2302        2752        1        2
2275        2805        1        2
2275        2831        1        2
2275        2884        1        2
2249        2937        1        2
2249        2963        1        2
2223        2990        1        2
2223        3016        1        2
2223        3043        1        2
2223        3069        1        2
2223        3096        1        2
2223        3122        1        2
2223        3149        1        2
2196        3149        1        2
PEN_UP                  0
PEN_DOWN
2408        1535        1        3
2434        1535        1        3
2461        1535        1        3
2514        1535        1        3
2566        1561        1        3
2619        1561        1        3
2699        1561        1        3
2778        1561        1        3
2858        1588        1        3
2937        1588        1        3
3016        1588        1        3
3069        1561        1        3
3122        1588        1        3
3175        1588        1        3
3201        1561        1        3
3228        1561        1        3
3201        1588        1        3
3175        1588        1        3
PEN_UP                  0
END_CHARACTER: TXA
