CHARACTER_NAME: HA
STROKE_COUNT: 2
  X           Y   STYLUS_STATE STROKE
PEN_DOWN
1270        1349        1        1
1296        1349        1        1
1323        1349        1        1
1376        1349        1        1
1429        1349        1        1
1482        1349        1        1
1535        1376        1        1
1614        1376        1        1
1693        1376        1        1
1773        1376        1        1
1852        1402        1        1
1931        1402        1        1
2011        1402        1        1
2090        1402        1        1
2170        1402        1        1
2223        1429        1        1
2275        1429        1        1
2355        1429        1        1
2408        1455        1        1
2461        1455        1        1
2540        1455        1        1
2619        1455        1        1
2672        1482        1        1
2752        1482        1        1
2831        1508        1        1
2910        1508        1        1
2990        1508        1        1
3043        1508        1        1
3122        1508        1        1
3175        1508        1        1
3228        1508        1        1
3254        1508        1        1
3281        1508        1        1
3307        1508        1        1
3334        1508        1        1
3360        1508        1        1
3334        1535        1        1
3307        1535        1        1
PEN_UP                  0
PEN_DOWN
1852        1693        1        2
1852        1667        1        2
1879        1640        1        2
1879        1614        1        2
1905        1614        1        2
1905        1588        1        2
1931        1588        1        2
1958        1561        1        2
1984        1561        1        2
2037        1535        1        2
2064        1535        1        2
2117        1535        1        2
2170        1535        1        2
2223        1561        1        2
2275        1561        1        2
2328        1561        1        2
2381        1588        1        2
2434        1588        1        2
2487        1614        1        2
2540        1614        1        2
2566        1640        1        2
2593        1640        1        2
2619        1667        1        2
2646        1693        1        2
2672        1720        1        2
2672        1746        1        2
2699        1773        1        2
2672        1799        1        2
2672        1826        1        2
2672        1852        1        2
2646        1905        1        2
2646        1958        1        2
2593        1984        1        2
2566        2037        1        2
2514        2090        1        2
2461        2117        1        2
2408        2170        1        2
2355        2196        1        2
2302        2223        1        2
2223        2275        1        2
2170        2302        1        2
2090        2328        1        2
2011        2355        1        2
1958        2381        1        2
1879        2381        1        2
1826        2408        1        2
1746        2434        1        2
1693        2434        1        2
1640        2461        1        2
1588        2461        1        2
1508        2487        1        2
1455        2514        1        2
1402        2514        1        2
1376        2540        1        2
1323        2540        1        2
1270        2566        1        2
1244        2593        1        2
1217        2593        1        2
1164        2619        1        2
1138        2619        1        2
1111        2646        1        2
1085        2646        1        2
1085        2672        1        2
1058        2672        1        2
1085        2646        1        2
1111        2646        1        2
1138        2646        1        2
1164        2646        1        2
1217        2646        1        2
1244        2646        1        2
1296        2646        1        2
1323        2646        1        2
1376        2646        1        2
1429        2646        1        2
1482        2646        1        2
1508        2646        1        2
1561        2672        1        2
1588        2672        1        2
1614        2672        1        2
1640        2699        1        2
1667        2725        1        2
1693        2725        1        2
1720        2752        1        2
1746        2778        1        2
1773        2805        1        2
1799        2831        1        2
1826        2858        1        2
1852        2910        1        2
1905        2937        1        2
1931        2990        1        2
1984        3016        1        2
2037        3069        1        2
2064        3096        1        2
2117        3122        1        2
2170        3149        1        2
2249        3175        1        2
2302        3175        1        2
2355        3201        1        2
2408        3201        1        2
2487        3175        1        2
2540        3175        1        2
2593        3149        1        2
2646        3122        1        2
2699        3096        1        2
2725        3069        1        2
2752        3069        1        2
2778        3043        1        2
PEN_UP                  0
END_CHARACTER: HA
