CHARACTER_NAME: DHRA
STROKE_COUNT: 3
  X           Y   STYLUS_STATE STROKE
PEN_DOWN
1058        1640        1        1
1111        1614        1        1
1138        1614        1        1
1164        1614        1        1
1217        1614        1        1
1244        1614        1        1
1296        1614        1        1
1349        1614        1        1
1402        1614        1        1
1482        1614        1        1
1535        1614        1        1
1614        1614        1        1
1693        1614        1        1
1773        1588        1        1
1852        1588        1        1
1931        1588        1        1
2011        1588        1        1
2090        1588        1        1
2170        1588        1        1
2249        1588        1        1
2302        1588        1        1
2381        1588        1        1
2461        1588        1        1
2540        1588        1        1
2593        1588        1        1
2672        1588        1        1
2752        1588        1        1
2858        1588        1        1
2937        1588        1        1
3016        1561        1        1
3069        1561        1        1
3149        1561        1        1
3228        1561        1        1
3281        1561        1        1
3334        1561        1        1
3360        1561        1        1
3387        1561        1        1
3413        1561        1        1
3440        1561        1        1
3413        1561        1        1
3413        1588        1        1
PEN_UP                  0
PEN_DOWN
1693        1640        1        2
1720        1640        1        2
1720        1667        1        2
1693        1667        1        2
1693        1693        1        2
1693        1720        1        2
1693        1746        1        2
1693        1773        1        2
1667        1799        1        2
1667        1826        1        2
1667        1852        1        2
1667        1879        1        2
1667        1931        1        2
1640        1958        1        2
1640        2011        1        2
1640        2064        1        2
1640        2090        1        2
1640        2143        1        2
1614        2196        1        2
1614        2249        1        2
1614        2275        1        2
1588        2328        1        2
1588        2381        1        2
1588        2408        1        2
1588        2461        1        2
1561        2514        1        2
1561        2540        1        2
1561        2593        1        2
1535        2646        1        2
1535        2672        1        2
1535        2725        1        2
1508        2752        1        2
1508        2805        1        2
1508        2831        1        2
1482        2858        1        2
1482        2910        1        2
1482        2937        1        2
1482        2963        1        2
1482        2990        1        2
1482        3043        1        2
1482        3069        1        2
1508        3096        1        2
1508        3122        1        2
1508        3149        1        2
1535        3175        1        2
1561        3201        1        2
1588        3228        1        2
1614        3228        1        2
1640        3254        1        2
1667        3254        1        2
1720        3254        1        2
1746        3281        1        2
1799        3281        1        2
1852        3281        1        2
1905        3254        1        2
1958        3254        1        2
2011        3254        1        2
2064        3228        1        2
2117        3201        1        2
2170        3175        1        2
2223        3149        1        2
2249        3122        1        2
2302        3069        1        2
2328        3016        1        2
2381        2990        1        2
2408        2937        1        2
2434        2884        1        2
2461        2831        1        2
2487        2778        1        2
2514        2752        1        2
2540        2699        1        2
2540        2646        1        2
2566        2619        1        2
2540        2566        1        2
2540        2540        1        2
2540        2487        1        2
2514        2461        1        2
2514        2434        1        2
2487        2408        1        2
2487        2381        1        2
2461        2381        1        2
2434        2381        1        2
2408        2381        1        2
2381        2381        1        2
2355        2408        1        2
2328        2408        1        2
2302        2434        1        2
2275        2434        1        2
2249        2461        1        2
2223        2487        1        2
2196        2514        1        2
2170        2540        1        2
2170        2566        1        2
2143        2566        1        2
2170        2566        1        2
2170        2593        1        2
2196        2593        1        2
2223        2619        1        2
2275        2619        1        2
2302        2646        1        2
2355        2646        1        2
2381        2646        1        2
2434        2646        1        2
2461        2646        1        2
2487        2646        1        2
2514        2646        1        2
PEN_UP                  0
PEN_DOWN
1667        3625        1        3
1640        3625        1        3
1640        3598        1        3
1614        3598        1        3
1614        3572        1        3
1640        3572        1        3
1640        3598        1        3
1640        3625        1        3
1614        3625        1        3
1588        3625        1        3
1588        3598        1        3
1561        3598        1        3
1561        3572        1        3
1588        3572        1        3
1588        3545        1        3
1614        3572        1        3
PEN_UP                  0
END_CHARACTER: DHRA
