CHARACTER_NAME: TM
STROKE_COUNT: 3
  X           Y   STYLUS_STATE STROKE
PEN_DOWN
1270        1164        1        1
1296        1164        1        1
1323        1164        1        1
1349        1164        1        1
1402        1164        1        1
1455        1164        1        1
1535        1164        1        1
1640        1164        1        1
1746        1191        1        1
1879        1191        1        1
2011        1191        1        1
2143        1191        1        1
2275        1191        1        1
2434        1191        1        1
2566        1191        1        1
2672        1191        1        1
2805        1191        1        1
2910        1191        1        1
2990        1191        1        1
3043        1164        1        1
3096        1164        1        1
3122        1164        1        1
3149        1164        1        1
3175        1164        1        1
3149        1164        1        1
3149        1191        1        1
PEN_UP                  0
PEN_DOWN
2275        1561        1        2
2223        1561        1        2
2196        1561        1        2
2170        1588        1        2
2143        1588        1        2
2117        1561        1        2
2117        1535        1        2
2117        1508        1        2
2143        1482        1        2
2143        1455        1        2
2170        1429        1        2
2196        1429        1        2
2223        1402        1        2
2249        1402        1        2
2275        1376        1        2
2302        1376        1        2
2328        1376        1        2
2355        1376        1        2
2381        1376        1        2
2408        1376        1        2
2434        1402        1        2
2461        1402        1        2
2487        1429        1        2
2540        1429        1        2
2566        1455        1        2
2566        1482        1        2
2593        1508        1        2
2619        1535        1        2
2619        1561        1        2
2646        1614        1        2
2646        1640        1        2
2646        1667        1        2
2619        1693        1        2
2619        1746        1        2
2593        1773        1        2
2566        1799        1        2
2540        1852        1        2
2514        1879        1        2
2487        1905        1        2
2434        1931        1        2
2381        1958        1        2
2328        1984        1        2
2275        1984        1        2
2196        2011        1        2
2117        1984        1        2
2064        1984        1        2
1984        1984        1        2
1905        1958        1        2
1826        1931        1        2
1773        1879        1        2
1693        1852        1        2
1640        1799        1        2
1588        1746        1        2
1535        1693        1        2
1482        1640        1        2
1455        1588        1        2
1429        1535        1        2
1402        1482        1        2
1402        1429        1        2
1402        1402        1        2
1376        1376        1        2
1376        1349        1        2
1402        1349        1        2
PEN_UP                  0
PEN_DOWN
2117        2223        1        3
2090        2249        1        3
2064        2275        1        3
2037        2275        1        3
2011        2302        1        3
1984        2302        1        3
1958        2302        1        3
1931        2328        1        3
1905        2328        1        3
1905        2302        1        3
1879        2302        1        3
1852        2302        1        3
1826        2275        1        3
1826        2249        1        3
1799        2249        1        3
1799        2223        1        3
1826        2223        1        3
1826        2196        1        3
1826        2170        1        3
1852        2170        1        3
1852        2143        1        3
1879        2143        1        3
1905        2117        1        3
1931        2117        1        3
1958        2117        1        3
1984        2090        1        3
2037        2090        1        3
2064        2090        1        3
2090        2090        1        3
2143        2090        1        3
2170        2090        1        3
2196        2090        1        3
2223        2117        1        3
2249        2117        1        3
2275        2143        1        3
2302        2143        1        3
2328        2170        1        3
2355        2196        1        3
2381        2196        1        3
2434        2223        1        3
2461        2249        1        3
2487        2302        1        3
2514        2328        1        3
2540        2355        1        3
2566        2381        1        3
2593        2408        1        3
2619        2434        1        3
2646        2487        1        3
2672        2514        1        3
2699        2540        1        3
2725        2540        1        3
2725        2566        1        3
2752        2593        1        3
2752        2619        1        3
2752        2593        1        3
2752        2566        1        3
2752        2540        1        3
2752        2514        1        3
2752        2487        1        3
2752        2461        1        3
2778        2408        1        3
2778        2355        1        3
2778        2302        1        3
2778        2249        1        3
2805        2196        1        3
2805        2117        1        3
2831        2064        1        3
2831        1984        1        3
2858        1931        1        3
2858        1879        1        3
2884        1826        1        3
2910        1799        1        3
2910        1746        1        3
2937        1693        1        3
2937        1667        1        3
2937        1614        1        3
2963        1588        1        3
2963        1561        1        3
2963        1535        1        3
2963        1508        1        3
2990        1508        1        3
2990        1482        1        3
2990        1455        1        3
PEN_UP                  0
END_CHARACTER: TM
