CHARACTER_NAME: NM
STROKE_COUNT: 3
  X           Y   STYLUS_STATE STROKE
PEN_DOWN
1164        1535        1        1
1191        1508        1        1
1217        1508        1        1
1244        1508        1        1
1270        1508        1        1
1323        1508        1        1
1376        1508        1        1
1455        1508        1        1
1535        1535        1        1
1614        1535        1        1
1720        1535        1        1
1826        1561        1        1
1958        1561        1        1
2064        1561        1        1
2170        1561        1        1
2302        1588        1        1
2408        1588        1        1
2514        1588        1        1
2619        1614        1        1
2725        1614        1        1
2831        1614        1        1
2910        1614        1        1
2990        1614        1        1
3043        1614        1        1
3069        1614        1        1
3122        1614        1        1
3149        1614        1        1
PEN_UP                  0
PEN_DOWN
1482        2143        1        2
1455        2143        1        2
1429        2143        1        2
1402        2143        1        2
1376        2143        1        2
1349        2143        1        2
1323        2143        1        2
1296        2117        1        2
1296        2090        1        2
1296        2064        1        2
1296        2037        1        2
1323        2011        1        2
1323        1984        1        2
1349        1958        1        2
1376        1958        1        2
1402        1931        1        2
1429        1905        1        2
1455        1905        1        2
1482        1879        1        2
1508        1879        1        2
1561        1879        1        2
1588        1879        1        2
1614        1852        1        2
1640        1879        1        2
1667        1879        1        2
1693        1879        1        2
1720        1879        1        2
1746        1905        1        2
1773        1931        1        2
1799        1958        1        2
1852        1984        1        2
1879        2011        1        2
1905        2037        1        2
1905        2064        1        2
1931        2090        1        2
1958        2143        1        2
1958        2170        1        2
1984        2196        1        2
1984        2223        1        2
1984        2249        1        2
2011        2275        1        2
2011        2302        1        2
2011        2275        1        2
2037        2249        1        2
2037        2223        1        2
2037        2196        1        2
2064        2170        1        2
2064        2117        1        2
2064        2064        1        2
2090        2011        1        2
2090        1958        1        2
2117        1879        1        2
2143        1826        1        2
2143        1799        1        2
2143        1746        1        2
2170        1693        1        2
2170        1667        1        2
2170        1640        1        2
2196        1614        1        2
2196        1588        1        2
2196        1561        1        2
2196        1588        1        2
2170        1588        1        2
PEN_UP                  0
PEN_DOWN
1958        2170        1        3
1984        2170        1        3
1984        2196        1        3
1984        2223        1        3
1984        2249        1        3
1984        2275        1        3
1984        2302        1        3
1984        2328        1        3
1984        2355        1        3
1984        2381        1        3
1984        2408        1        3
1984        2434        1        3
1984        2461        1        3
1958        2487        1        3
1958        2514        1        3
1958        2566        1        3
1931        2593        1        3
1905        2619        1        3
1905        2646        1        3
1879        2672        1        3
1852        2699        1        3
1826        2725        1        3
1799        2752        1        3
1773        2778        1        3
1746        2778        1        3
1720        2805        1        3
1693        2805        1        3
1693        2831        1        3
1667        2831        1        3
1640        2805        1        3
1640        2778        1        3
1614        2752        1        3
1614        2725        1        3
1640        2725        1        3
1640        2699        1        3
1640        2646        1        3
1667        2619        1        3
1667        2593        1        3
1693        2566        1        3
1720        2540        1        3
1746        2514        1        3
1773        2487        1        3
1799        2487        1        3
1852        2461        1        3
1879        2461        1        3
1931        2461        1        3
1958        2434        1        3
1984        2461        1        3
2037        2461        1        3
2064        2461        1        3
2090        2487        1        3
2117        2514        1        3
2170        2540        1        3
2196        2566        1        3
2223        2593        1        3
2249        2619        1        3
2249        2672        1        3
2275        2699        1        3
2302        2752        1        3
2328        2778        1        3
2355        2831        1        3
2381        2858        1        3
2381        2884        1        3
2408        2910        1        3
2434        2937        1        3
2434        2963        1        3
2434        2990        1        3
2461        2990        1        3
2461        3016        1        3
2461        2990        1        3
2461        2963        1        3
2461        2937        1        3
2461        2910        1        3
2487        2858        1        3
2487        2805        1        3
2487        2725        1        3
2514        2646        1        3
2514        2566        1        3
2540        2487        1        3
2566        2408        1        3
2593        2302        1        3
2619        2223        1        3
2646        2143        1        3
2672        2064        1        3
2725        2011        1        3
2725        1958        1        3
2752        1905        1        3
2778        1879        1        3
2778        1826        1        3
2778        1799        1        3
2778        1826        1        3
2752        1852        1        3
PEN_UP                  0
END_CHARACTER: NM
