CHARACTER_NAME: QJ
STROKE_COUNT: 4
  X           Y   STYLUS_STATE STROKE
PEN_DOWN
1958        1508        1        1
1931        1508        1        1
1905        1508        1        1
1879        1508        1        1
1852        1482        1        1
1852        1455        1        1
1852        1429        1        1
1852        1402        1        1
1852        1376        1        1
1879        1349        1        1
1879        1323        1        1
1905        1296        1        1
1931        1270        1        1
1984        1244        1        1
2011        1217        1        1
2064        1191        1        1
2117        1191        1        1
2143        1164        1        1
2196        1164        1        1
2223        1164        1        1
2249        1164        1        1
2302        1164        1        1
2328        1191        1        1
2355        1217        1        1
2381        1217        1        1
2408        1270        1        1
2434        1296        1        1
2434        1323        1        1
2461        1376        1        1
2461        1402        1        1
2487        1455        1        1
2487        1482        1        1
2487        1535        1        1
2487        1588        1        1
2487        1614        1        1
2487        1667        1        1
2487        1693        1        1
2461        1746        1        1
2461        1799        1        1
2461        1826        1        1
2461        1879        1        1
2461        1905        1        1
2434        1958        1        1
2434        1984        1        1
2434        2011        1        1
2434        2037        1        1
2434        2064        1        1
2434        2090        1        1
2434        2117        1        1
2434        2143        1        1
2408        2143        1        1
2408        2117        1        1
2408        2090        1        1
2381        2037        1        1
2355        2011        1        1
2355        1984        1        1
2328        1931        1        1
2302        1905        1        1
2275        1879        1        1
2249        1852        1        1
2223        1826        1        1
2196        1799        1        1
2170        1773        1        1
2143        1773        1        1
2117        1773        1        1
2064        1773        1        1
2037        1799        1        1
2011        1799        1        1
1958        1826        1        1
1905        1879        1        1
1852        1905        1        1
1799        1958        1        1
1746        1984        1        1
1720        2037        1        1
1667        2064        1        1
1614        2090        1        1
1588        2117        1        1
1535        2143        1        1
1482        2143        1        1
1455        2143        1        1
1402        2143        1        1
1376        2117        1        1
1323        2064        1        1
1296        2037        1        1
1270        1984        1        1
1244        1931        1        1
1217        1879        1        1
1217        1826        1        1
1217        1773        1        1
1191        1720        1        1
1217        1667        1        1
1217        1640        1        1
1217        1614        1        1
PEN_UP                  0
PEN_DOWN
2487        1614        1        2
2487        1588        1        2
2487        1561        1        2
2514        1535        1        2
2540        1508        1        2
2540        1482        1        2
2566        1482        1        2
2593        1455        1        2
2619        1429        1        2
2646        1402        1        2
2672        1402        1        2
2699        1376        1        2
2725        1376        1        2
2752        1349        1        2
2805        1349        1        2
2831        1349        1        2
2858        1349        1        2
2884        1349        1        2
2910        1349        1        2
2910        1376        1        2
2937        1376        1        2
2937        1402        1        2
2937        1429        1        2
2937        1455        1        2
2910        1482        1        2
2910        1508        1        2
2884        1508        1        2
2831        1535        1        2
2805        1561        1        2
2778        1588        1        2
2752        1588        1        2
2778        1588        1        2
2805        1561        1        2
2831        1561        1        2
2884        1561        1        2
2910        1561        1        2
2937        1561        1        2
2963        1588        1        2
2990        1588        1        2
3016        1614        1        2
3016        1640        1        2
3016        1667        1        2
2990        1693        1        2
2963        1720        1        2
2910        1746        1        2
2884        1773        1        2
2831        1773        1        2
2778        1773        1        2
2725        1773        1        2
2672        1773        1        2
2619        1773        1        2
2593        1746        1        2
2566        1746        1        2
2540        1720        1        2
2514        1693        1        2
2487        1693        1        2
2487        1667        1        2
PEN_UP                  0
PEN_DOWN
2461        2143        1        3
2461        2117        1        3
2461        2090        1        3
2461        2064        1        3
2461        2090        1        3
2434        2090        1        3
2408        2090        1        3
2381        2117        1        3
2328        2143        1        3
2302        2143        1        3
2249        2170        1        3
2196        2196        1        3
2143        2223        1        3
2090        2249        1        3
2011        2275        1        3
1958        2302        1        3
1905        2328        1        3
1879        2328        1        3
1826        2355        1        3
1799        2355        1        3
1773        2355        1        3
1773        2381        1        3
1746        2381        1        3
1773        2408        1        3
1799        2408        1        3
1852        2408        1        3
1879        2434        1        3
1931        2434        1        3
1958        2461        1        3
2011        2461        1        3
2037        2487        1        3
2090        2514        1        3
2117        2540        1        3
2143        2566        1        3
2170        2593        1        3
2196        2619        1        3
2223        2672        1        3
2249        2699        1        3
2249        2725        1        3
2275        2752        1        3
2275        2778        1        3
2275        2805        1        3
2275        2831        1        3
2302        2858        1        3
2302        2884        1        3
2302        2858        1        3
2302        2831        1        3
2302        2805        1        3
2302        2778        1        3
2328        2725        1        3
2328        2672        1        3
2328        2619        1        3
2328        2566        1        3
2328        2514        1        3
2328        2461        1        3
2355        2381        1        3
2355        2328        1        3
2355        2302        1        3
2381        2249        1        3
2381        2196        1        3
2381        2170        1        3
2381        2143        1        3
2381        2117        1        3
2381        2090        1        3
2381        2064        1        3
2408        2064        1        3
2381        2064        1        3
PEN_UP                  0
PEN_DOWN
2381        2540        1        4
2408        2540        1        4
2434        2540        1        4
2461        2566        1        4
2461        2593        1        4
2487        2593        1        4
2514        2619        1        4
2514        2646        1        4
2540        2699        1        4
2566        2725        1        4
2566        2752        1        4
2593        2805        1        4
2619        2831        1        4
2646        2884        1        4
2646        2910        1        4
2672        2963        1        4
2672        2990        1        4
2699        3016        1        4
2699        3043        1        4
2699        3069        1        4
2725        3096        1        4
2725        3122        1        4
2725        3096        1        4
2725        3043        1        4
2752        3016        1        4
2752        2963        1        4
2752        2910        1        4
2752        2831        1        4
2752        2752        1        4
2778        2672        1        4
2778        2619        1        4
2778        2540        1        4
2805        2461        1        4
2805        2408        1        4
2805        2355        1        4
2805        2302        1        4
2805        2249        1        4
2831        2223        1        4
2831        2196        1        4
2831        2170        1        4
2831        2143        1        4
2831        2117        1        4
2831        2090        1        4
2858        2117        1        4
PEN_UP                  0
END_CHARACTER: QJ
