CHARACTER_NAME: MN
STROKE_COUNT: 3
  X           Y   STYLUS_STATE STROKE
PEN_DOWN
2461        1958        1        1
2461        1931        1        1
2461        1905        1        1
2461        1879        1        1
2434        1852        1        1
2434        1826        1        1
2434        1799        1        1
2408        1773        1        1
2381        1746        1        1
2355        1773        1        1
2355        1799        1        1
2328        1826        1        1
2328        1879        1        1
2328        1931        1        1
2328        1984        1        1
2302        2064        1        1
2302        2143        1        1
2302        2223        1        1
2275        2302        1        1
2275        2355        1        1
2275        2434        1        1
2249        2461        1        1
2249        2514        1        1
2249        2540        1        1
2223        2540        1        1
2196        2540        1        1
2170        2540        1        1
2143        2514        1        1
2143        2487        1        1
2117        2461        1        1
2117        2408        1        1
2143        2381        1        1
2170        2328        1        1
2223        2302        1        1
2275        2275        1        1
2328        2249        1        1
2381        2223        1        1
2434        2223        1        1
2461        2223        1        1
2514        2223        1        1
2566        2249        1        1
2593        2275        1        1
2619        2275        1        1
2672        2302        1        1
2699        2328        1        1
2725        2355        1        1
2725        2381        1        1
2752        2408        1        1
2778        2434        1        1
2805        2434        1        1
2831        2461        1        1
2858        2461        1        1
2884        2487        1        1
2910        2461        1        1
2937        2434        1        1
2937        2408        1        1
2937        2355        1        1
2937        2328        1        1
2910        2249        1        1
2910        2196        1        1
2910        2117        1        1
2884        2037        1        1
2884        1931        1        1
2884        1852        1        1
2884        1799        1        1
2884        1746        1        1
2884        1693        1        1
2884        1667        1        1
2884        1693        1        1
2884        1720        1        1
2910        1773        1        1
PEN_UP                  0
PEN_DOWN
2566        2937        1        2
2593        2937        1        2
2593        2963        1        2
2593        2937        1        2
2593        2963        1        2
2593        2990        1        2
2566        2990        1        2
2566        2963        1        2
2540        2963        1        2
2540        2937        1        2
2540        2910        1        2
2514        2858        1        2
2514        2831        1        2
2514        2805        1        2
2514        2778        1        2
2540        2752        1        2
2540        2725        1        2
2566        2699        1        2
2593        2672        1        2
2619        2672        1        2
2672        2672        1        2
2699        2672        1        2
2725        2699        1        2
2778        2725        1        2
2805        2752        1        2
2831        2778        1        2
2858        2805        1        2
2858        2831        1        2
2884        2858        1        2
2910        2884        1        2
2910        2858        1        2
2937        2831        1        2
2937        2778        1        2
2937        2725        1        2
2963        2672        1        2
2963        2619        1        2
2990        2566        1        2
2990        2514        1        2
2990        2434        1        2
3016        2381        1        2
3016        2328        1        2
3016        2302        1        2
3016        2249        1        2
PEN_UP                  0
PEN_DOWN
2117        1720        1        3
2170        1720        1        3
2223        1720        1        3
2328        1693        1        3
2434        1720        1        3
2566        1720        1        3
2699        1720        1        3
2858        1720        1        3
2990        1720        1        3
3096        1720        1        3
3201        1720        1        3
3281        1720        1        3
3334        1720        1        3
3360        1720        1        3
3387        1720        1        3
3387        1746        1        3
3360        1773        1        3
3360        1799        1        3
PEN_UP                  0
END_CHARACTER: MN
