CHARACTER_NAME: NTR
STROKE_COUNT: 3
  X           Y   STYLUS_STATE STROKE
PEN_DOWN
2196        2143        1        1
2223        2143        1        1
2249        2170        1        1
2249        2196        1        1
2249        2223        1        1
2249        2249        1        1
2223        2249        1        1
2223        2275        1        1
2196        2275        1        1
2196        2249        1        1
2170        2249        1        1
2143        2223        1        1
2117        2196        1        1
2117        2170        1        1
2117        2143        1        1
2117        2090        1        1
2117        2064        1        1
2143        2011        1        1
2143        1984        1        1
2170        1958        1        1
2223        1931        1        1
2249        1905        1        1
2275        1905        1        1
2328        1905        1        1
2355        1905        1        1
2381        1931        1        1
2408        1958        1        1
2434        1984        1        1
2434        2011        1        1
2461        2037        1        1
2487        2064        1        1
2487        2090        1        1
2514        2117        1        1
PEN_UP                  0
PEN_DOWN
2593        1746        1        2
2593        1720        1        2
2566        1693        1        2
2566        1667        1        2
2593        1693        1        2
2593        1720        1        2
2593        1746        1        2
2619        1773        1        2
2619        1826        1        2
2619        1879        1        2
2619        1931        1        2
2619        1984        1        2
2619        2037        1        2
2619        2090        1        2
2619        2143        1        2
2593        2223        1        2
2593        2249        1        2
2593        2302        1        2
2593        2355        1        2
2566        2381        1        2
2566        2408        1        2
2566        2434        1        2
2566        2461        1        2
2566        2487        1        2
2566        2514        1        2
2566        2540        1        2
2540        2540        1        2
2566        2540        1        2
2566        2566        1        2
2566        2540        1        2
2566        2514        1        2
2566        2487        1        2
2566        2514        1        2
2566        2540        1        2
2566        2514        1        2
2566        2540        1        2
2540        2566        1        2
2514        2566        1        2
2514        2540        1        2
2514        2514        1        2
2514        2487        1        2
2514        2461        1        2
2540        2434        1        2
2540        2408        1        2
2566        2381        1        2
2593        2381        1        2
2619        2355        1        2
2646        2355        1        2
2672        2355        1        2
2699        2381        1        2
2725        2381        1        2
2752        2408        1        2
2778        2434        1        2
2778        2487        1        2
2778        2540        1        2
2778        2593        1        2
2778        2646        1        2
2752        2725        1        2
2752        2778        1        2
2752        2831        1        2
2752        2884        1        2
2752        2910        1        2
2752        2937        1        2
2752        2963        1        2
2752        2937        1        2
2752        2910        1        2
2752        2884        1        2
2752        2858        1        2
2725        2831        1        2
2725        2805        1        2
2699        2805        1        2
2672        2831        1        2
2646        2858        1        2
2593        2884        1        2
2540        2937        1        2
2487        2963        1        2
2408        3016        1        2
2328        3069        1        2
2275        3122        1        2
2196        3149        1        2
2117        3175        1        2
2037        3175        1        2
1984        3175        1        2
1905        3149        1        2
1826        3096        1        2
1773        3016        1        2
1693        2937        1        2
1640        2858        1        2
1614        2752        1        2
1588        2646        1        2
1561        2540        1        2
1561        2461        1        2
1561        2355        1        2
1588        2302        1        2
1614        2249        1        2
1640        2196        1        2
PEN_UP                  0
PEN_DOWN
1984        1667        1        3
1984        1640        1        3
2037        1667        1        3
2090        1667        1        3
2170        1667        1        3
2275        1667        1        3
2408        1667        1        3
2514        1667        1        3
2672        1667        1        3
2805        1667        1        3
2937        1667        1        3
3043        1693        1        3
3149        1693        1        3
3201        1693        1        3
3254        1693        1        3
3307        1693        1        3
3334        1693        1        3
3360        1693        1        3
3360        1720        1        3
PEN_UP                  0
END_CHARACTER: NTR
