CHARACTER_NAME: SSN
STROKE_COUNT: 3
  X           Y   STYLUS_STATE STROKE
PEN_DOWN
1746        1561        1        1
1799        1561        1        1
1879        1535        1        1
1984        1535        1        1
2090        1535        1        1
2223        1535        1        1
2381        1535        1        1
2514        1535        1        1
2646        1508        1        1
2778        1508        1        1
2884        1508        1        1
2963        1508        1        1
3043        1508        1        1
3069        1508        1        1
3096        1508        1        1
3122        1508        1        1
3096        1508        1        1
3069        1508        1        1
3043        1508        1        1
3043        1535        1        1
PEN_UP                  0
PEN_DOWN
2858        1535        1        2
2884        1535        1        2
2884        1561        1        2
2910        1561        1        2
2937        1588        1        2
2937        1640        1        2
2963        1667        1        2
2990        1720        1        2
2990        1773        1        2
2990        1826        1        2
2990        1879        1        2
2963        1931        1        2
2937        1984        1        2
2910        2011        1        2
2884        2037        1        2
2858        2064        1        2
2805        2064        1        2
2752        2037        1        2
2699        2037        1        2
2619        2011        1        2
2566        1984        1        2
2487        1931        1        2
2434        1879        1        2
2381        1852        1        2
2328        1799        1        2
2302        1746        1        2
2275        1693        1        2
2249        1667        1        2
2249        1640        1        2
2249        1614        1        2
2275        1588        1        2
2302        1588        1        2
2328        1588        1        2
2355        1588        1        2
2381        1588        1        2
2381        1614        1        2
2355        1614        1        2
2328        1640        1        2
2302        1640        1        2
2275        1667        1        2
2249        1720        1        2
2223        1773        1        2
2170        1826        1        2
2117        1879        1        2
2037        1958        1        2
1984        2011        1        2
1905        2064        1        2
1852        2090        1        2
1799        2117        1        2
1773        2143        1        2
1720        2170        1        2
1693        2196        1        2
1667        2196        1        2
1693        2196        1        2
1720        2196        1        2
1773        2170        1        2
PEN_UP                  0
PEN_DOWN
2381        2408        1        3
2408        2408        1        3
2381        2434        1        3
2355        2434        1        3
2355        2461        1        3
2328        2461        1        3
2355        2461        1        3
2355        2434        1        3
2381        2434        1        3
2381        2461        1        3
2355        2461        1        3
2355        2487        1        3
2328        2514        1        3
2302        2514        1        3
2275        2514        1        3
2249        2514        1        3
2249        2487        1        3
2223        2487        1        3
2196        2487        1        3
2196        2461        1        3
2196        2434        1        3
2196        2408        1        3
2223        2381        1        3
2249        2355        1        3
2275        2328        1        3
2328        2328        1        3
2381        2328        1        3
2434        2328        1        3
2487        2328        1        3
2566        2355        1        3
2619        2381        1        3
2672        2381        1        3
2725        2408        1        3
2778        2434        1        3
2805        2461        1        3
2858        2487        1        3
2884        2514        1        3
2910        2540        1        3
2937        2540        1        3
2963        2540        1        3
2963        2566        1        3
2963        2540        1        3
2990        2540        1        3
2990        2514        1        3
2990        2487        1        3
3016        2487        1        3
3016        2461        1        3
3016        2434        1        3
3016        2381        1        3
3016        2355        1        3
3016        2302        1        3
3016        2249        1        3
2990        2170        1        3
2990        2117        1        3
2990        2064        1        3
2990        2011        1        3
2990        1984        1        3
2990        1958        1        3
3016        1931        1        3
PEN_UP                  0
END_CHARACTER: SSN
