CHARACTER_NAME: SKH
STROKE_COUNT: 3
  X           Y   STYLUS_STATE STROKE
PEN_DOWN
1535        1799        1        1
1535        1773        1        1
1561        1746        1        1
1588        1746        1        1
1640        1746        1        1
1693        1720        1        1
1773        1720        1        1
1826        1720        1        1
1905        1720        1        1
1984        1720        1        1
2064        1720        1        1
2143        1720        1        1
2196        1720        1        1
2249        1720        1        1
2302        1720        1        1
2328        1720        1        1
2355        1720        1        1
2381        1720        1        1
2408        1720        1        1
2434        1746        1        1
2461        1746        1        1
2487        1773        1        1
2514        1773        1        1
2514        1799        1        1
2514        1826        1        1
2514        1852        1        1
2514        1879        1        1
2514        1905        1        1
2487        1931        1        1
2461        1958        1        1
2434        1984        1        1
2408        2011        1        1
2381        2011        1        1
2328        2037        1        1
2275        2037        1        1
2223        2064        1        1
2170        2037        1        1
2117        2037        1        1
2064        2011        1        1
2011        1984        1        1
1958        1958        1        1
1931        1931        1        1
1931        1905        1        1
1905        1879        1        1
1931        1852        1        1
1931        1826        1        1
1958        1799        1        1
1984        1799        1        1
1984        1773        1        1
2011        1773        1        1
1984        1799        1        1
1958        1826        1        1
1958        1852        1        1
1931        1905        1        1
1905        1931        1        1
1852        1984        1        1
1799        2037        1        1
1746        2090        1        1
1693        2143        1        1
1640        2170        1        1
1588        2196        1        1
1535        2223        1        1
1508        2223        1        1
1455        2223        1        1
1429        2223        1        1
1402        2223        1        1
1376        2196        1        1
1376        2170        1        1
1402        2170        1        1
1429        2170        1        1
1455        2170        1        1
PEN_UP                  0
PEN_DOWN
2249        2619        1        2
2275        2646        1        2
2275        2619        1        2
2275        2593        1        2
2275        2566        1        2
2275        2540        1        2
2275        2514        1        2
2275        2461        1        2
2302        2434        1        2
2302        2381        1        2
2302        2328        1        2
2302        2275        1        2
2328        2223        1        2
2328        2196        1        2
2328        2170        1        2
2328        2143        1        2
2328        2117        1        2
2328        2090        1        2
2355        2117        1        2
2355        2143        1        2
2355        2170        1        2
2355        2196        1        2
2328        2196        1        2
2355        2196        1        2
2355        2223        1        2
2381        2223        1        2
2408        2223        1        2
2434        2223        1        2
2461        2223        1        2
2487        2223        1        2
2514        2223        1        2
2540        2223        1        2
2566        2223        1        2
2593        2223        1        2
2619        2223        1        2
2646        2223        1        2
2672        2249        1        2
2699        2275        1        2
2699        2302        1        2
2725        2328        1        2
2725        2355        1        2
2725        2408        1        2
2725        2434        1        2
2699        2461        1        2
2672        2514        1        2
2672        2540        1        2
2646        2566        1        2
2619        2566        1        2
2593        2566        1        2
2593        2540        1        2
2593        2514        1        2
2619        2514        1        2
2619        2487        1        2
2646        2461        1        2
2699        2461        1        2
2725        2434        1        2
2778        2434        1        2
2805        2434        1        2
2831        2434        1        2
2858        2461        1        2
2884        2461        1        2
2910        2487        1        2
2937        2487        1        2
2963        2514        1        2
2990        2540        1        2
3016        2540        1        2
3043        2540        1        2
3043        2514        1        2
3069        2514        1        2
3069        2487        1        2
3069        2461        1        2
3043        2434        1        2
3043        2381        1        2
3043        2328        1        2
3043        2275        1        2
3043        2196        1        2
3043        2143        1        2
3069        2064        1        2
3069        2011        1        2
3069        1958        1        2
3069        1905        1        2
3096        1879        1        2
3096        1826        1        2
3096        1799        1        2
3096        1773        1        2
3096        1746        1        2
3069        1773        1        2
PEN_UP                  0
PEN_DOWN
2831        1746        1        3
2858        1720        1        3
2884        1720        1        3
2937        1720        1        3
3016        1693        1        3
3096        1720        1        3
3175        1720        1        3
3254        1720        1        3
3307        1720        1        3
3387        1720        1        3
3440        1720        1        3
3493        1746        1        3
3519        1746        1        3
3545        1746        1        3
3519        1746        1        3
3493        1773        1        3
PEN_UP                  0
END_CHARACTER: SKH
