CHARACTER_NAME: NGC
STROKE_COUNT: 2
  X           Y   STYLUS_STATE STROKE
PEN_DOWN
1588        1879        1        1
1588        1905        1        1
1561        1905        1        1
1561        1931        1        1
1561        1958        1        1
1535        1984        1        1
1508        2011        1        1
1508        1984        1        1
1482        1984        1        1
1482        1958        1        1
1482        1905        1        1
1508        1879        1        1
1508        1852        1        1
1535        1799        1        1
1561        1773        1        1
1588        1746        1        1
1640        1720        1        1
1693        1720        1        1
1746        1720        1        1
1799        1720        1        1
1826        1746        1        1
1879        1773        1        1
1879        1826        1        1
1905        1905        1        1
1905        1958        1        1
1879        2037        1        1
1852        2117        1        1
1826        2170        1        1
1773        2249        1        1
1720        2302        1        1
1667        2328        1        1
1640        2355        1        1
1588        2381        1        1
1561        2381        1        1
1535        2381        1        1
1508        2381        1        1
1508        2355        1        1
1535        2328        1        1
1561        2328        1        1
1588        2302        1        1
1640        2302        1        1
1693        2302        1        1
1746        2302        1        1
1799        2302        1        1
1852        2328        1        1
1905        2328        1        1
1958        2355        1        1
2011        2381        1        1
2064        2408        1        1
2090        2434        1        1
2143        2487        1        1
2196        2514        1        1
2223        2540        1        1
2249        2540        1        1
2275        2566        1        1
2302        2566        1        1
2302        2593        1        1
2328        2593        1        1
2355        2593        1        1
2355        2566        1        1
2355        2540        1        1
2355        2487        1        1
2355        2434        1        1
2328        2355        1        1
2328        2275        1        1
2328        2170        1        1
2328        2064        1        1
2302        1958        1        1
2302        1852        1        1
2275        1773        1        1
2275        1693        1        1
2275        1640        1        1
2275        1614        1        1
2249        1588        1        1
2249        1561        1        1
2275        1561        1        1
2302        1561        1        1
2302        1588        1        1
2328        1588        1        1
2328        1614        1        1
2328        1640        1        1
PEN_UP                  0
PEN_DOWN
2302        2011        1        2
2328        2011        1        2
2328        1984        1        2
2328        1958        1        2
2355        1958        1        2
2355        1931        1        2
2355        1905        1        2
2355        1879        1        2
2381        1852        1        2
2408        1826        1        2
2434        1799        1        2
2487        1773        1        2
2514        1773        1        2
2566        1773        1        2
2593        1773        1        2
2646        1773        1        2
2672        1799        1        2
2699        1826        1        2
2699        1852        1        2
2699        1905        1        2
2672        1931        1        2
2672        1958        1        2
2646        2011        1        2
2619        2011        1        2
2593        2037        1        2
2593        2064        1        2
2566        2064        1        2
2593        2037        1        2
2619        2037        1        2
2646        2011        1        2
2672        2011        1        2
2699        2037        1        2
2725        2037        1        2
2752        2064        1        2
2752        2090        1        2
2752        2143        1        2
2725        2170        1        2
2672        2196        1        2
2619        2223        1        2
2566        2249        1        2
2514        2249        1        2
2461        2249        1        2
PEN_UP                  0
END_CHARACTER: NGC
