CHARACTER_NAME: PN
STROKE_COUNT: 4
  X           Y   STYLUS_STATE STROKE
PEN_DOWN
1323        1746        1        1
1349        1746        1        1
1376        1773        1        1
1402        1799        1        1
1455        1799        1        1
1508        1852        1        1
1561        1879        1        1
1614        1931        1        1
1693        1984        1        1
1746        2037        1        1
1799        2117        1        1
1852        2170        1        1
1905        2223        1        1
1931        2249        1        1
1958        2302        1        1
1984        2328        1        1
1984        2355        1        1
2011        2355        1        1
2011        2328        1        1
2011        2302        1        1
2011        2275        1        1
2011        2249        1        1
2011        2196        1        1
2011        2143        1        1
2011        2090        1        1
2037        2037        1        1
2037        1958        1        1
2064        1905        1        1
2064        1852        1        1
2064        1799        1        1
2090        1746        1        1
2090        1693        1        1
2117        1667        1        1
2117        1640        1        1
2117        1614        1        1
2117        1588        1        1
2143        1588        1        1
2143        1561        1        1
2170        1535        1        1
PEN_UP                  0
PEN_DOWN
1693        2064        1        2
1693        2037        1        2
1693        2011        1        2
1693        1984        1        2
1693        1958        1        2
1720        1905        1        2
1720        1879        1        2
1746        1826        1        2
1773        1799        1        2
1799        1746        1        2
1826        1720        1        2
1879        1667        1        2
1905        1640        1        2
1958        1614        1        2
2011        1588        1        2
2064        1588        1        2
2143        1561        1        2
2196        1561        1        2
2275        1588        1        2
2355        1588        1        2
2408        1588        1        2
2487        1614        1        2
2540        1640        1        2
2593        1667        1        2
2672        1693        1        2
2699        1720        1        2
2752        1746        1        2
2805        1746        1        2
2831        1773        1        2
2858        1773        1        2
2884        1773        1        2
2910        1799        1        2
2937        1773        1        2
PEN_UP                  0
PEN_DOWN
2937        1535        1        3
2937        1508        1        3
2937        1482        1        3
2937        1508        1        3
2937        1535        1        3
2937        1588        1        3
2963        1614        1        3
2963        1667        1        3
2963        1720        1        3
2963        1799        1        3
2963        1879        1        3
2963        1958        1        3
2963        2064        1        3
2963        2143        1        3
2963        2249        1        3
2963        2328        1        3
2990        2408        1        3
2990        2487        1        3
2990        2540        1        3
3016        2593        1        3
3016        2646        1        3
3016        2672        1        3
3016        2699        1        3
3016        2725        1        3
3016        2752        1        3
3043        2778        1        3
3043        2752        1        3
3043        2725        1        3
3043        2699        1        3
PEN_UP                  0
PEN_DOWN
1905        2805        1        4
1931        2778        1        4
1958        2752        1        4
1984        2752        1        4
2011        2725        1        4
2037        2725        1        4
2064        2725        1        4
2064        2752        1        4
2064        2778        1        4
2064        2805        1        4
2090        2805        1        4
2064        2831        1        4
2037        2831        1        4
2037        2805        1        4
2011        2805        1        4
2011        2778        1        4
1984        2778        1        4
2011        2778        1        4
2011        2752        1        4
2011        2725        1        4
2037        2699        1        4
2064        2672        1        4
2117        2646        1        4
2143        2619        1        4
2223        2593        1        4
2302        2566        1        4
2381        2566        1        4
2461        2540        1        4
2540        2540        1        4
2593        2540        1        4
2646        2540        1        4
2699        2566        1        4
2752        2593        1        4
2778        2619        1        4
2805        2646        1        4
2831        2672        1        4
2858        2699        1        4
2884        2725        1        4
2910        2752        1        4
2937        2778        1        4
2937        2752        1        4
2937        2725        1        4
2937        2699        1        4
2937        2672        1        4
2937        2646        1        4
2963        2593        1        4
2963        2540        1        4
2963        2514        1        4
2990        2434        1        4
2990        2381        1        4
2990        2328        1        4
3016        2302        1        4
PEN_UP                  0
END_CHARACTER: PN
