CHARACTER_NAME: BB
STROKE_COUNT: 2
  X           Y   STYLUS_STATE STROKE
PEN_DOWN
1296        1640        1        1
1323        1640        1        1
1376        1614        1        1
1429        1614        1        1
1508        1588        1        1
1614        1561        1        1
1720        1561        1        1
1826        1535        1        1
1931        1535        1        1
2037        1535        1        1
2143        1508        1        1
2223        1508        1        1
2275        1535        1        1
2328        1535        1        1
2355        1535        1        1
2355        1561        1        1
2328        1561        1        1
2302        1588        1        1
2275        1614        1        1
2223        1640        1        1
2143        1693        1        1
2090        1720        1        1
2011        1773        1        1
1931        1826        1        1
1852        1879        1        1
1799        1931        1        1
1746        1984        1        1
1693        2037        1        1
1667        2064        1        1
1667        2117        1        1
1640        2143        1        1
1640        2170        1        1
1667        2196        1        1
1693        2223        1        1
1746        2223        1        1
1773        2223        1        1
1826        2223        1        1
1879        2223        1        1
1931        2223        1        1
1984        2223        1        1
2037        2249        1        1
2117        2249        1        1
2170        2249        1        1
2223        2275        1        1
2249        2275        1        1
2302        2302        1        1
2328        2302        1        1
2355        2328        1        1
2381        2328        1        1
2408        2355        1        1
2434        2355        1        1
2461        2355        1        1
2487        2381        1        1
2514        2381        1        1
2514        2355        1        1
2514        2328        1        1
2514        2302        1        1
2514        2249        1        1
2487        2196        1        1
2461        2143        1        1
2461        2064        1        1
2434        2011        1        1
2408        1958        1        1
2408        1879        1        1
2408        1826        1        1
2381        1773        1        1
2381        1746        1        1
2381        1693        1        1
2355        1693        1        1
2355        1667        1        1
2355        1640        1        1
2381        1640        1        1
2355        1667        1        1
PEN_UP                  0
PEN_DOWN
2196        2117        1        2
2196        2143        1        2
2170        2143        1        2
2170        2170        1        2
2170        2196        1        2
2143        2249        1        2
2143        2275        1        2
2117        2328        1        2
2090        2381        1        2
2064        2434        1        2
2037        2487        1        2
1984        2540        1        2
1958        2593        1        2
1905        2646        1        2
1879        2672        1        2
1852        2699        1        2
1852        2725        1        2
1826        2752        1        2
1826        2778        1        2
1799        2778        1        2
1826        2778        1        2
1852        2778        1        2
1905        2752        1        2
1931        2752        1        2
1984        2752        1        2
2011        2725        1        2
2064        2725        1        2
2117        2725        1        2
2143        2725        1        2
2196        2725        1        2
2223        2725        1        2
2275        2752        1        2
2328        2752        1        2
2355        2778        1        2
2408        2778        1        2
2434        2805        1        2
2461        2805        1        2
2487        2831        1        2
2514        2831        1        2
2540        2831        1        2
2566        2831        1        2
2593        2831        1        2
2619        2831        1        2
2619        2805        1        2
2646        2805        1        2
2646        2778        1        2
2646        2752        1        2
2646        2725        1        2
2646        2672        1        2
2619        2646        1        2
2619        2593        1        2
2619        2540        1        2
2619        2487        1        2
2619        2408        1        2
2593        2355        1        2
2593        2302        1        2
2593        2249        1        2
2566        2223        1        2
2566        2196        1        2
2566        2170        1        2
2566        2143        1        2
2593        2143        1        2
PEN_UP                  0
END_CHARACTER: BB
