CHARACTER_NAME: PRR
STROKE_COUNT: 4
  X           Y   STYLUS_STATE STROKE
PEN_DOWN
1402        2090        1        1
1402        2064        1        1
1429        2090        1        1
1429        2117        1        1
1455        2143        1        1
1508        2196        1        1
1535        2249        1        1
1561        2275        1        1
1614        2328        1        1
1640        2381        1        1
1667        2434        1        1
1693        2461        1        1
1720        2487        1        1
1720        2514        1        1
1746        2540        1        1
1773        2540        1        1
1773        2566        1        1
1773        2540        1        1
1799        2540        1        1
1799        2514        1        1
1826        2487        1        1
1826        2461        1        1
1852        2408        1        1
1852        2355        1        1
1879        2302        1        1
1879        2249        1        1
1905        2170        1        1
1905        2117        1        1
1905        2037        1        1
1931        2011        1        1
1931        1958        1        1
1931        1931        1        1
1958        1905        1        1
1984        1931        1        1
PEN_UP                  0
PEN_DOWN
1296        2593        1        2
1270        2593        1        2
1270        2566        1        2
1296        2540        1        2
1296        2514        1        2
1323        2487        1        2
1349        2434        1        2
1376        2408        1        2
1402        2355        1        2
1455        2302        1        2
1482        2223        1        2
1535        2170        1        2
1588        2117        1        2
1640        2064        1        2
1693        2011        1        2
1720        1984        1        2
1773        1958        1        2
1826        1931        1        2
1852        1931        1        2
1905        1931        1        2
1958        1958        1        2
2011        1984        1        2
2064        2011        1        2
2117        2064        1        2
2170        2090        1        2
2196        2143        1        2
2249        2196        1        2
2302        2223        1        2
2328        2249        1        2
2381        2249        1        2
2408        2275        1        2
2434        2275        1        2
PEN_UP                  0
PEN_DOWN
2540        1905        1        3
2514        1879        1        3
2514        1852        1        3
2540        1879        1        3
2540        1905        1        3
2566        1905        1        3
2566        1931        1        3
2566        1984        1        3
2566        2011        1        3
2566        2064        1        3
2593        2143        1        3
2593        2196        1        3
2566        2275        1        3
2566        2355        1        3
2566        2434        1        3
2566        2514        1        3
2566        2566        1        3
2566        2646        1        3
2566        2699        1        3
2566        2752        1        3
2566        2805        1        3
2566        2831        1        3
2566        2858        1        3
2540        2884        1        3
2566        2884        1        3
2566        2910        1        3
2540        2884        1        3
2540        2858        1        3
2540        2831        1        3
2514        2831        1        3
2514        2805        1        3
2487        2778        1        3
2487        2725        1        3
2461        2725        1        3
2434        2699        1        3
2408        2672        1        3
2381        2672        1        3
2355        2646        1        3
2328        2672        1        3
2302        2672        1        3
2275        2699        1        3
2249        2752        1        3
2196        2805        1        3
2170        2858        1        3
2117        2937        1        3
2064        3016        1        3
2011        3096        1        3
1931        3149        1        3
1879        3201        1        3
1826        3254        1        3
1746        3281        1        3
1693        3307        1        3
1614        3334        1        3
1535        3334        1        3
1455        3307        1        3
1376        3281        1        3
1296        3254        1        3
1244        3228        1        3
1191        3201        1        3
1138        3149        1        3
1111        3096        1        3
1111        3043        1        3
1111        2990        1        3
1111        2937        1        3
PEN_UP                  0
PEN_DOWN
2672        2090        1        4
2672        2064        1        4
2646        2064        1        4
2646        2037        1        4
2672        2037        1        4
2699        2037        1        4
2752        2011        1        4
2805        2011        1        4
2858        2011        1        4
2910        2011        1        4
2963        2011        1        4
2990        2011        1        4
3043        2011        1        4
3043        1984        1        4
3069        1984        1        4
3069        2011        1        4
PEN_UP                  0
END_CHARACTER: PRR
