CHARACTER_NAME: CBN
STROKE_COUNT: 3
  X           Y   STYLUS_STATE STROKE
PEN_DOWN
1482        1455        1        1
1508        1482        1        1
1508        1535        1        1
1535        1561        1        1
1561        1640        1        1
1588        1693        1        1
1614        1746        1        1
1667        1799        1        1
1693        1852        1        1
1773        1852        1        1
1826        1879        1        1
1905        1852        1        1
2011        1826        1        1
2090        1773        1        1
2196        1720        1        1
2275        1640        1        1
2381        1588        1        1
2461        1508        1        1
2540        1455        1        1
2593        1402        1        1
2646        1349        1        1
2699        1323        1        1
2725        1296        1        1
2725        1270        1        1
2752        1270        1        1
2752        1244        1        1
2778        1244        1        1
2778        1270        1        1
2752        1296        1        1
PEN_UP                  0
PEN_DOWN
2275        1561        1        2
2302        1535        1        2
2328        1508        1        2
2355        1455        1        2
2355        1429        1        2
2355        1376        1        2
2355        1349        1        2
2355        1323        1        2
2328        1323        1        2
PEN_UP                  0
PEN_DOWN
2249        1349        1        3
2223        1349        1        3
2223        1323        1        3
2196        1323        1        3
2196        1296        1        3
2170        1296        1        3
2143        1296        1        3
2117        1296        1        3
2090        1296        1        3
2064        1296        1        3
2037        1296        1        3
2011        1296        1        3
2011        1323        1        3
1984        1323        1        3
1958        1323        1        3
1931        1349        1        3
1905        1349        1        3
1879        1349        1        3
1879        1376        1        3
1852        1376        1        3
1852        1402        1        3
1826        1402        1        3
1826        1429        1        3
1852        1455        1        3
1852        1482        1        3
1852        1508        1        3
1879        1508        1        3
1879        1535        1        3
1905        1561        1        3
1931        1561        1        3
1931        1588        1        3
1958        1588        1        3
1984        1588        1        3
1984        1561        1        3
2011        1561        1        3
2037        1561        1        3
2064        1561        1        3
2090        1561        1        3
2117        1561        1        3
2143        1535        1        3
2170        1535        1        3
2196        1508        1        3
2223        1482        1        3
2249        1455        1        3
2275        1429        1        3
2275        1402        1        3
2275        1376        1        3
2302        1376        1        3
2302        1349        1        3
2302        1323        1        3
2275        1323        1        3
PEN_UP                  0
END_CHARACTER: CBN
