CHARACTER_NAME: TR
STROKE_COUNT: 2
  X           Y   STYLUS_STATE STROKE
PEN_DOWN
2275        1720        1        1
2275        1746        1        1
2275        1773        1        1
2249        1799        1        1
2223        1773        1        1
2223        1746        1        1
2223        1720        1        1
2223        1693        1        1
2223        1667        1        1
2249        1640        1        1
2275        1614        1        1
2328        1588        1        1
2355        1588        1        1
2408        1588        1        1
2461        1588        1        1
2487        1614        1        1
2514        1614        1        1
2540        1667        1        1
2566        1693        1        1
2593        1773        1        1
2593        1826        1        1
2593        1905        1        1
2593        1958        1        1
2593        2037        1        1
2593        2090        1        1
2566        2143        1        1
2566        2196        1        1
2566        2249        1        1
2566        2275        1        1
2566        2302        1        1
2566        2328        1        1
2566        2355        1        1
2540        2355        1        1
2540        2328        1        1
2540        2302        1        1
2540        2275        1        1
2514        2275        1        1
2514        2249        1        1
2514        2223        1        1
2514        2196        1        1
2487        2196        1        1
2461        2196        1        1
2408        2196        1        1
2381        2196        1        1
2328        2223        1        1
2275        2249        1        1
2223        2302        1        1
2143        2328        1        1
2064        2355        1        1
2011        2408        1        1
1931        2434        1        1
1852        2461        1        1
1799        2487        1        1
1720        2487        1        1
1667        2487        1        1
1588        2461        1        1
1535        2408        1        1
1482        2355        1        1
1429        2302        1        1
1402        2223        1        1
1376        2117        1        1
1349        2011        1        1
1323        1905        1        1
1323        1799        1        1
1323        1693        1        1
1323        1614        1        1
1349        1535        1        1
1376        1482        1        1
1402        1455        1        1
1455        1429        1        1
PEN_UP                  0
PEN_DOWN
1958        1455        1        2
1931        1455        1        2
1958        1455        1        2
1984        1429        1        2
2011        1429        1        2
2037        1429        1        2
2117        1455        1        2
2196        1455        1        2
2302        1455        1        2
2408        1455        1        2
2514        1482        1        2
2646        1482        1        2
2778        1482        1        2
2910        1508        1        2
3016        1508        1        2
3096        1508        1        2
3175        1508        1        2
3201        1508        1        2
3254        1508        1        2
3281        1508        1        2
3254        1508        1        2
3254        1535        1        2
3254        1561        1        2
3254        1588        1        2
PEN_UP                  0
END_CHARACTER: TR
