CHARACTER_NAME: NDH
STROKE_COUNT: 3
  X           Y   STYLUS_STATE STROKE
PEN_DOWN
2064        2196        1        1
2064        2170        1        1
2064        2196        1        1
2037        2196        1        1
2037        2223        1        1
2011        2223        1        1
2011        2249        1        1
1984        2249        1        1
1958        2249        1        1
1958        2223        1        1
1931        2223        1        1
1931        2196        1        1
1905        2170        1        1
1931        2143        1        1
1931        2090        1        1
1958        2064        1        1
1984        2037        1        1
2037        2037        1        1
2090        2011        1        1
2143        2011        1        1
2196        2037        1        1
2275        2064        1        1
2328        2090        1        1
2381        2117        1        1
2434        2170        1        1
2461        2223        1        1
2514        2275        1        1
2540        2302        1        1
2566        2328        1        1
2566        2355        1        1
2593        2355        1        1
2593        2328        1        1
2619        2275        1        1
2619        2223        1        1
2619        2143        1        1
2619        2064        1        1
2619        1984        1        1
2619        1879        1        1
2619        1799        1        1
2619        1720        1        1
2619        1667        1        1
2619        1614        1        1
2646        1588        1        1
2646        1561        1        1
PEN_UP                  0
PEN_DOWN
2619        2196        1        2
2619        2223        1        2
2593        2223        1        2
2593        2249        1        2
2566        2275        1        2
2540        2328        1        2
2514        2355        1        2
2461        2381        1        2
2408        2434        1        2
2381        2461        1        2
2328        2487        1        2
2275        2514        1        2
2249        2540        1        2
2223        2566        1        2
2196        2566        1        2
2196        2593        1        2
2223        2619        1        2
2275        2646        1        2
2302        2646        1        2
2381        2672        1        2
2434        2725        1        2
2487        2752        1        2
2540        2778        1        2
2593        2805        1        2
2646        2858        1        2
2672        2884        1        2
2699        2910        1        2
2725        2937        1        2
2752        2937        1        2
2752        2963        1        2
2778        2990        1        2
2778        2963        1        2
2805        2963        1        2
2805        2937        1        2
2831        2910        1        2
2831        2884        1        2
2858        2858        1        2
2858        2805        1        2
2858        2778        1        2
2858        2725        1        2
2858        2699        1        2
2831        2646        1        2
2831        2593        1        2
2831        2540        1        2
2805        2487        1        2
2805        2434        1        2
2805        2408        1        2
2778        2381        1        2
2778        2355        1        2
2778        2328        1        2
2805        2328        1        2
2805        2302        1        2
2831        2275        1        2
2858        2275        1        2
2910        2249        1        2
2937        2275        1        2
2990        2275        1        2
3043        2275        1        2
3096        2302        1        2
3149        2328        1        2
3201        2355        1        2
3254        2381        1        2
3307        2434        1        2
3334        2487        1        2
3334        2566        1        2
3360        2619        1        2
3360        2699        1        2
3360        2752        1        2
3360        2831        1        2
3360        2858        1        2
3360        2910        1        2
3360        2937        1        2
PEN_UP                  0
PEN_DOWN
1720        1429        1        3
1746        1455        1        3
1799        1455        1        3
1879        1482        1        3
1984        1482        1        3
2090        1508        1        3
2223        1508        1        3
2381        1535        1        3
2540        1561        1        3
2699        1561        1        3
2884        1588        1        3
3016        1588        1        3
3175        1614        1        3
3281        1614        1        3
3360        1614        1        3
3440        1640        1        3
3493        1640        1        3
3519        1614        1        3
3545        1614        1        3
3572        1614        1        3
3572        1640        1        3
3598        1640        1        3
3598        1667        1        3
PEN_UP                  0
END_CHARACTER: NDH
