CHARACTER_NAME: NNN
STROKE_COUNT: 3
  X           Y   STYLUS_STATE STROKE
PEN_DOWN
1746        2249        1        1
1720        2249        1        1
1720        2275        1        1
1720        2302        1        1
1693        2328        1        1
1693        2355        1        1
1667        2355        1        1
1640        2381        1        1
1640        2355        1        1
1614        2355        1        1
1588        2355        1        1
1588        2328        1        1
1561        2302        1        1
1561        2275        1        1
1561        2249        1        1
1561        2196        1        1
1588        2170        1        1
1614        2143        1        1
1667        2090        1        1
1720        2090        1        1
1773        2064        1        1
1826        2064        1        1
1879        2090        1        1
1958        2090        1        1
2011        2117        1        1
2064        2170        1        1
2090        2196        1        1
2117        2249        1        1
2143        2302        1        1
2170        2355        1        1
2196        2381        1        1
2196        2408        1        1
2223        2434        1        1
2249        2408        1        1
2249        2381        1        1
2275        2355        1        1
2275        2302        1        1
2275        2223        1        1
2275        2143        1        1
2302        2064        1        1
2302        1958        1        1
2302        1879        1        1
2302        1799        1        1
2302        1746        1        1
2302        1693        1        1
2302        1667        1        1
2302        1614        1        1
2328        1614        1        1
2355        1640        1        1
2381        1667        1        1
2381        1720        1        1
PEN_UP                  0
PEN_DOWN
1852        2884        1        2
1879        2884        1        2
1879        2858        1        2
1879        2884        1        2
1879        2858        1        2
1879        2884        1        2
1852        2884        1        2
1852        2910        1        2
1826        2910        1        2
1799        2910        1        2
1773        2937        1        2
1746        2937        1        2
1720        2937        1        2
1693        2937        1        2
1667        2937        1        2
1640        2910        1        2
1614        2884        1        2
1588        2858        1        2
1588        2831        1        2
1588        2778        1        2
1588        2752        1        2
1588        2699        1        2
1614        2672        1        2
1667        2646        1        2
1720        2619        1        2
1773        2593        1        2
1826        2593        1        2
1905        2566        1        2
1958        2593        1        2
2011        2593        1        2
2064        2619        1        2
2117        2646        1        2
2143        2672        1        2
2170        2699        1        2
2196        2752        1        2
2223        2778        1        2
2223        2805        1        2
2249        2805        1        2
2249        2831        1        2
2275        2831        1        2
2275        2805        1        2
2275        2778        1        2
2275        2752        1        2
2302        2725        1        2
2302        2672        1        2
2302        2619        1        2
2328        2566        1        2
2328        2514        1        2
2328        2461        1        2
2355        2408        1        2
2355        2355        1        2
2355        2328        1        2
2355        2302        1        2
2355        2275        1        2
PEN_UP                  0
PEN_DOWN
1270        1614        1        3
1244        1640        1        3
1217        1640        1        3
1244        1640        1        3
1270        1640        1        3
1323        1667        1        3
1429        1667        1        3
1561        1667        1        3
1720        1693        1        3
1905        1720        1        3
2090        1720        1        3
2275        1746        1        3
2434        1746        1        3
2593        1773        1        3
2725        1773        1        3
2831        1773        1        3
2910        1773        1        3
2963        1773        1        3
2990        1773        1        3
3016        1773        1        3
2990        1799        1        3
2990        1826        1        3
3016        1852        1        3
PEN_UP                  0
END_CHARACTER: NNN
