CHARACTER_NAME: DV
STROKE_COUNT: 2
  X           Y   STYLUS_STATE STROKE
PEN_DOWN
1905        1508        1        1
1879        1482        1        1
1905        1482        1        1
1879        1482        1        1
1879        1508        1        1
1852        1535        1        1
1852        1561        1        1
1852        1614        1        1
1852        1640        1        1
1826        1720        1        1
1826        1773        1        1
1826        1852        1        1
1826        1905        1        1
1799        1984        1        1
1799        2064        1        1
1799        2117        1        1
1773        2170        1        1
1773        2223        1        1
1773        2249        1        1
1773        2275        1        1
1773        2302        1        1
1799        2275        1        1
1799        2249        1        1
1826        2223        1        1
1852        2196        1        1
1879        2143        1        1
1905        2117        1        1
1931        2090        1        1
1984        2064        1        1
2011        2037        1        1
2064        2011        1        1
2090        1984        1        1
2117        1958        1        1
2170        1958        1        1
2196        1931        1        1
2223        1931        1        1
2275        1931        1        1
2302        1905        1        1
2328        1905        1        1
2355        1905        1        1
2355        1931        1        1
2381        1931        1        1
2381        1958        1        1
2408        2011        1        1
2408        2037        1        1
2434        2090        1        1
2434        2143        1        1
2434        2170        1        1
2461        2223        1        1
2461        2275        1        1
2461        2302        1        1
2461        2328        1        1
2461        2355        1        1
2487        2381        1        1
2461        2381        1        1
2461        2355        1        1
2461        2328        1        1
2461        2302        1        1
2434        2302        1        1
2434        2275        1        1
2408        2302        1        1
2408        2328        1        1
2381        2355        1        1
2381        2381        1        1
2355        2408        1        1
2381        2408        1        1
2355        2408        1        1
2381        2408        1        1
2408        2381        1        1
2434        2381        1        1
2434        2355        1        1
2434        2328        1        1
2408        2328        1        1
2408        2302        1        1
2381        2302        1        1
2381        2328        1        1
2355        2328        1        1
2355        2355        1        1
2328        2355        1        1
2328        2381        1        1
2328        2408        1        1
2328        2434        1        1
2355        2434        1        1
2355        2461        1        1
2408        2461        1        1
2434        2487        1        1
2461        2487        1        1
2514        2487        1        1
2540        2461        1        1
2566        2461        1        1
2593        2461        1        1
2619        2434        1        1
2646        2434        1        1
2672        2408        1        1
2699        2381        1        1
2725        2381        1        1
2752        2355        1        1
2778        2381        1        1
2805        2381        1        1
2831        2408        1        1
2831        2434        1        1
2831        2487        1        1
2831        2540        1        1
2831        2593        1        1
2805        2672        1        1
2778        2752        1        1
2725        2831        1        1
2699        2910        1        1
2646        2963        1        1
2566        2990        1        1
2514        3016        1        1
2434        3016        1        1
2355        2990        1        1
2249        2963        1        1
2170        2884        1        1
2064        2805        1        1
1984        2725        1        1
1931        2619        1        1
1879        2514        1        1
1852        2408        1        1
1852        2302        1        1
1852        2170        1        1
PEN_UP                  0
PEN_DOWN
1614        1508        1        2
1640        1482        1        2
1720        1482        1        2
1799        1482        1        2
1931        1482        1        2
2064        1508        1        2
2223        1508        1        2
2408        1508        1        2
2593        1535        1        2
2778        1535        1        2
2963        1561        1        2
3122        1561        1        2
3254        1588        1        2
3360        1588        1        2
3413        1588        1        2
3466        1614        1        2
3519        1588        1        2
3545        1588        1        2
3545        1614        1        2
3545        1640        1        2
3572        1667        1        2
PEN_UP                  0
END_CHARACTER: DV
