CHARACTER_NAME: BD
STROKE_COUNT: 3
  X           Y   STYLUS_STATE STROKE
PEN_DOWN
1588        1455        1        1
1614        1455        1        1
1667        1455        1        1
1720        1455        1        1
1826        1455        1        1
1905        1429        1        1
2011        1429        1        1
2117        1429        1        1
2223        1429        1        1
2302        1429        1        1
2381        1455        1        1
2434        1455        1        1
2461        1455        1        1
2487        1455        1        1
2514        1455        1        1
2487        1455        1        1
2461        1455        1        1
2434        1482        1        1
2408        1482        1        1
2381        1508        1        1
2328        1561        1        1
2275        1588        1        1
2196        1640        1        1
2117        1720        1        1
2037        1773        1        1
1984        1826        1        1
1931        1852        1        1
1879        1905        1        1
1852        1931        1        1
1826        1931        1        1
1826        1958        1        1
1852        1958        1        1
1905        1958        1        1
1958        1958        1        1
2011        1958        1        1
2090        1958        1        1
2143        1958        1        1
2196        1958        1        1
2249        1984        1        1
2275        1984        1        1
2302        2011        1        1
2355        2037        1        1
2381        2037        1        1
2408        2064        1        1
2434        2064        1        1
2461        2064        1        1
2487        2064        1        1
2514        2064        1        1
2540        2064        1        1
2540        2037        1        1
2540        2011        1        1
2540        1984        1        1
2540        1931        1        1
2566        1879        1        1
2566        1826        1        1
2566        1746        1        1
2566        1667        1        1
2566        1614        1        1
2566        1535        1        1
2566        1482        1        1
2566        1429        1        1
2566        1376        1        1
2593        1349        1        1
PEN_UP                  0
PEN_DOWN
2593        2090        1        2
2593        2064        1        2
2566        2064        1        2
2566        2090        1        2
2540        2090        1        2
2566        2090        1        2
2593        2064        1        2
2619        2064        1        2
2646        2037        1        2
2699        2037        1        2
2725        2011        1        2
2778        2011        1        2
2805        1984        1        2
2858        1984        1        2
2858        1958        1        2
2884        1958        1        2
2910        1958        1        2
2937        1931        1        2
2937        1958        1        2
2910        1958        1        2
2884        1958        1        2
2884        1984        1        2
2858        2011        1        2
2831        2064        1        2
2805        2117        1        2
2778        2170        1        2
2778        2223        1        2
2805        2302        1        2
2831        2355        1        2
2910        2408        1        2
2990        2434        1        2
3096        2461        1        2
PEN_UP                  0
PEN_DOWN
2434        1402        1        3
2461        1402        1        3
2514        1402        1        3
2540        1402        1        3
2619        1402        1        3
2672        1402        1        3
2778        1402        1        3
2858        1402        1        3
2937        1402        1        3
3016        1402        1        3
3096        1402        1        3
3122        1402        1        3
3175        1402        1        3
3201        1402        1        3
PEN_UP                  0
END_CHARACTER: BD
