CHARACTER_NAME: LK
STROKE_COUNT: 4
  X           Y   STYLUS_STATE STROKE
PEN_DOWN
1482        1561        1        1
1455        1561        1        1
1429        1561        1        1
1402        1561        1        1
1376        1561        1        1
1349        1561        1        1
1323        1588        1        1
1296        1588        1        1
1270        1588        1        1
1244        1588        1        1
1270        1588        1        1
1296        1588        1        1
1323        1588        1        1
1349        1588        1        1
1402        1588        1        1
1429        1588        1        1
1482        1588        1        1
1535        1588        1        1
1588        1588        1        1
1667        1561        1        1
1746        1561        1        1
1826        1561        1        1
1931        1561        1        1
2011        1535        1        1
2090        1535        1        1
2170        1535        1        1
2249        1535        1        1
2328        1535        1        1
2408        1535        1        1
2487        1535        1        1
2566        1535        1        1
2646        1535        1        1
2752        1535        1        1
2858        1535        1        1
2963        1508        1        1
3069        1508        1        1
3149        1508        1        1
3228        1508        1        1
3281        1508        1        1
3334        1508        1        1
3387        1508        1        1
3413        1508        1        1
3440        1508        1        1
3466        1508        1        1
3519        1508        1        1
3545        1508        1        1
3572        1508        1        1
3598        1508        1        1
3625        1508        1        1
3651        1508        1        1
3678        1508        1        1
3704        1508        1        1
3678        1508        1        1
3651        1535        1        1
3625        1535        1        1
PEN_UP                  0
PEN_DOWN
2170        2408        1        2
2196        2408        1        2
2223        2408        1        2
2249        2408        1        2
2275        2434        1        2
2275        2461        1        2
2275        2487        1        2
2249        2487        1        2
2223        2514        1        2
2196        2514        1        2
2170        2540        1        2
2117        2540        1        2
2090        2566        1        2
2037        2566        1        2
2011        2566        1        2
1984        2540        1        2
1958        2540        1        2
1931        2514        1        2
1931        2487        1        2
1931        2434        1        2
1958        2408        1        2
1984        2381        1        2
2011        2355        1        2
2037        2328        1        2
2090        2328        1        2
2117        2302        1        2
2170        2275        1        2
2223        2249        1        2
2275        2223        1        2
2328        2223        1        2
2381        2223        1        2
2434        2196        1        2
2461        2223        1        2
2514        2223        1        2
2540        2249        1        2
2566        2249        1        2
2593        2275        1        2
2619        2302        1        2
2646        2328        1        2
2672        2355        1        2
2699        2381        1        2
2699        2408        1        2
2725        2434        1        2
2725        2461        1        2
2725        2487        1        2
2699        2514        1        2
2699        2540        1        2
2672        2540        1        2
2646        2540        1        2
2646        2514        1        2
2646        2487        1        2
2646        2461        1        2
2646        2434        1        2
2672        2381        1        2
2699        2355        1        2
2725        2328        1        2
2752        2302        1        2
2805        2302        1        2
2831        2275        1        2
2884        2249        1        2
2910        2249        1        2
2963        2249        1        2
2990        2249        1        2
3016        2249        1        2
3043        2275        1        2
3069        2275        1        2
3096        2302        1        2
3122        2328        1        2
3149        2355        1        2
3149        2381        1        2
3175        2381        1        2
3175        2408        1        2
3201        2434        1        2
3201        2461        1        2
3201        2487        1        2
3201        2514        1        2
3201        2540        1        2
3175        2540        1        2
3175        2514        1        2
3149        2514        1        2
3149        2487        1        2
3122        2461        1        2
3122        2434        1        2
3122        2381        1        2
3122        2355        1        2
3122        2302        1        2
3122        2275        1        2
3122        2223        1        2
3122        2170        1        2
3096        2117        1        2
3096        2064        1        2
3096        2011        1        2
3096        1984        1        2
3069        1931        1        2
3069        1879        1        2
3069        1852        1        2
3096        1826        1        2
3096        1799        1        2
3096        1773        1        2
3096        1746        1        2
3096        1720        1        2
3096        1693        1        2
3096        1667        1        2
3069        1640        1        2
3069        1614        1        2
3069        1588        1        2
3096        1588        1        2
3096        1561        1        2
3069        1588        1        2
3043        1614        1        2
3043        1588        1        2
3016        1588        1        2
PEN_UP                  0
PEN_DOWN
3149        2540        1        3
3149        2514        1        3
3175        2514        1        3
3175        2487        1        3
3149        2514        1        3
3122        2540        1        3
3096        2566        1        3
3069        2593        1        3
3016        2646        1        3
2990        2699        1        3
2937        2725        1        3
2858        2778        1        3
2805        2831        1        3
2752        2884        1        3
2699        2937        1        3
2672        2990        1        3
2619        3016        1        3
2593        3069        1        3
2540        3096        1        3
2514        3122        1        3
2487        3122        1        3
2487        3149        1        3
2461        3149        1        3
2461        3175        1        3
2461        3201        1        3
2487        3175        1        3
2514        3175        1        3
2566        3175        1        3
2646        3175        1        3
2699        3149        1        3
2778        3149        1        3
2858        3149        1        3
2910        3149        1        3
2990        3149        1        3
3043        3149        1        3
3096        3175        1        3
3149        3175        1        3
3175        3201        1        3
3201        3201        1        3
3228        3228        1        3
3228        3254        1        3
3254        3281        1        3
3254        3307        1        3
3254        3334        1        3
3281        3360        1        3
3281        3387        1        3
3307        3387        1        3
3307        3413        1        3
3307        3440        1        3
3334        3440        1        3
3334        3466        1        3
3334        3493        1        3
3334        3466        1        3
3307        3440        1        3
3307        3413        1        3
3307        3387        1        3
3307        3360        1        3
3281        3307        1        3
3281        3281        1        3
3281        3228        1        3
3254        3201        1        3
3254        3149        1        3
3254        3122        1        3
3254        3069        1        3
3228        3043        1        3
3228        3016        1        3
3228        2990        1        3
3228        2963        1        3
3228        2937        1        3
3201        2910        1        3
3201        2884        1        3
3201        2858        1        3
3201        2831        1        3
3201        2805        1        3
3175        2778        1        3
3175        2752        1        3
3175        2725        1        3
3175        2699        1        3
3175        2672        1        3
3175        2646        1        3
3175        2619        1        3
3175        2593        1        3
3175        2566        1        3
3175        2540        1        3
3175        2514        1        3
3175        2487        1        3
3175        2461        1        3
3149        2487        1        3
3122        2487        1        3
PEN_UP                  0
PEN_DOWN
3201        2619        1        4
3201        2593        1        4
3228        2593        1        4
3228        2566        1        4
3254        2566        1        4
3254        2540        1        4
3254        2514        1        4
3281        2514        1        4
3281        2487        1        4
3307        2487        1        4
3307        2461        1        4
3334        2461        1        4
3334        2434        1        4
3360        2434        1        4
3413        2434        1        4
3440        2408        1        4
3466        2408        1        4
3493        2408        1        4
3519        2408        1        4
3545        2408        1        4
3572        2408        1        4
3598        2434        1        4
3625        2434        1        4
3625        2461        1        4
3651        2487        1        4
3678        2487        1        4
3678        2514        1        4
3704        2540        1        4
3731        2566        1        4
3731        2593        1        4
3731        2619        1        4
3731        2646        1        4
3731        2672        1        4
3731        2699        1        4
3731        2725        1        4
3704        2752        1        4
3704        2778        1        4
3678        2805        1        4
3651        2805        1        4
3651        2831        1        4
3625        2831        1        4
3598        2831        1        4
3572        2831        1        4
3545        2831        1        4
3519        2805        1        4
3493        2805        1        4
3493        2778        1        4
3466        2778        1        4
3466        2752        1        4
3493        2725        1        4
3493        2699        1        4
3493        2672        1        4
3519        2646        1        4
3519        2619        1        4
3545        2593        1        4
3545        2566        1        4
3572        2566        1        4
3572        2540        1        4
3598        2540        1        4
3598        2514        1        4
3625        2514        1        4
PEN_UP                  0
END_CHARACTER: LK
