CHARACTER_NAME: SC
STROKE_COUNT: 2
  X           Y   STYLUS_STATE STROKE
PEN_DOWN
1482        1693        1        1
1482        1667        1        1
1508        1667        1        1
1508        1640        1        1
1535        1640        1        1
1588        1640        1        1
1614        1614        1        1
1667        1614        1        1
1720        1588        1        1
1799        1588        1        1
1852        1588        1        1
1905        1561        1        1
1958        1561        1        1
2011        1588        1        1
2064        1588        1        1
2090        1588        1        1
2117        1614        1        1
2170        1614        1        1
2170        1640        1        1
2196        1667        1        1
2223        1693        1        1
2223        1720        1        1
2223        1746        1        1
2223        1773        1        1
2223        1799        1        1
2196        1826        1        1
2170        1852        1        1
2143        1852        1        1
2117        1852        1        1
2090        1852        1        1
2064        1852        1        1
2037        1852        1        1
2011        1826        1        1
1984        1826        1        1
1958        1799        1        1
1958        1773        1        1
1931        1773        1        1
1958        1746        1        1
1958        1720        1        1
1984        1693        1        1
2011        1667        1        1
2037        1667        1        1
2064        1640        1        1
2117        1614        1        1
2143        1614        1        1
2196        1588        1        1
2223        1588        1        1
2249        1588        1        1
2302        1588        1        1
2328        1588        1        1
2355        1588        1        1
2408        1614        1        1
2434        1614        1        1
2461        1640        1        1
2487        1640        1        1
2514        1667        1        1
2514        1693        1        1
2514        1720        1        1
2514        1746        1        1
2487        1746        1        1
2461        1773        1        1
2434        1773        1        1
2408        1773        1        1
2381        1773        1        1
2355        1773        1        1
2328        1746        1        1
2302        1720        1        1
2302        1693        1        1
2302        1667        1        1
2302        1640        1        1
2328        1640        1        1
2355        1614        1        1
2408        1588        1        1
2461        1561        1        1
2514        1561        1        1
2593        1561        1        1
2646        1535        1        1
2699        1535        1        1
2752        1535        1        1
2778        1535        1        1
2805        1535        1        1
2831        1561        1        1
2805        1561        1        1
2805        1535        1        1
2831        1535        1        1
2831        1508        1        1
2831        1482        1        1
2858        1482        1        1
2858        1508        1        1
2884        1535        1        1
2884        1561        1        1
2884        1588        1        1
2910        1614        1        1
2910        1640        1        1
2910        1667        1        1
2910        1693        1        1
2910        1746        1        1
2937        1773        1        1
2937        1799        1        1
2937        1826        1        1
2937        1852        1        1
2937        1879        1        1
2937        1931        1        1
2937        1958        1        1
2937        1984        1        1
2937        2037        1        1
2937        2064        1        1
2937        2090        1        1
2937        2143        1        1
2937        2170        1        1
2963        2223        1        1
2963        2249        1        1
2963        2275        1        1
2963        2328        1        1
2937        2355        1        1
2937        2381        1        1
2937        2434        1        1
2937        2461        1        1
2937        2487        1        1
2937        2514        1        1
2937        2540        1        1
2937        2566        1        1
2937        2593        1        1
2937        2619        1        1
2937        2646        1        1
2937        2672        1        1
2937        2699        1        1
2937        2725        1        1
2910        2752        1        1
2910        2778        1        1
2910        2805        1        1
2910        2831        1        1
2937        2831        1        1
2937        2805        1        1
2963        2805        1        1
2990        2805        1        1
2990        2778        1        1
3016        2778        1        1
3069        2778        1        1
3096        2752        1        1
3122        2725        1        1
3149        2725        1        1
3175        2699        1        1
3201        2699        1        1
3254        2672        1        1
3254        2646        1        1
3281        2646        1        1
3307        2619        1        1
3334        2593        1        1
3360        2566        1        1
3387        2540        1        1
3387        2514        1        1
3387        2487        1        1
3413        2487        1        1
3413        2461        1        1
3413        2434        1        1
3440        2408        1        1
3440        2381        1        1
3440        2355        1        1
3440        2328        1        1
3466        2302        1        1
3466        2275        1        1
3466        2249        1        1
3466        2223        1        1
3440        2196        1        1
3440        2170        1        1
3440        2143        1        1
3413        2117        1        1
3413        2090        1        1
3387        2064        1        1
3387        2037        1        1
3360        2011        1        1
3334        1984        1        1
3307        1984        1        1
3281        1958        1        1
3254        1958        1        1
3254        1931        1        1
3228        1931        1        1
3201        1931        1        1
3175        1905        1        1
3149        1905        1        1
3122        1905        1        1
3096        1905        1        1
3069        1905        1        1
3043        1931        1        1
3016        1931        1        1
2990        1958        1        1
2963        1958        1        1
2937        1984        1        1
2910        1984        1        1
2884        2011        1        1
2858        2011        1        1
2831        2037        1        1
2805        2037        1        1
2831        2037        1        1
2831        2011        1        1
2831        1984        1        1
2858        1984        1        1
2858        1958        1        1
PEN_UP                  0
PEN_DOWN
2884        1429        1        2
2910        1429        1        2
2937        1429        1        2
2963        1429        1        2
2990        1429        1        2
3016        1429        1        2
3069        1429        1        2
3122        1402        1        2
3175        1402        1        2
3228        1402        1        2
3307        1376        1        2
3360        1376        1        2
3440        1376        1        2
3493        1376        1        2
3545        1376        1        2
3598        1376        1        2
3625        1349        1        2
3651        1349        1        2
3678        1349        1        2
3704        1349        1        2
PEN_UP                  0
END_CHARACTER: SC
