CHARACTER_NAME: FT
STROKE_COUNT: 5
  X           Y   STYLUS_STATE STROKE
PEN_DOWN
1693        1455        1        1
1693        1482        1        1
1667        1482        1        1
1693        1482        1        1
1720        1482        1        1
1746        1482        1        1
1773        1482        1        1
1799        1482        1        1
1852        1482        1        1
1879        1482        1        1
1931        1482        1        1
1958        1482        1        1
2011        1482        1        1
2037        1482        1        1
2064        1482        1        1
2090        1482        1        1
2117        1482        1        1
2143        1482        1        1
2170        1482        1        1
2196        1482        1        1
2223        1482        1        1
2275        1455        1        1
2302        1455        1        1
2355        1455        1        1
2408        1455        1        1
2461        1455        1        1
2487        1455        1        1
2540        1455        1        1
2593        1455        1        1
2619        1455        1        1
2646        1455        1        1
2672        1455        1        1
2699        1455        1        1
2725        1455        1        1
2752        1455        1        1
2805        1455        1        1
2831        1455        1        1
2858        1455        1        1
2910        1455        1        1
2937        1455        1        1
2963        1455        1        1
2990        1455        1        1
3016        1455        1        1
3043        1455        1        1
3069        1455        1        1
3096        1455        1        1
3122        1455        1        1
3122        1429        1        1
3149        1429        1        1
3175        1429        1        1
3149        1429        1        1
3122        1429        1        1
3096        1455        1        1
PEN_UP                  0
PEN_DOWN
2514        1561        1        2
2487        1561        1        2
2487        1535        1        2
2487        1508        1        2
2514        1508        1        2
2487        1508        1        2
2514        1508        1        2
2514        1535        1        2
2540        1535        1        2
2540        1561        1        2
2540        1588        1        2
2540        1614        1        2
2540        1640        1        2
2540        1667        1        2
2540        1693        1        2
2540        1720        1        2
2514        1746        1        2
2514        1773        1        2
2514        1799        1        2
2487        1799        1        2
2487        1826        1        2
2461        1852        1        2
2434        1879        1        2
2408        1905        1        2
2381        1931        1        2
2355        1958        1        2
2355        1984        1        2
2328        1984        1        2
2302        2011        1        2
2302        2037        1        2
2275        2064        1        2
2249        2090        1        2
2249        2117        1        2
2223        2143        1        2
2223        2170        1        2
2196        2196        1        2
2196        2223        1        2
2196        2249        1        2
2170        2275        1        2
2170        2302        1        2
2170        2328        1        2
2170        2355        1        2
2196        2355        1        2
2196        2381        1        2
2196        2408        1        2
2196        2434        1        2
2223        2434        1        2
2223        2461        1        2
2223        2487        1        2
2249        2487        1        2
2249        2514        1        2
2275        2514        1        2
2275        2540        1        2
2302        2540        1        2
2302        2566        1        2
2328        2566        1        2
2355        2566        1        2
2381        2566        1        2
2408        2593        1        2
2434        2566        1        2
2461        2566        1        2
2487        2566        1        2
2514        2566        1        2
2540        2566        1        2
2566        2566        1        2
2593        2566        1        2
2646        2540        1        2
2672        2540        1        2
2699        2540        1        2
2725        2514        1        2
2752        2514        1        2
2778        2487        1        2
2805        2487        1        2
2831        2461        1        2
2858        2461        1        2
2884        2434        1        2
2910        2434        1        2
2910        2408        1        2
2937        2408        1        2
2937        2381        1        2
2963        2381        1        2
2963        2355        1        2
2963        2328        1        2
2963        2302        1        2
2963        2275        1        2
2963        2249        1        2
2937        2249        1        2
2937        2223        1        2
2910        2223        1        2
2910        2196        1        2
2884        2196        1        2
2858        2196        1        2
2831        2196        1        2
2805        2196        1        2
2778        2196        1        2
2778        2223        1        2
2752        2223        1        2
2752        2249        1        2
2752        2275        1        2
2778        2302        1        2
2805        2275        1        2
2805        2249        1        2
2805        2223        1        2
2778        2223        1        2
2778        2196        1        2
PEN_UP                  0
PEN_DOWN
2461        1535        1        3
2487        1535        1        3
2514        1535        1        3
2540        1508        1        3
2566        1508        1        3
2593        1482        1        3
2619        1455        1        3
2619        1429        1        3
2646        1402        1        3
2646        1376        1        3
2646        1323        1        3
2646        1296        1        3
2646        1244        1        3
2619        1217        1        3
2593        1191        1        3
2566        1164        1        3
2514        1164        1        3
2461        1164        1        3
2408        1164        1        3
2355        1164        1        3
2302        1164        1        3
2249        1164        1        3
2223        1164        1        3
2196        1164        1        3
2170        1164        1        3
2143        1138        1        3
2117        1138        1        3
2090        1111        1        3
2090        1085        1        3
2064        1058        1        3
2037        1032        1        3
2037        1005        1        3
2011         979        1        3
2011         953        1        3
2011         926        1        3
1984         900        1        3
1984         873        1        3
1958         873        1        3
1958         847        1        3
1984         873        1        3
1984         900        1        3
1984         926        1        3
PEN_UP                  0
PEN_DOWN
2328        1508        1        4
2328        1482        1        4
2302        1482        1        4
2275        1482        1        4
2249        1482        1        4
2223        1482        1        4
2196        1482        1        4
2170        1482        1        4
2143        1508        1        4
2117        1508        1        4
2090        1508        1        4
2064        1508        1        4
2037        1535        1        4
2011        1535        1        4
2011        1561        1        4
1984        1561        1        4
1958        1561        1        4
1958        1588        1        4
1931        1588        1        4
1931        1614        1        4
1905        1614        1        4
1879        1640        1        4
1852        1667        1        4
1826        1693        1        4
1799        1720        1        4
1799        1746        1        4
1773        1746        1        4
1773        1773        1        4
1773        1799        1        4
1773        1826        1        4
1773        1852        1        4
1773        1879        1        4
1773        1905        1        4
1773        1931        1        4
1773        1958        1        4
1799        1958        1        4
1799        1984        1        4
1826        1984        1        4
1826        2011        1        4
1852        2011        1        4
1852        2037        1        4
1879        2037        1        4
1905        2037        1        4
1905        2064        1        4
1931        2064        1        4
1958        2064        1        4
1984        2064        1        4
2011        2064        1        4
2037        2064        1        4
2064        2064        1        4
2090        2064        1        4
2117        2064        1        4
2143        2037        1        4
2170        2037        1        4
2196        2037        1        4
2223        2037        1        4
2249        2037        1        4
2249        2011        1        4
2275        2011        1        4
2302        2011        1        4
2328        2011        1        4
2355        1984        1        4
2355        1958        1        4
2381        1958        1        4
PEN_UP                  0
PEN_DOWN
2011        1640        1        5
1984        1614        1        5
1958        1614        1        5
1958        1588        1        5
1958        1614        1        5
1984        1614        1        5
1984        1640        1        5
2011        1667        1        5
2011        1693        1        5
2037        1693        1        5
2064        1720        1        5
2090        1720        1        5
2090        1746        1        5
2117        1746        1        5
2143        1773        1        5
2170        1773        1        5
2170        1799        1        5
2196        1799        1        5
2223        1826        1        5
2249        1826        1        5
2275        1826        1        5
2275        1852        1        5
2302        1852        1        5
2328        1852        1        5
2328        1879        1        5
2355        1879        1        5
2381        1879        1        5
2381        1905        1        5
2408        1905        1        5
2434        1931        1        5
2461        1931        1        5
PEN_UP                  0
END_CHARACTER: FT
