CHARACTER_NAME: SSN
STROKE_COUNT: 3
  X           Y   STYLUS_STATE STROKE
PEN_DOWN
1588        1429        1        1
1561        1402        1        1
1561        1429        1        1
1561        1402        1        1
1535        1402        1        1
1561        1402        1        1
1588        1402        1        1
1640        1402        1        1
1693        1402        1        1
1746        1402        1        1
1799        1402        1        1
1879        1402        1        1
1931        1402        1        1
2011        1402        1        1
2064        1402        1        1
2143        1402        1        1
2196        1402        1        1
2249        1402        1        1
2328        1402        1        1
2381        1402        1        1
2434        1376        1        1
2487        1376        1        1
2540        1376        1        1
2593        1376        1        1
2646        1376        1        1
2725        1376        1        1
2778        1376        1        1
2858        1376        1        1
2910        1376        1        1
2990        1376        1        1
3069        1376        1        1
3122        1376        1        1
3175        1376        1        1
3228        1376        1        1
3254        1376        1        1
3281        1376        1        1
3307        1376        1        1
3334        1376        1        1
3360        1376        1        1
3387        1376        1        1
3413        1376        1        1
3440        1376        1        1
3466        1376        1        1
3519        1376        1        1
3545        1376        1        1
3572        1376        1        1
3598        1376        1        1
3625        1376        1        1
3598        1376        1        1
3572        1402        1        1
3545        1402        1        1
PEN_UP                  0
PEN_DOWN
1931        1746        1        2
1958        1773        1        2
1984        1799        1        2
2011        1799        1        2
2037        1799        1        2
2064        1799        1        2
2090        1799        1        2
2117        1799        1        2
2143        1799        1        2
2170        1799        1        2
2196        1799        1        2
2223        1799        1        2
2249        1773        1        2
2275        1773        1        2
2302        1773        1        2
2328        1746        1        2
2355        1746        1        2
2381        1746        1        2
2408        1720        1        2
2434        1720        1        2
2461        1720        1        2
2487        1693        1        2
2514        1693        1        2
2540        1693        1        2
2540        1667        1        2
2566        1667        1        2
2593        1667        1        2
2593        1640        1        2
2619        1640        1        2
2619        1614        1        2
2646        1614        1        2
2646        1588        1        2
2672        1588        1        2
2672        1561        1        2
2699        1535        1        2
2725        1508        1        2
2725        1482        1        2
2752        1482        1        2
2752        1455        1        2
2725        1482        1        2
2725        1508        1        2
2725        1535        1        2
2725        1561        1        2
2752        1561        1        2
2752        1588        1        2
2752        1614        1        2
2752        1640        1        2
2752        1667        1        2
2778        1667        1        2
2778        1693        1        2
2778        1720        1        2
2805        1720        1        2
2805        1746        1        2
2831        1773        1        2
2831        1799        1        2
2858        1799        1        2
2858        1826        1        2
2884        1852        1        2
2884        1879        1        2
2910        1879        1        2
2937        1879        1        2
2937        1905        1        2
2963        1905        1        2
2990        1905        1        2
3016        1905        1        2
3043        1905        1        2
3069        1905        1        2
3096        1879        1        2
3149        1879        1        2
3175        1879        1        2
3201        1852        1        2
3228        1852        1        2
3254        1826        1        2
3281        1826        1        2
3281        1799        1        2
3307        1799        1        2
3334        1773        1        2
3334        1746        1        2
3360        1746        1        2
3387        1720        1        2
3387        1693        1        2
3413        1693        1        2
3413        1667        1        2
3413        1640        1        2
3440        1614        1        2
3440        1588        1        2
3440        1561        1        2
3440        1535        1        2
3466        1508        1        2
3466        1482        1        2
3466        1455        1        2
3466        1429        1        2
3493        1429        1        2
3493        1402        1        2
3493        1376        1        2
3493        1349        1        2
3493        1376        1        2
3466        1402        1        2
3440        1402        1        2
PEN_UP                  0
PEN_DOWN
3096        2487        1        3
3122        2487        1        3
3122        2514        1        3
3096        2514        1        3
3096        2540        1        3
3069        2540        1        3
3043        2540        1        3
3016        2540        1        3
2990        2540        1        3
2963        2540        1        3
2937        2540        1        3
2910        2540        1        3
2884        2514        1        3
2884        2487        1        3
2884        2461        1        3
2884        2434        1        3
2910        2408        1        3
2937        2381        1        3
2990        2355        1        3
3016        2328        1        3
3043        2302        1        3
3096        2302        1        3
3122        2275        1        3
3149        2249        1        3
3175        2249        1        3
3201        2249        1        3
3228        2223        1        3
3254        2223        1        3
3281        2249        1        3
3307        2249        1        3
3334        2275        1        3
3360        2302        1        3
3360        2328        1        3
3387        2328        1        3
3413        2355        1        3
3413        2381        1        3
3440        2408        1        3
3440        2434        1        3
3466        2461        1        3
3466        2487        1        3
3466        2514        1        3
3440        2514        1        3
3440        2487        1        3
3413        2461        1        3
3413        2434        1        3
3413        2408        1        3
3413        2381        1        3
3413        2355        1        3
3413        2328        1        3
3440        2302        1        3
3440        2275        1        3
3440        2223        1        3
3440        2196        1        3
3466        2143        1        3
3466        2117        1        3
3440        2064        1        3
3466        2037        1        3
3466        1984        1        3
3466        1958        1        3
3466        1931        1        3
3466        1905        1        3
3466        1879        1        3
3466        1852        1        3
3466        1826        1        3
3466        1799        1        3
3466        1773        1        3
3466        1746        1        3
3466        1720        1        3
3466        1693        1        3
3466        1667        1        3
3466        1640        1        3
3466        1614        1        3
3466        1588        1        3
3466        1561        1        3
3466        1535        1        3
3466        1561        1        3
3466        1588        1        3
3440        1588        1        3
PEN_UP                  0
END_CHARACTER: SSN
