CHARACTER_NAME: HR
STROKE_COUNT: 3
  X           Y   STYLUS_STATE STROKE
PEN_DOWN
1296        1561        1        1
1270        1561        1        1
1244        1561        1        1
1270        1561        1        1
1296        1561        1        1
1323        1561        1        1
1376        1561        1        1
1429        1535        1        1
1482        1535        1        1
1561        1535        1        1
1640        1535        1        1
1720        1535        1        1
1799        1535        1        1
1879        1535        1        1
1958        1535        1        1
2011        1535        1        1
2090        1535        1        1
2143        1535        1        1
2196        1535        1        1
2223        1535        1        1
2275        1535        1        1
2328        1535        1        1
2381        1508        1        1
2434        1508        1        1
2487        1508        1        1
2540        1508        1        1
2566        1508        1        1
2619        1508        1        1
2672        1508        1        1
2699        1508        1        1
2725        1508        1        1
2752        1508        1        1
2805        1508        1        1
2858        1508        1        1
2910        1508        1        1
2963        1508        1        1
3016        1508        1        1
3069        1508        1        1
3096        1508        1        1
3122        1508        1        1
3149        1508        1        1
3175        1508        1        1
3201        1508        1        1
3175        1508        1        1
3149        1508        1        1
3122        1482        1        1
PEN_UP                  0
PEN_DOWN
1984        1773        1        2
2011        1773        1        2
2011        1799        1        2
2011        1826        1        2
1984        1826        1        2
1984        1852        1        2
1958        1879        1        2
1931        1879        1        2
1905        1905        1        2
1852        1905        1        2
1826        1905        1        2
1799        1905        1        2
1773        1879        1        2
1746        1852        1        2
1720        1852        1        2
1720        1826        1        2
1720        1799        1        2
1720        1773        1        2
1720        1746        1        2
1746        1746        1        2
1746        1720        1        2
1773        1693        1        2
1826        1693        1        2
1852        1667        1        2
1905        1667        1        2
1958        1667        1        2
2011        1640        1        2
2064        1640        1        2
2117        1667        1        2
2170        1667        1        2
2196        1693        1        2
2223        1693        1        2
2249        1720        1        2
2249        1773        1        2
2249        1799        1        2
2249        1852        1        2
2249        1879        1        2
2249        1931        1        2
2249        1984        1        2
2223        2064        1        2
2223        2117        1        2
2223        2170        1        2
2196        2249        1        2
2170        2302        1        2
2143        2355        1        2
2090        2408        1        2
2064        2461        1        2
2011        2514        1        2
1984        2540        1        2
1958        2593        1        2
1905        2619        1        2
1879        2646        1        2
1852        2672        1        2
1799        2699        1        2
1773        2699        1        2
1720        2725        1        2
1693        2725        1        2
1667        2752        1        2
1640        2752        1        2
1614        2752        1        2
1614        2725        1        2
1640        2725        1        2
1640        2699        1        2
1667        2699        1        2
1693        2672        1        2
1720        2672        1        2
1746        2646        1        2
1799        2646        1        2
1826        2646        1        2
1879        2646        1        2
1931        2646        1        2
1984        2646        1        2
2037        2646        1        2
2064        2646        1        2
2143        2672        1        2
2196        2699        1        2
2249        2725        1        2
2275        2725        1        2
2328        2752        1        2
2355        2778        1        2
2381        2778        1        2
2408        2805        1        2
2434        2805        1        2
2461        2805        1        2
2434        2778        1        2
PEN_UP                  0
PEN_DOWN
2275        1958        1        3
2249        1984        1        3
2223        1984        1        3
2249        1984        1        3
2275        1984        1        3
2302        1984        1        3
2328        1984        1        3
2355        1984        1        3
2408        1984        1        3
2461        1984        1        3
2487        1984        1        3
2540        1984        1        3
2566        1984        1        3
2593        1984        1        3
2619        1984        1        3
2646        1984        1        3
2646        2011        1        3
2646        2037        1        3
2646        2064        1        3
2646        2117        1        3
2646        2170        1        3
2646        2223        1        3
2646        2275        1        3
2646        2328        1        3
2646        2381        1        3
2646        2461        1        3
2646        2514        1        3
2646        2566        1        3
2646        2619        1        3
2646        2672        1        3
2646        2725        1        3
2646        2752        1        3
2646        2778        1        3
2646        2805        1        3
2646        2831        1        3
2646        2805        1        3
2619        2778        1        3
PEN_UP                  0
END_CHARACTER: HR
