CHARACTER_NAME: MRR
STROKE_COUNT: 3
  X           Y   STYLUS_STATE STROKE
PEN_DOWN
1482        1693        1        1
1455        1720        1        1
1482        1720        1        1
1508        1720        1        1
1561        1693        1        1
1614        1693        1        1
1693        1693        1        1
1773        1693        1        1
1879        1693        1        1
1984        1693        1        1
2090        1667        1        1
2170        1667        1        1
2275        1667        1        1
2381        1667        1        1
2487        1667        1        1
2593        1667        1        1
2699        1667        1        1
2831        1640        1        1
2937        1640        1        1
3016        1640        1        1
3122        1640        1        1
3175        1640        1        1
3228        1640        1        1
3281        1640        1        1
3307        1640        1        1
3334        1640        1        1
3360        1640        1        1
3334        1640        1        1
3307        1640        1        1
3254        1667        1        1
3201        1667        1        1
PEN_UP                  0
PEN_DOWN
2011        1720        1        2
1984        1746        1        2
1958        1746        1        2
1958        1773        1        2
1931        1799        1        2
1958        1826        1        2
1958        1852        1        2
1984        1879        1        2
2011        1905        1        2
2037        1958        1        2
2090        1984        1        2
2143        2037        1        2
2170        2090        1        2
2223        2117        1        2
2249        2170        1        2
2275        2223        1        2
2275        2249        1        2
2275        2302        1        2
2275        2355        1        2
2249        2408        1        2
2223        2434        1        2
2170        2487        1        2
2117        2540        1        2
2090        2566        1        2
2037        2593        1        2
2011        2593        1        2
1958        2619        1        2
1931        2619        1        2
1905        2646        1        2
1905        2619        1        2
1879        2619        1        2
1879        2593        1        2
1879        2566        1        2
1905        2540        1        2
1958        2514        1        2
1984        2487        1        2
2037        2461        1        2
2117        2434        1        2
2170        2408        1        2
2223        2381        1        2
2275        2381        1        2
2328        2381        1        2
2408        2355        1        2
2461        2355        1        2
2514        2381        1        2
2566        2381        1        2
2593        2408        1        2
2646        2434        1        2
2672        2434        1        2
2699        2487        1        2
2725        2514        1        2
2752        2540        1        2
2778        2566        1        2
2805        2593        1        2
2805        2646        1        2
2831        2672        1        2
2831        2699        1        2
2858        2725        1        2
2884        2752        1        2
2884        2778        1        2
2910        2778        1        2
2884        2778        1        2
2884        2752        1        2
2858        2725        1        2
2858        2699        1        2
2831        2699        1        2
2831        2672        1        2
2831        2646        1        2
2831        2619        1        2
2805        2593        1        2
2805        2566        1        2
2805        2540        1        2
2805        2514        1        2
2805        2461        1        2
2805        2408        1        2
2805        2328        1        2
2805        2275        1        2
2831        2196        1        2
2831        2143        1        2
2831        2090        1        2
2831        2037        1        2
2831        1984        1        2
2831        1958        1        2
2831        1905        1        2
2805        1879        1        2
2805        1826        1        2
2805        1799        1        2
2805        1773        1        2
2805        1746        1        2
2805        1720        1        2
2805        1693        1        2
2778        1720        1        2
2752        1720        1        2
2725        1746        1        2
2699        1773        1        2
PEN_UP                  0
PEN_DOWN
2910        2805        1        3
2884        2778        1        3
2858        2778        1        3
2858        2752        1        3
2831        2752        1        3
2805        2725        1        3
2778        2725        1        3
2725        2725        1        3
2699        2725        1        3
2672        2725        1        3
2646        2725        1        3
2619        2725        1        3
2566        2725        1        3
2540        2725        1        3
2514        2752        1        3
2461        2752        1        3
2408        2778        1        3
2381        2805        1        3
2328        2831        1        3
2249        2858        1        3
2196        2858        1        3
2143        2884        1        3
2117        2910        1        3
2064        2937        1        3
2037        2937        1        3
1984        2963        1        3
1931        2963        1        3
1879        2963        1        3
1826        2963        1        3
1746        2963        1        3
1667        2937        1        3
1588        2937        1        3
1535        2910        1        3
1455        2884        1        3
1402        2858        1        3
1349        2858        1        3
1323        2831        1        3
1270        2805        1        3
1244        2778        1        3
1217        2752        1        3
1191        2699        1        3
1164        2672        1        3
1138        2619        1        3
1111        2593        1        3
1111        2566        1        3
1085        2540        1        3
1085        2514        1        3
1058        2487        1        3
1058        2461        1        3
PEN_UP                  0
END_CHARACTER: MRR
