CHARACTER_NAME: DSR
STROKE_COUNT: 3
  X           Y   STYLUS_STATE STROKE
PEN_DOWN
1376        1561        1        1
1349        1561        1        1
1323        1561        1        1
1296        1561        1        1
1270        1561        1        1
1270        1535        1        1
1244        1561        1        1
1217        1561        1        1
1191        1561        1        1
1164        1561        1        1
1138        1561        1        1
1164        1561        1        1
1164        1588        1        1
1191        1588        1        1
1217        1588        1        1
1270        1588        1        1
1323        1588        1        1
1376        1588        1        1
1429        1588        1        1
1508        1588        1        1
1588        1588        1        1
1667        1588        1        1
1746        1588        1        1
1826        1588        1        1
1905        1588        1        1
1984        1588        1        1
2037        1588        1        1
2117        1588        1        1
2196        1588        1        1
2275        1588        1        1
2355        1588        1        1
2434        1561        1        1
2514        1561        1        1
2566        1561        1        1
2619        1561        1        1
2672        1561        1        1
2699        1561        1        1
2725        1561        1        1
2752        1561        1        1
2778        1561        1        1
2805        1561        1        1
2831        1561        1        1
2805        1561        1        1
PEN_UP                  0
PEN_DOWN
1879        1640        1        2
1905        1640        1        2
1905        1667        1        2
1931        1667        1        2
1958        1667        1        2
1984        1693        1        2
2011        1693        1        2
2037        1720        1        2
2064        1746        1        2
2064        1773        1        2
2090        1826        1        2
2090        1852        1        2
2117        1905        1        2
2117        1958        1        2
2090        2011        1        2
2064        2064        1        2
2037        2117        1        2
1984        2170        1        2
1931        2223        1        2
1879        2275        1        2
1826        2302        1        2
1799        2328        1        2
1773        2355        1        2
1746        2381        1        2
1720        2381        1        2
1720        2408        1        2
1693        2408        1        2
1720        2381        1        2
1746        2381        1        2
PEN_UP                  0
PEN_DOWN
2117        2011        1        3
2143        1984        1        3
2170        1984        1        3
2170        1958        1        3
2196        1958        1        3
2223        1958        1        3
2249        1931        1        3
2275        1931        1        3
2302        1958        1        3
2328        1958        1        3
2355        1958        1        3
2381        1984        1        3
2434        2011        1        3
2461        2037        1        3
2487        2064        1        3
2514        2090        1        3
2540        2117        1        3
2566        2170        1        3
2566        2196        1        3
2593        2249        1        3
2593        2275        1        3
2619        2328        1        3
2619        2355        1        3
2646        2381        1        3
2646        2408        1        3
2646        2434        1        3
2646        2461        1        3
2646        2487        1        3
2646        2514        1        3
2646        2487        1        3
2619        2461        1        3
2619        2434        1        3
2619        2408        1        3
2619        2381        1        3
2646        2328        1        3
2646        2302        1        3
2646        2249        1        3
2646        2223        1        3
2646        2170        1        3
2646        2117        1        3
2646        2090        1        3
2646        2037        1        3
2646        1984        1        3
2646        1931        1        3
2646        1905        1        3
2646        1852        1        3
2646        1826        1        3
2646        1773        1        3
2646        1746        1        3
2646        1720        1        3
2646        1693        1        3
2646        1667        1        3
2646        1640        1        3
2646        1667        1        3
2619        1693        1        3
2619        1720        1        3
2619        1746        1        3
2619        1773        1        3
2619        1799        1        3
2619        1826        1        3
2619        1852        1        3
2619        1879        1        3
2619        1931        1        3
2619        1958        1        3
2619        1984        1        3
2619        2037        1        3
2619        2064        1        3
2619        2090        1        3
2619        2143        1        3
2619        2170        1        3
2619        2196        1        3
2619        2249        1        3
2619        2275        1        3
2619        2302        1        3
2619        2328        1        3
2619        2355        1        3
2619        2381        1        3
2619        2408        1        3
2619        2434        1        3
2619        2461        1        3
2619        2487        1        3
2619        2514        1        3
2619        2540        1        3
2619        2566        1        3
2593        2593        1        3
2593        2619        1        3
2593        2646        1        3
2593        2672        1        3
2593        2699        1        3
2593        2725        1        3
2593        2752        1        3
2593        2778        1        3
2593        2805        1        3
2566        2831        1        3
2593        2858        1        3
2593        2831        1        3
2566        2831        1        3
2593        2831        1        3
2593        2805        1        3
2593        2778        1        3
2593        2752        1        3
2593        2725        1        3
2593        2699        1        3
2566        2699        1        3
2566        2672        1        3
2540        2672        1        3
2514        2672        1        3
2487        2672        1        3
2487        2699        1        3
2461        2699        1        3
2434        2699        1        3
2408        2699        1        3
2381        2725        1        3
2328        2725        1        3
2302        2725        1        3
2275        2752        1        3
2249        2752        1        3
2223        2752        1        3
2196        2778        1        3
2170        2778        1        3
2143        2805        1        3
2117        2805        1        3
2117        2831        1        3
2090        2831        1        3
2064        2858        1        3
2037        2858        1        3
2011        2884        1        3
1984        2884        1        3
1958        2910        1        3
1931        2910        1        3
1931        2937        1        3
1905        2937        1        3
1879        2963        1        3
1826        2963        1        3
1799        2990        1        3
1773        2990        1        3
1720        2990        1        3
1693        3016        1        3
1667        3016        1        3
1614        2990        1        3
1588        2990        1        3
1535        2990        1        3
1508        2963        1        3
1455        2963        1        3
1429        2937        1        3
1376        2937        1        3
1349        2910        1        3
1296        2884        1        3
1270        2858        1        3
1244        2831        1        3
1191        2805        1        3
1164        2752        1        3
1138        2725        1        3
1111        2699        1        3
1085        2672        1        3
1058        2646        1        3
1032        2619        1        3
1032        2593        1        3
1005        2566        1        3
 979        2540        1        3
 979        2514        1        3
 953        2487        1        3
 953        2461        1        3
 926        2461        1        3
 953        2461        1        3
 979        2461        1        3
 979        2434        1        3
PEN_UP                  0
END_CHARACTER: DSR
