CHARACTER_NAME: TINI
STROKE_COUNT: 1
  X           Y   STYLUS_STATE STROKE
PEN_DOWN
2778        1429        1        1
2805        1429        1        1
2805        1455        1        1
2805        1482        1        1
2831        1482        1        1
2831        1508        1        1
2805        1535        1        1
2778        1561        1        1
2752        1561        1        1
2725        1561        1        1
2699        1561        1        1
2672        1561        1        1
2646        1561        1        1
2619        1561        1        1
2593        1535        1        1
2566        1535        1        1
2566        1508        1        1
2540        1508        1        1
2540        1482        1        1
2540        1455        1        1
2566        1455        1        1
2566        1429        1        1
2593        1429        1        1
2619        1402        1        1
2646        1402        1        1
2672        1402        1        1
2699        1376        1        1
2725        1376        1        1
2778        1376        1        1
2805        1402        1        1
2831        1402        1        1
2858        1429        1        1
2884        1429        1        1
2884        1455        1        1
2910        1455        1        1
2937        1482        1        1
2937        1508        1        1
2963        1535        1        1
2990        1561        1        1
2990        1588        1        1
3016        1614        1        1
3016        1640        1        1
3016        1667        1        1
3016        1693        1        1
3016        1720        1        1
3016        1746        1        1
3016        1773        1        1
2990        1799        1        1
2990        1826        1        1
2963        1852        1        1
2937        1879        1        1
2937        1905        1        1
2910        1931        1        1
2884        1958        1        1
2858        1984        1        1
2831        1984        1        1
2805        2011        1        1
2778        2011        1        1
2752        2037        1        1
2699        2037        1        1
2672        2064        1        1
2619        2064        1        1
2566        2064        1        1
2540        2064        1        1
2487        2064        1        1
2461        2037        1        1
2408        2037        1        1
2381        2011        1        1
2328        1984        1        1
2302        1958        1        1
2275        1905        1        1
2249        1879        1        1
2223        1852        1        1
2196        1799        1        1
2170        1746        1        1
2170        1720        1        1
2143        1667        1        1
2143        1614        1        1
2143        1588        1        1
2143        1535        1        1
2143        1482        1        1
2143        1455        1        1
2143        1429        1        1
2143        1376        1        1
2143        1349        1        1
2143        1323        1        1
2117        1296        1        1
2117        1270        1        1
2143        1270        1        1
2117        1244        1        1
2117        1270        1        1
2117        1296        1        1
2117        1323        1        1
PEN_UP                  0
END_CHARACTER: TINI
