CHARACTER_NAME: NAA
STROKE_COUNT: 1
  X           Y   STYLUS_STATE STROKE
PEN_DOWN
1720        1852        1        1
1746        1879        1        1
1720        1905        1        1
1693        1931        1        1
1667        1931        1        1
1640        1958        1        1
1614        1958        1        1
1588        1958        1        1
1561        1958        1        1
1535        1958        1        1
1508        1931        1        1
1482        1931        1        1
1455        1905        1        1
1455        1879        1        1
1455        1852        1        1
1455        1826        1        1
1482        1799        1        1
1508        1799        1        1
1535        1773        1        1
1561        1773        1        1
1614        1746        1        1
1667        1746        1        1
1746        1720        1        1
1826        1720        1        1
1879        1720        1        1
1958        1746        1        1
2011        1746        1        1
2064        1746        1        1
2117        1773        1        1
2143        1799        1        1
2170        1826        1        1
2196        1852        1        1
2223        1879        1        1
2223        1931        1        1
2249        1984        1        1
2249        2037        1        1
2249        2090        1        1
2249        2143        1        1
2223        2196        1        1
2223        2249        1        1
2196        2302        1        1
2170        2355        1        1
2170        2408        1        1
2143        2434        1        1
2090        2487        1        1
2064        2514        1        1
2037        2540        1        1
2011        2566        1        1
1984        2566        1        1
1984        2593        1        1
1958        2593        1        1
1931        2619        1        1
1931        2593        1        1
1958        2593        1        1
1984        2593        1        1
1984        2566        1        1
2011        2566        1        1
2064        2566        1        1
2090        2540        1        1
2117        2540        1        1
2170        2540        1        1
2223        2514        1        1
2275        2487        1        1
2328        2487        1        1
2381        2461        1        1
2434        2434        1        1
2487        2381        1        1
2540        2355        1        1
2593        2302        1        1
2619        2249        1        1
2646        2196        1        1
2672        2143        1        1
2699        2090        1        1
2699        2037        1        1
2725        1984        1        1
2725        1931        1        1
2725        1905        1        1
2699        1852        1        1
2699        1826        1        1
2672        1799        1        1
2646        1746        1        1
2593        1720        1        1
2566        1667        1        1
2514        1640        1        1
2487        1614        1        1
2434        1588        1        1
2381        1561        1        1
2302        1561        1        1
2249        1535        1        1
2196        1535        1        1
2117        1508        1        1
2064        1508        1        1
1984        1482        1        1
1931        1482        1        1
1879        1455        1        1
1826        1455        1        1
1773        1429        1        1
1746        1402        1        1
1720        1402        1        1
1693        1376        1        1
1667        1349        1        1
1640        1323        1        1
1614        1296        1        1
1614        1270        1        1
1588        1244        1        1
1588        1217        1        1
1561        1191        1        1
1561        1164        1        1
1535        1164        1        1
1535        1191        1        1
PEN_UP                  0
END_CHARACTER: NAA
