CHARACTER_NAME: JA
STROKE_COUNT: 3
  X           Y   STYLUS_STATE STROKE
PEN_DOWN
1429        1667        1        1
1402        1667        1        1
1429        1667        1        1
1455        1667        1        1
1482        1640        1        1
1508        1640        1        1
1535        1640        1        1
1561        1640        1        1
1588        1640        1        1
1640        1640        1        1
1667        1640        1        1
1720        1640        1        1
1746        1640        1        1
1799        1640        1        1
1852        1640        1        1
1905        1640        1        1
1958        1640        1        1
2011        1614        1        1
2064        1614        1        1
2117        1614        1        1
2196        1614        1        1
2249        1588        1        1
2302        1588        1        1
2381        1588        1        1
2461        1588        1        1
2540        1588        1        1
2619        1561        1        1
2672        1561        1        1
2752        1561        1        1
2831        1561        1        1
2910        1561        1        1
2963        1561        1        1
2990        1561        1        1
3043        1561        1        1
3069        1561        1        1
3096        1561        1        1
3069        1561        1        1
3069        1535        1        1
PEN_UP                  0
PEN_DOWN
2355        1693        1        2
2355        1667        1        2
2328        1667        1        2
2328        1693        1        2
2328        1720        1        2
2302        1720        1        2
2302        1746        1        2
2302        1773        1        2
2275        1799        1        2
2275        1826        1        2
2249        1852        1        2
2249        1879        1        2
2249        1905        1        2
2249        1931        1        2
2249        1958        1        2
2249        1984        1        2
2249        2011        1        2
2223        2037        1        2
2223        2064        1        2
2223        2117        1        2
2223        2143        1        2
2223        2170        1        2
2196        2223        1        2
2196        2249        1        2
2196        2302        1        2
2196        2328        1        2
2196        2355        1        2
2170        2381        1        2
2170        2408        1        2
2170        2434        1        2
2170        2461        1        2
2196        2434        1        2
2223        2434        1        2
2249        2408        1        2
2275        2408        1        2
2302        2381        1        2
2328        2355        1        2
2381        2355        1        2
2408        2328        1        2
2434        2302        1        2
2461        2302        1        2
2487        2275        1        2
2514        2275        1        2
2540        2249        1        2
2566        2249        1        2
2593        2249        1        2
2619        2249        1        2
2646        2249        1        2
2672        2249        1        2
2672        2275        1        2
2699        2275        1        2
2699        2302        1        2
2725        2328        1        2
2725        2355        1        2
2752        2381        1        2
2752        2408        1        2
2752        2434        1        2
2752        2461        1        2
2752        2487        1        2
2752        2514        1        2
2725        2540        1        2
2725        2566        1        2
2699        2593        1        2
2699        2619        1        2
2672        2646        1        2
2672        2672        1        2
2646        2699        1        2
2646        2725        1        2
2619        2725        1        2
2619        2752        1        2
2593        2778        1        2
2566        2805        1        2
2540        2831        1        2
2514        2831        1        2
2514        2858        1        2
2487        2858        1        2
2461        2858        1        2
2434        2884        1        2
2408        2884        1        2
2381        2910        1        2
2355        2910        1        2
2328        2910        1        2
2302        2910        1        2
2275        2910        1        2
2249        2910        1        2
2223        2910        1        2
2170        2910        1        2
2143        2910        1        2
2117        2910        1        2
2064        2910        1        2
2037        2910        1        2
2011        2910        1        2
1984        2910        1        2
1958        2884        1        2
1931        2884        1        2
1905        2884        1        2
1879        2858        1        2
1852        2858        1        2
1826        2831        1        2
1799        2831        1        2
1773        2805        1        2
1746        2805        1        2
1720        2778        1        2
1693        2752        1        2
1667        2752        1        2
1667        2725        1        2
1640        2699        1        2
1614        2672        1        2
1614        2646        1        2
1588        2619        1        2
1588        2593        1        2
1588        2566        1        2
1588        2540        1        2
1588        2514        1        2
1588        2487        1        2
1588        2461        1        2
1561        2434        1        2
1561        2408        1        2
1561        2381        1        2
1561        2355        1        2
1561        2328        1        2
1561        2302        1        2
1561        2275        1        2
1561        2249        1        2
1561        2223        1        2
1561        2196        1        2
1561        2170        1        2
1561        2143        1        2
1561        2117        1        2
1561        2090        1        2
1561        2064        1        2
1561        2037        1        2
1561        2011        1        2
1561        1984        1        2
1561        1958        1        2
1561        1931        1        2
1535        1931        1        2
1535        1905        1        2
1535        1931        1        2
1535        1958        1        2
PEN_UP                  0
PEN_DOWN
2355        1773        1        3
2328        1773        1        3
2328        1799        1        3
2355        1826        1        3
2355        1852        1        3
2355        1879        1        3
2381        1905        1        3
2381        1931        1        3
2408        1958        1        3
2408        1984        1        3
2434        2011        1        3
2434        2037        1        3
2461        2090        1        3
2514        2090        1        3
2540        2117        1        3
2619        2143        1        3
2672        2170        1        3
2725        2170        1        3
2778        2196        1        3
2831        2223        1        3
2884        2223        1        3
2910        2223        1        3
2963        2249        1        3
2990        2249        1        3
3016        2249        1        3
3043        2249        1        3
3069        2249        1        3
3096        2249        1        3
3122        2223        1        3
3149        2223        1        3
3175        2196        1        3
3201        2196        1        3
3228        2196        1        3
3228        2170        1        3
3254        2170        1        3
3281        2170        1        3
3281        2143        1        3
3307        2143        1        3
3281        2143        1        3
3254        2143        1        3
3228        2170        1        3
3201        2170        1        3
3175        2170        1        3
3175        2196        1        3
3149        2196        1        3
3149        2223        1        3
3149        2249        1        3
3122        2275        1        3
3122        2302        1        3
3122        2328        1        3
3096        2355        1        3
3096        2408        1        3
3096        2434        1        3
3122        2461        1        3
3122        2514        1        3
3122        2540        1        3
3122        2566        1        3
3149        2593        1        3
3149        2646        1        3
3175        2672        1        3
3201        2699        1        3
3228        2725        1        3
3254        2752        1        3
3281        2778        1        3
3307        2805        1        3
3334        2805        1        3
3360        2831        1        3
3387        2831        1        3
3413        2831        1        3
3440        2831        1        3
3466        2831        1        3
3493        2831        1        3
3519        2805        1        3
3493        2805        1        3
3493        2778        1        3
3466        2778        1        3
PEN_UP                  0
END_CHARACTER: JA
