CHARACTER_NAME: AA
STROKE_COUNT: 4
  X           Y   STYLUS_STATE STROKE
PEN_DOWN
1032        1905        1        1
1058        1905        1        1
1085        1905        1        1
1111        1905        1        1
1138        1905        1        1
1164        1905        1        1
1191        1905        1        1
1217        1905        1        1
1244        1905        1        1
1270        1905        1        1
1296        1905        1        1
1323        1905        1        1
1376        1905        1        1
1402        1905        1        1
1429        1905        1        1
1482        1905        1        1
1508        1905        1        1
1561        1905        1        1
1614        1905        1        1
1640        1879        1        1
1693        1879        1        1
1720        1879        1        1
1773        1879        1        1
1799        1879        1        1
1826        1879        1        1
1852        1879        1        1
1879        1879        1        1
1905        1879        1        1
1958        1879        1        1
1984        1852        1        1
2011        1852        1        1
2037        1852        1        1
2064        1852        1        1
2090        1852        1        1
2117        1852        1        1
2170        1852        1        1
2196        1852        1        1
2223        1852        1        1
2249        1852        1        1
2275        1826        1        1
2328        1852        1        1
2355        1826        1        1
2381        1826        1        1
2408        1826        1        1
2461        1826        1        1
2514        1826        1        1
2566        1826        1        1
2619        1826        1        1
2646        1826        1        1
2699        1826        1        1
2725        1826        1        1
2778        1826        1        1
2805        1826        1        1
2831        1826        1        1
2858        1826        1        1
2858        1799        1        1
2884        1799        1        1
2910        1799        1        1
2937        1799        1        1
2963        1799        1        1
2990        1799        1        1
3016        1799        1        1
3043        1799        1        1
3069        1799        1        1
3096        1799        1        1
3122        1773        1        1
3149        1773        1        1
3175        1773        1        1
3175        1799        1        1
3201        1773        1        1
3228        1773        1        1
3254        1773        1        1
3281        1773        1        1
3307        1773        1        1
3334        1773        1        1
3334        1746        1        1
3334        1773        1        1
3307        1773        1        1
3281        1773        1        1
3254        1799        1        1
PEN_UP                  0
PEN_DOWN
3016        1984        1        2
3016        2011        1        2
2990        2037        1        2
2963        2064        1        2
2937        2064        1        2
2910        2064        1        2
2884        2064        1        2
2858        2064        1        2
2831        2064        1        2
2805        2064        1        2
2805        2037        1        2
2805        2011        1        2
2831        1984        1        2
2858        1958        1        2
2884        1958        1        2
2884        1931        1        2
2910        1931        1        2
2937        1931        1        2
2963        1905        1        2
2990        1905        1        2
3016        1905        1        2
3043        1905        1        2
3069        1905        1        2
3096        1905        1        2
3122        1905        1        2
3122        1931        1        2
3149        1931        1        2
3149        1958        1        2
3149        1984        1        2
3175        1984        1        2
3175        2011        1        2
3175        2037        1        2
3175        2064        1        2
3175        2090        1        2
3201        2090        1        2
3201        2117        1        2
3201        2143        1        2
3201        2170        1        2
3201        2196        1        2
3201        2223        1        2
3201        2249        1        2
3201        2275        1        2
3175        2302        1        2
3175        2328        1        2
3175        2355        1        2
3149        2381        1        2
3149        2408        1        2
3149        2434        1        2
3122        2434        1        2
3122        2461        1        2
3122        2487        1        2
3096        2487        1        2
3096        2514        1        2
3069        2540        1        2
3043        2566        1        2
3016        2566        1        2
2990        2566        1        2
2990        2593        1        2
2963        2593        1        2
2937        2593        1        2
2937        2619        1        2
2910        2619        1        2
2884        2619        1        2
2858        2619        1        2
2858        2646        1        2
2831        2646        1        2
2778        2646        1        2
2752        2646        1        2
2725        2646        1        2
2699        2672        1        2
2672        2672        1        2
2619        2672        1        2
2593        2646        1        2
2566        2646        1        2
2540        2646        1        2
2514        2646        1        2
2461        2646        1        2
2434        2646        1        2
2408        2619        1        2
2381        2619        1        2
2355        2593        1        2
2328        2593        1        2
2302        2593        1        2
2275        2593        1        2
2275        2566        1        2
2249        2566        1        2
2223        2540        1        2
2196        2514        1        2
2170        2487        1        2
2143        2487        1        2
2143        2461        1        2
2117        2461        1        2
2117        2434        1        2
2090        2434        1        2
2090        2408        1        2
2064        2408        1        2
2064        2381        1        2
2037        2381        1        2
2037        2355        1        2
2037        2328        1        2
2011        2328        1        2
2011        2302        1        2
2011        2275        1        2
1984        2249        1        2
1984        2223        1        2
1984        2196        1        2
1984        2170        1        2
1958        2170        1        2
1958        2143        1        2
1958        2117        1        2
1958        2090        1        2
1958        2064        1        2
1984        2064        1        2
1984        2037        1        2
1984        2011        1        2
PEN_UP                  0
PEN_DOWN
3254        2302        1        3
3281        2302        1        3
3281        2275        1        3
3307        2249        1        3
3334        2223        1        3
3360        2223        1        3
3360        2196        1        3
3387        2196        1        3
3413        2196        1        3
3440        2196        1        3
3466        2196        1        3
3493        2223        1        3
3519        2223        1        3
3519        2249        1        3
3545        2249        1        3
3545        2275        1        3
3545        2302        1        3
3572        2328        1        3
3572        2355        1        3
3598        2381        1        3
3598        2408        1        3
3625        2434        1        3
3625        2461        1        3
3625        2487        1        3
3651        2514        1        3
3651        2540        1        3
3651        2566        1        3
3651        2540        1        3
3651        2514        1        3
3625        2514        1        3
3625        2487        1        3
3625        2461        1        3
3625        2434        1        3
3625        2408        1        3
3625        2381        1        3
3625        2328        1        3
3625        2302        1        3
3625        2275        1        3
3625        2249        1        3
3625        2223        1        3
3625        2196        1        3
3625        2170        1        3
3625        2143        1        3
3625        2117        1        3
3625        2090        1        3
3625        2064        1        3
3651        2064        1        3
3625        2037        1        3
3625        2011        1        3
3625        1984        1        3
3625        1958        1        3
3625        1931        1        3
3625        1905        1        3
3625        1879        1        3
3625        1852        1        3
3625        1826        1        3
3625        1799        1        3
PEN_UP                  0
PEN_DOWN
3678        1826        1        4
3704        1799        1        4
3731        1799        1        4
3757        1799        1        4
3784        1799        1        4
3810        1799        1        4
3836        1826        1        4
3863        1826        1        4
3889        1826        1        4
3889        1852        1        4
3916        1852        1        4
3916        1879        1        4
3942        1905        1        4
3942        1931        1        4
3942        1958        1        4
3969        1984        1        4
3969        2011        1        4
3969        2037        1        4
3969        2064        1        4
3995        2090        1        4
3995        2117        1        4
3995        2143        1        4
3995        2170        1        4
4022        2170        1        4
4022        2196        1        4
4022        2223        1        4
4022        2249        1        4
4022        2275        1        4
4048        2275        1        4
4048        2302        1        4
4048        2328        1        4
4048        2355        1        4
4048        2381        1        4
4048        2408        1        4
4048        2434        1        4
4048        2461        1        4
4048        2487        1        4
4048        2461        1        4
4048        2434        1        4
4048        2408        1        4
4048        2381        1        4
4048        2355        1        4
4048        2328        1        4
4022        2302        1        4
4048        2275        1        4
4048        2249        1        4
4048        2223        1        4
4048        2196        1        4
4048        2170        1        4
4075        2143        1        4
4075        2117        1        4
4075        2090        1        4
4075        2064        1        4
4075        2037        1        4
4075        2011        1        4
4075        1984        1        4
4048        1984        1        4
4048        1958        1        4
4048        1931        1        4
4048        1905        1        4
4048        1879        1        4
4048        1852        1        4
4048        1826        1        4
4048        1799        1        4
4048        1773        1        4
4022        1773        1        4
3995        1773        1        4
PEN_UP                  0
END_CHARACTER: AA
