CHARACTER_NAME: MTA
STROKE_COUNT: 3
  X           Y   STYLUS_STATE STROKE
PEN_DOWN
1217        1852        1        1
1244        1852        1        1
1270        1852        1        1
1296        1852        1        1
1323        1852        1        1
1349        1852        1        1
1376        1852        1        1
1402        1826        1        1
1429        1826        1        1
1455        1826        1        1
1482        1826        1        1
1508        1826        1        1
1535        1826        1        1
1561        1826        1        1
1588        1826        1        1
1614        1852        1        1
1667        1852        1        1
1720        1826        1        1
1773        1826        1        1
1852        1826        1        1
1931        1826        1        1
1984        1826        1        1
2064        1826        1        1
2090        1826        1        1
2143        1826        1        1
2170        1826        1        1
2196        1826        1        1
2223        1826        1        1
2249        1826        1        1
2275        1826        1        1
2302        1826        1        1
2328        1826        1        1
2381        1799        1        1
2408        1799        1        1
2434        1799        1        1
2487        1826        1        1
2514        1826        1        1
2540        1826        1        1
2566        1826        1        1
2593        1826        1        1
2646        1826        1        1
2672        1826        1        1
2725        1826        1        1
2805        1826        1        1
2858        1826        1        1
2910        1799        1        1
2963        1799        1        1
2990        1799        1        1
3016        1799        1        1
3069        1799        1        1
3096        1799        1        1
3122        1799        1        1
3149        1799        1        1
3175        1799        1        1
3201        1799        1        1
3228        1799        1        1
3254        1799        1        1
3281        1799        1        1
3307        1799        1        1
3360        1799        1        1
3387        1799        1        1
3413        1799        1        1
3440        1799        1        1
3466        1799        1        1
3493        1799        1        1
3466        1799        1        1
3440        1799        1        1
3413        1799        1        1
3387        1799        1        1
PEN_UP                  0
PEN_DOWN
1852        1905        1        2
1852        1931        1        2
1852        1958        1        2
1852        1984        1        2
1852        2011        1        2
1852        2037        1        2
1826        2037        1        2
1826        2064        1        2
1826        2090        1        2
1826        2117        1        2
1826        2143        1        2
1826        2170        1        2
1826        2196        1        2
1826        2223        1        2
1826        2249        1        2
1826        2275        1        2
1826        2302        1        2
1826        2328        1        2
1826        2355        1        2
1826        2381        1        2
1826        2408        1        2
1826        2434        1        2
1826        2487        1        2
1826        2514        1        2
1799        2540        1        2
1799        2566        1        2
1799        2593        1        2
1799        2619        1        2
1773        2646        1        2
1773        2672        1        2
1773        2699        1        2
1773        2725        1        2
1773        2752        1        2
1773        2778        1        2
1746        2805        1        2
1746        2831        1        2
1746        2858        1        2
1746        2884        1        2
1746        2910        1        2
1746        2937        1        2
1746        2963        1        2
1746        2990        1        2
1746        3016        1        2
1773        3043        1        2
1773        3069        1        2
1773        3096        1        2
1773        3122        1        2
1773        3149        1        2
1773        3175        1        2
1773        3201        1        2
1773        3228        1        2
1773        3254        1        2
1773        3281        1        2
1799        3281        1        2
1799        3307        1        2
1826        3334        1        2
1852        3334        1        2
1879        3334        1        2
1905        3334        1        2
1931        3334        1        2
1958        3307        1        2
1984        3307        1        2
2011        3307        1        2
2037        3281        1        2
2064        3281        1        2
2090        3254        1        2
2117        3228        1        2
2143        3201        1        2
2170        3201        1        2
2170        3175        1        2
2196        3149        1        2
2223        3149        1        2
2223        3122        1        2
2249        3096        1        2
2249        3069        1        2
2275        3043        1        2
2275        3016        1        2
2302        2990        1        2
2302        2963        1        2
2302        2937        1        2
2302        2910        1        2
2275        2884        1        2
2275        2858        1        2
2249        2831        1        2
2223        2805        1        2
2196        2805        1        2
2170        2778        1        2
2143        2778        1        2
2117        2752        1        2
2090        2752        1        2
2064        2752        1        2
2064        2778        1        2
2037        2778        1        2
2011        2778        1        2
1984        2805        1        2
1958        2805        1        2
1958        2831        1        2
1931        2831        1        2
1931        2858        1        2
1905        2858        1        2
1905        2884        1        2
1931        2884        1        2
1931        2910        1        2
1958        2910        1        2
1984        2910        1        2
1984        2937        1        2
2011        2937        1        2
2037        2910        1        2
2064        2910        1        2
2090        2910        1        2
2117        2910        1        2
2117        2884        1        2
2143        2884        1        2
2143        2858        1        2
2170        2831        1        2
2170        2805        1        2
2143        2805        1        2
2143        2778        1        2
2117        2778        1        2
2090        2752        1        2
2064        2752        1        2
2037        2752        1        2
2037        2725        1        2
PEN_UP                  0
PEN_DOWN
1905        1879        1        3
1905        1852        1        3
1931        1852        1        3
1931        1826        1        3
1931        1799        1        3
1931        1773        1        3
1931        1746        1        3
1905        1746        1        3
1905        1720        1        3
1879        1720        1        3
1852        1693        1        3
1826        1693        1        3
1799        1693        1        3
1773        1667        1        3
1746        1667        1        3
1720        1667        1        3
1693        1667        1        3
1640        1667        1        3
1614        1667        1        3
1588        1667        1        3
1535        1667        1        3
1508        1667        1        3
1455        1667        1        3
1429        1667        1        3
1376        1667        1        3
1349        1640        1        3
1296        1640        1        3
1270        1640        1        3
1244        1640        1        3
1191        1640        1        3
1164        1614        1        3
1138        1614        1        3
1111        1588        1        3
1085        1588        1        3
1058        1561        1        3
1058        1535        1        3
1032        1508        1        3
1032        1455        1        3
1005        1429        1        3
1005        1402        1        3
1005        1376        1        3
 979        1323        1        3
 979        1296        1        3
 979        1270        1        3
 979        1244        1        3
 979        1217        1        3
 979        1191        1        3
 979        1164        1        3
 979        1138        1        3
 979        1111        1        3
 979        1138        1        3
1005        1164        1        3
PEN_UP                  0
END_CHARACTER: MTA
