CHARACTER_NAME: MDHA
STROKE_COUNT: 2
  X           Y   STYLUS_STATE STROKE
PEN_DOWN
1244        1746        1        1
1217        1746        1        1
1244        1746        1        1
1270        1746        1        1
1296        1746        1        1
1323        1746        1        1
1349        1746        1        1
1402        1746        1        1
1429        1746        1        1
1482        1746        1        1
1535        1746        1        1
1588        1746        1        1
1640        1746        1        1
1693        1746        1        1
1746        1746        1        1
1799        1720        1        1
1879        1720        1        1
1931        1720        1        1
1984        1720        1        1
2037        1720        1        1
2117        1720        1        1
2170        1693        1        1
2223        1693        1        1
2275        1693        1        1
2355        1693        1        1
2434        1693        1        1
2514        1667        1        1
2593        1667        1        1
2646        1667        1        1
2725        1667        1        1
2778        1667        1        1
2805        1667        1        1
2831        1667        1        1
2858        1667        1        1
2884        1667        1        1
2910        1667        1        1
2937        1667        1        1
2963        1667        1        1
2990        1667        1        1
3016        1667        1        1
3043        1667        1        1
3069        1667        1        1
3096        1667        1        1
3122        1640        1        1
3175        1640        1        1
3201        1640        1        1
3228        1640        1        1
3281        1640        1        1
3307        1640        1        1
3334        1640        1        1
3334        1614        1        1
3307        1614        1        1
3281        1614        1        1
3228        1614        1        1
PEN_UP                  0
PEN_DOWN
2090        1720        1        2
2090        1746        1        2
2090        1773        1        2
2090        1799        1        2
2090        1826        1        2
2090        1852        1        2
2064        1879        1        2
2064        1905        1        2
2064        1931        1        2
2064        1958        1        2
2064        1984        1        2
2064        2011        1        2
2064        2037        1        2
2064        2090        1        2
2064        2117        1        2
2064        2143        1        2
2064        2196        1        2
2064        2223        1        2
2064        2249        1        2
2064        2275        1        2
2064        2328        1        2
2064        2355        1        2
2064        2381        1        2
2064        2434        1        2
2064        2461        1        2
2064        2487        1        2
2064        2540        1        2
2064        2566        1        2
2064        2593        1        2
2064        2619        1        2
2037        2646        1        2
2037        2699        1        2
2037        2725        1        2
2037        2752        1        2
2037        2778        1        2
2037        2805        1        2
2037        2831        1        2
2037        2858        1        2
2037        2884        1        2
2064        2910        1        2
2064        2937        1        2
2064        2963        1        2
2064        2990        1        2
2064        3016        1        2
2064        3043        1        2
2064        3069        1        2
2090        3096        1        2
2090        3122        1        2
2090        3149        1        2
2117        3149        1        2
2117        3175        1        2
2143        3175        1        2
2170        3175        1        2
2196        3175        1        2
2223        3175        1        2
2249        3175        1        2
2275        3149        1        2
2302        3149        1        2
2328        3122        1        2
2355        3122        1        2
2381        3096        1        2
2408        3096        1        2
2434        3069        1        2
2461        3043        1        2
2487        3043        1        2
2514        3016        1        2
2514        2990        1        2
2540        2990        1        2
2566        2963        1        2
2566        2937        1        2
2593        2910        1        2
2593        2884        1        2
2619        2858        1        2
2619        2831        1        2
2646        2805        1        2
2646        2778        1        2
2672        2752        1        2
2672        2725        1        2
2672        2699        1        2
2672        2672        1        2
2699        2646        1        2
2699        2619        1        2
2699        2593        1        2
2699        2566        1        2
2699        2540        1        2
2699        2514        1        2
2699        2487        1        2
2699        2461        1        2
2699        2434        1        2
2672        2408        1        2
2672        2381        1        2
2672        2355        1        2
2646        2328        1        2
2646        2302        1        2
2619        2275        1        2
2593        2249        1        2
2566        2249        1        2
2566        2223        1        2
2540        2223        1        2
2514        2249        1        2
2487        2249        1        2
2461        2249        1        2
2434        2275        1        2
2408        2302        1        2
2381        2302        1        2
2381        2328        1        2
2355        2355        1        2
2355        2381        1        2
2381        2408        1        2
2381        2434        1        2
2408        2434        1        2
2408        2461        1        2
2434        2461        1        2
2461        2461        1        2
2487        2461        1        2
2514        2461        1        2
2514        2434        1        2
2540        2434        1        2
2566        2434        1        2
2566        2408        1        2
2593        2408        1        2
2593        2381        1        2
2619        2381        1        2
2619        2355        1        2
2619        2328        1        2
2619        2302        1        2
2593        2275        1        2
2593        2249        1        2
2566        2223        1        2
2540        2223        1        2
2540        2249        1        2
2514        2249        1        2
2487        2249        1        2
PEN_UP                  0
END_CHARACTER: MDHA
