CHARACTER_NAME: KTA
STROKE_COUNT: 1
  X           Y   STYLUS_STATE STROKE
PEN_DOWN
1826        1693        1        1
1799        1720        1        1
1799        1746        1        1
1773        1746        1        1
1773        1773        1        1
1799        1799        1        1
1799        1826        1        1
1826        1852        1        1
1879        1879        1        1
1905        1879        1        1
1958        1879        1        1
1984        1852        1        1
2037        1852        1        1
2064        1852        1        1
2117        1826        1        1
2143        1799        1        1
2170        1799        1        1
2170        1773        1        1
2196        1746        1        1
2223        1746        1        1
2223        1720        1        1
2223        1693        1        1
2249        1693        1        1
2249        1667        1        1
2223        1640        1        1
2223        1614        1        1
2196        1588        1        1
2170        1561        1        1
2143        1561        1        1
2117        1535        1        1
2090        1535        1        1
2064        1535        1        1
2037        1535        1        1
1984        1561        1        1
1958        1561        1        1
1931        1561        1        1
1879        1561        1        1
1852        1561        1        1
1826        1588        1        1
1799        1588        1        1
1773        1588        1        1
1746        1588        1        1
1746        1614        1        1
1720        1614        1        1
1693        1640        1        1
1693        1667        1        1
1667        1693        1        1
1667        1720        1        1
1640        1746        1        1
1640        1773        1        1
1640        1799        1        1
1640        1826        1        1
1667        1852        1        1
1667        1905        1        1
1667        1931        1        1
1693        1958        1        1
1693        2011        1        1
1720        2037        1        1
1746        2090        1        1
1773        2117        1        1
1799        2170        1        1
1826        2223        1        1
1852        2249        1        1
1879        2302        1        1
1931        2328        1        1
1958        2381        1        1
1984        2408        1        1
2011        2461        1        1
2064        2487        1        1
2090        2540        1        1
2117        2566        1        1
2143        2593        1        1
2170        2619        1        1
2223        2646        1        1
2249        2672        1        1
2275        2699        1        1
2275        2725        1        1
2302        2752        1        1
2328        2752        1        1
2328        2778        1        1
2328        2805        1        1
2328        2831        1        1
2302        2858        1        1
2302        2884        1        1
2275        2884        1        1
2275        2910        1        1
2249        2937        1        1
2223        2963        1        1
PEN_UP                  0
END_CHARACTER: KTA
