CHARACTER_NAME: TT
STROKE_COUNT: 4
  X           Y   STYLUS_STATE STROKE
PEN_DOWN
1270        1720        1        1
1270        1746        1        1
1296        1720        1        1
1323        1720        1        1
1349        1720        1        1
1402        1720        1        1
1455        1720        1        1
1535        1720        1        1
1614        1720        1        1
1693        1720        1        1
1773        1720        1        1
1879        1720        1        1
1958        1720        1        1
2064        1693        1        1
2143        1693        1        1
2223        1693        1        1
2328        1693        1        1
2408        1693        1        1
2514        1693        1        1
2593        1693        1        1
2699        1693        1        1
2805        1693        1        1
2884        1693        1        1
2963        1693        1        1
3043        1667        1        1
3096        1667        1        1
3149        1667        1        1
3175        1667        1        1
3228        1667        1        1
3254        1667        1        1
3281        1667        1        1
3307        1667        1        1
3334        1667        1        1
3360        1640        1        1
3387        1640        1        1
3387        1614        1        1
3360        1614        1        1
3334        1614        1        1
PEN_UP                  0
PEN_DOWN
2090        1746        1        2
2117        1746        1        2
2117        1773        1        2
2117        1799        1        2
2143        1799        1        2
2143        1826        1        2
2143        1852        1        2
2143        1879        1        2
2143        1905        1        2
2143        1958        1        2
2170        1984        1        2
2170        2011        1        2
2170        2064        1        2
2170        2090        1        2
2170        2143        1        2
2170        2170        1        2
2170        2223        1        2
2170        2249        1        2
2143        2302        1        2
2143        2355        1        2
2143        2381        1        2
2143        2408        1        2
2143        2461        1        2
2143        2487        1        2
2143        2514        1        2
2117        2540        1        2
2117        2566        1        2
2117        2593        1        2
2117        2619        1        2
2117        2646        1        2
2117        2672        1        2
2117        2699        1        2
2117        2725        1        2
2117        2752        1        2
2117        2778        1        2
2117        2805        1        2
2117        2831        1        2
2117        2858        1        2
2117        2884        1        2
2117        2910        1        2
2143        2910        1        2
2143        2937        1        2
2170        2937        1        2
2170        2963        1        2
2196        2963        1        2
2223        2963        1        2
2249        2963        1        2
2275        2963        1        2
2302        2963        1        2
2328        2963        1        2
2355        2963        1        2
2381        2963        1        2
2408        2937        1        2
2461        2937        1        2
2487        2937        1        2
2514        2910        1        2
2566        2910        1        2
2593        2884        1        2
2619        2884        1        2
2646        2884        1        2
2672        2858        1        2
2699        2831        1        2
2725        2831        1        2
2752        2805        1        2
2778        2778        1        2
2805        2778        1        2
2831        2752        1        2
2831        2725        1        2
2858        2725        1        2
2858        2699        1        2
2884        2699        1        2
2884        2672        1        2
2884        2646        1        2
2910        2619        1        2
2884        2593        1        2
2884        2566        1        2
2884        2540        1        2
2884        2514        1        2
2858        2514        1        2
2858        2487        1        2
2831        2487        1        2
2831        2461        1        2
2805        2461        1        2
2805        2434        1        2
2778        2434        1        2
2778        2408        1        2
2752        2408        1        2
2725        2408        1        2
2699        2408        1        2
2672        2434        1        2
2646        2434        1        2
2619        2434        1        2
2619        2461        1        2
2593        2461        1        2
2593        2487        1        2
2593        2514        1        2
2593        2540        1        2
2619        2540        1        2
2619        2566        1        2
2646        2566        1        2
2646        2593        1        2
2672        2593        1        2
2699        2593        1        2
2725        2593        1        2
2752        2593        1        2
2778        2593        1        2
2805        2593        1        2
2831        2593        1        2
2858        2566        1        2
2884        2540        1        2
2910        2514        1        2
2937        2487        1        2
2910        2487        1        2
2884        2487        1        2
2858        2461        1        2
2805        2461        1        2
2778        2461        1        2
PEN_UP                  0
PEN_DOWN
2937        1693        1        3
2963        1667        1        3
2990        1640        1        3
2990        1614        1        3
2990        1588        1        3
2990        1561        1        3
2990        1535        1        3
2990        1508        1        3
2963        1508        1        3
2963        1482        1        3
2937        1482        1        3
2910        1455        1        3
2884        1455        1        3
2858        1429        1        3
2805        1429        1        3
2778        1402        1        3
2752        1402        1        3
2725        1402        1        3
2699        1402        1        3
2699        1376        1        3
2672        1376        1        3
2646        1376        1        3
2619        1376        1        3
2593        1376        1        3
2566        1376        1        3
2540        1376        1        3
2514        1376        1        3
2461        1376        1        3
2434        1376        1        3
2408        1376        1        3
2381        1376        1        3
2355        1376        1        3
2328        1376        1        3
2302        1376        1        3
2275        1376        1        3
2249        1349        1        3
2223        1349        1        3
2196        1349        1        3
2196        1323        1        3
2170        1296        1        3
2143        1296        1        3
2117        1270        1        3
2090        1244        1        3
2090        1217        1        3
2064        1217        1        3
2064        1191        1        3
2037        1164        1        3
2011        1138        1        3
2011        1111        1        3
2011        1085        1        3
1984        1032        1        3
1984        1005        1        3
1958         979        1        3
1958         953        1        3
1931         926        1        3
1931         873        1        3
1931         847        1        3
1931         820        1        3
1931         794        1        3
1931         767        1        3
1958         741        1        3
1958         714        1        3
1958         688        1        3
1958         714        1        3
1984         714        1        3
2011         714        1        3
PEN_UP                  0
PEN_DOWN
2540        2963        1        4
2540        2990        1        4
2566        2990        1        4
2566        3016        1        4
2566        3043        1        4
2566        3069        1        4
2566        3096        1        4
2593        3122        1        4
2566        3149        1        4
2566        3175        1        4
2566        3201        1        4
2566        3228        1        4
2540        3254        1        4
2540        3281        1        4
2514        3307        1        4
2514        3334        1        4
2487        3360        1        4
2461        3387        1        4
2434        3413        1        4
2408        3440        1        4
2381        3440        1        4
2355        3466        1        4
2328        3466        1        4
2302        3466        1        4
2275        3466        1        4
2249        3493        1        4
2223        3493        1        4
2196        3493        1        4
2170        3493        1        4
2143        3493        1        4
2117        3493        1        4
2117        3466        1        4
2090        3466        1        4
2064        3466        1        4
2037        3466        1        4
2011        3440        1        4
1984        3440        1        4
1958        3440        1        4
1958        3413        1        4
1931        3387        1        4
1905        3387        1        4
1879        3360        1        4
1879        3334        1        4
1879        3307        1        4
1852        3281        1        4
1852        3228        1        4
1852        3201        1        4
1852        3175        1        4
1852        3149        1        4
1852        3096        1        4
1852        3069        1        4
1852        3043        1        4
1852        2990        1        4
1852        2963        1        4
1852        2937        1        4
1852        2910        1        4
1852        2884        1        4
1852        2858        1        4
1852        2831        1        4
1852        2805        1        4
1852        2778        1        4
1852        2752        1        4
1879        2752        1        4
1905        2752        1        4
PEN_UP                  0
END_CHARACTER: TT
