CHARACTER_NAME: TTB
STROKE_COUNT: 3
  X           Y   STYLUS_STATE STROKE
PEN_DOWN
1561        1296        1        1
1535        1270        1        1
1508        1270        1        1
1482        1270        1        1
1455        1296        1        1
1402        1296        1        1
1376        1296        1        1
1323        1296        1        1
1296        1296        1        1
1270        1296        1        1
1244        1296        1        1
1270        1296        1        1
1296        1296        1        1
1323        1296        1        1
1349        1270        1        1
1376        1270        1        1
1429        1270        1        1
1482        1296        1        1
1535        1296        1        1
1588        1296        1        1
1640        1270        1        1
1693        1270        1        1
1773        1270        1        1
1826        1270        1        1
1879        1270        1        1
1931        1270        1        1
1984        1270        1        1
2064        1270        1        1
2117        1270        1        1
2170        1270        1        1
2223        1270        1        1
2302        1270        1        1
2355        1270        1        1
2408        1270        1        1
2461        1270        1        1
2514        1270        1        1
2566        1270        1        1
2619        1270        1        1
2672        1270        1        1
2725        1270        1        1
2778        1244        1        1
2831        1244        1        1
2884        1244        1        1
2963        1270        1        1
3016        1244        1        1
3043        1270        1        1
3096        1270        1        1
3122        1270        1        1
3149        1270        1        1
3175        1270        1        1
3201        1270        1        1
3228        1270        1        1
3254        1270        1        1
3281        1270        1        1
3307        1270        1        1
3334        1270        1        1
3360        1270        1        1
3387        1270        1        1
3413        1270        1        1
3440        1270        1        1
3466        1270        1        1
3493        1270        1        1
3519        1270        1        1
3545        1270        1        1
3519        1270        1        1
3519        1244        1        1
3493        1244        1        1
PEN_UP                  0
PEN_DOWN
2117        1535        1        2
2143        1535        1        2
2143        1561        1        2
2143        1588        1        2
2143        1614        1        2
2117        1614        1        2
2090        1588        1        2
2064        1588        1        2
2064        1561        1        2
2064        1535        1        2
2090        1535        1        2
2090        1508        1        2
2117        1508        1        2
2117        1482        1        2
2143        1482        1        2
2170        1455        1        2
2196        1455        1        2
2249        1429        1        2
2275        1429        1        2
2302        1429        1        2
2328        1429        1        2
2381        1429        1        2
2408        1429        1        2
2434        1429        1        2
2461        1455        1        2
2487        1455        1        2
2514        1455        1        2
2540        1482        1        2
2566        1508        1        2
2593        1535        1        2
2619        1561        1        2
2619        1588        1        2
2646        1614        1        2
2646        1640        1        2
2619        1640        1        2
2619        1667        1        2
2593        1693        1        2
2566        1720        1        2
2540        1746        1        2
2514        1746        1        2
2461        1773        1        2
2434        1799        1        2
2408        1799        1        2
2381        1826        1        2
2355        1826        1        2
2328        1826        1        2
2328        1799        1        2
2355        1799        1        2
2355        1773        1        2
2381        1773        1        2
2381        1746        1        2
2408        1746        1        2
2434        1746        1        2
2461        1720        1        2
2487        1746        1        2
2514        1746        1        2
2540        1746        1        2
2566        1746        1        2
2593        1746        1        2
2619        1773        1        2
2646        1773        1        2
2672        1799        1        2
2699        1799        1        2
2699        1826        1        2
2725        1826        1        2
2725        1852        1        2
2725        1879        1        2
2752        1905        1        2
2752        1931        1        2
2778        1958        1        2
2778        1984        1        2
2778        2011        1        2
2778        2037        1        2
2778        2064        1        2
2778        2090        1        2
2778        2117        1        2
2752        2143        1        2
2752        2170        1        2
2725        2196        1        2
2725        2223        1        2
2699        2249        1        2
2699        2275        1        2
2699        2302        1        2
2672        2302        1        2
2646        2328        1        2
2619        2328        1        2
2593        2355        1        2
2566        2355        1        2
2514        2381        1        2
2487        2381        1        2
2461        2381        1        2
2408        2408        1        2
2381        2381        1        2
2328        2381        1        2
2275        2381        1        2
2249        2381        1        2
2196        2355        1        2
2143        2355        1        2
2090        2328        1        2
2037        2302        1        2
2011        2302        1        2
1958        2275        1        2
1931        2249        1        2
1905        2223        1        2
1879        2196        1        2
1852        2170        1        2
1826        2143        1        2
1799        2117        1        2
1746        2064        1        2
1720        2037        1        2
1720        2011        1        2
1693        1958        1        2
1667        1931        1        2
1640        1905        1        2
1614        1879        1        2
1614        1852        1        2
1588        1826        1        2
1588        1799        1        2
1561        1773        1        2
1561        1746        1        2
1561        1720        1        2
1588        1693        1        2
1561        1693        1        2
1588        1693        1        2
1588        1667        1        2
1561        1667        1        2
1561        1640        1        2
1561        1614        1        2
1588        1614        1        2
PEN_UP                  0
PEN_DOWN
2275        2381        1        3
2302        2381        1        3
2302        2355        1        3
2302        2381        1        3
2275        2408        1        3
2275        2434        1        3
2249        2461        1        3
2223        2487        1        3
2196        2514        1        3
2170        2540        1        3
2143        2566        1        3
2117        2593        1        3
2090        2593        1        3
2064        2619        1        3
2037        2646        1        3
2011        2672        1        3
1984        2699        1        3
1958        2699        1        3
1958        2725        1        3
1931        2752        1        3
1905        2778        1        3
1931        2778        1        3
1958        2778        1        3
2011        2778        1        3
2037        2778        1        3
2090        2778        1        3
2143        2752        1        3
2170        2752        1        3
2196        2752        1        3
2249        2752        1        3
2275        2778        1        3
2302        2778        1        3
2328        2778        1        3
2355        2778        1        3
2381        2778        1        3
2381        2805        1        3
2408        2831        1        3
2434        2831        1        3
2461        2858        1        3
2487        2858        1        3
2487        2884        1        3
2514        2910        1        3
2540        2910        1        3
2540        2937        1        3
2540        2963        1        3
2566        2963        1        3
2566        2990        1        3
2593        2990        1        3
2593        3016        1        3
2566        2990        1        3
2566        2963        1        3
2540        2963        1        3
2540        2937        1        3
2514        2910        1        3
2514        2884        1        3
2514        2858        1        3
2487        2831        1        3
2487        2805        1        3
2487        2778        1        3
2487        2752        1        3
2461        2752        1        3
2461        2725        1        3
2461        2699        1        3
2461        2672        1        3
2461        2646        1        3
2434        2619        1        3
2434        2593        1        3
2434        2566        1        3
2434        2540        1        3
2434        2514        1        3
2408        2514        1        3
2434        2487        1        3
2434        2461        1        3
2434        2434        1        3
2434        2408        1        3
2408        2408        1        3
2408        2381        1        3
2408        2355        1        3
2434        2381        1        3
2434        2355        1        3
PEN_UP                  0
END_CHARACTER: TTB
