CHARACTER_NAME: NTH
STROKE_COUNT: 3
  X           Y   STYLUS_STATE STROKE
PEN_DOWN
1296        1296        1        1
1296        1323        1        1
1323        1323        1        1
1349        1323        1        1
1376        1323        1        1
1402        1323        1        1
1455        1323        1        1
1508        1323        1        1
1561        1323        1        1
1640        1323        1        1
1720        1296        1        1
1826        1296        1        1
1905        1296        1        1
2011        1296        1        1
2090        1296        1        1
2196        1296        1        1
2275        1296        1        1
2355        1296        1        1
2434        1296        1        1
2487        1270        1        1
2566        1270        1        1
2619        1270        1        1
2672        1270        1        1
2725        1270        1        1
2778        1270        1        1
2831        1270        1        1
2884        1270        1        1
2937        1270        1        1
2963        1270        1        1
3016        1244        1        1
3043        1244        1        1
3043        1270        1        1
3069        1244        1        1
3096        1244        1        1
3096        1270        1        1
3069        1270        1        1
PEN_UP                  0
PEN_DOWN
2275        1879        1        2
2302        1879        1        2
2302        1905        1        2
2302        1931        1        2
2302        1958        1        2
2275        1984        1        2
2249        1984        1        2
2223        2011        1        2
2196        2011        1        2
2170        2011        1        2
2143        1984        1        2
2117        1984        1        2
2090        1984        1        2
2064        1958        1        2
2037        1931        1        2
2064        1905        1        2
2064        1879        1        2
2090        1852        1        2
2117        1826        1        2
2170        1799        1        2
2196        1799        1        2
2249        1773        1        2
2275        1746        1        2
2328        1746        1        2
2381        1746        1        2
2434        1746        1        2
2487        1746        1        2
2514        1746        1        2
2566        1773        1        2
2593        1773        1        2
2619        1799        1        2
2672        1826        1        2
2699        1852        1        2
2725        1879        1        2
2725        1905        1        2
2752        1931        1        2
2778        1984        1        2
2805        2011        1        2
2805        2037        1        2
2831        2064        1        2
2831        2090        1        2
2858        2117        1        2
2858        2143        1        2
2858        2170        1        2
2858        2196        1        2
2831        2196        1        2
2831        2170        1        2
2831        2143        1        2
2805        2117        1        2
2805        2090        1        2
2805        2037        1        2
2778        2011        1        2
2778        1984        1        2
2778        1931        1        2
2752        1905        1        2
2752        1852        1        2
2752        1826        1        2
2752        1799        1        2
2778        1746        1        2
2778        1720        1        2
2778        1693        1        2
2778        1667        1        2
2778        1640        1        2
2778        1614        1        2
2752        1588        1        2
2752        1561        1        2
2752        1535        1        2
2752        1508        1        2
2752        1482        1        2
2752        1455        1        2
2752        1429        1        2
2752        1402        1        2
2725        1402        1        2
2725        1376        1        2
2752        1349        1        2
2725        1349        1        2
2752        1323        1        2
2725        1323        1        2
2725        1296        1        2
2752        1296        1        2
2778        1296        1        2
PEN_UP                  0
PEN_DOWN
2858        2223        1        3
2858        2249        1        3
2858        2275        1        3
2858        2302        1        3
2831        2328        1        3
2805        2355        1        3
2778        2381        1        3
2752        2408        1        3
2725        2408        1        3
2672        2434        1        3
2646        2434        1        3
2619        2434        1        3
2593        2434        1        3
2566        2434        1        3
2540        2408        1        3
2514        2408        1        3
2487        2381        1        3
2461        2355        1        3
2434        2328        1        3
2434        2302        1        3
2408        2275        1        3
2408        2249        1        3
2408        2223        1        3
2434        2196        1        3
2461        2170        1        3
2487        2170        1        3
2514        2143        1        3
2566        2117        1        3
2593        2117        1        3
2646        2090        1        3
2672        2090        1        3
2725        2090        1        3
2752        2090        1        3
2778        2117        1        3
2805        2117        1        3
2831        2143        1        3
2858        2170        1        3
2884        2196        1        3
2910        2223        1        3
2910        2249        1        3
2937        2302        1        3
2937        2328        1        3
2963        2355        1        3
2963        2381        1        3
2963        2408        1        3
2963        2434        1        3
2963        2461        1        3
2937        2487        1        3
2910        2540        1        3
2884        2566        1        3
2858        2593        1        3
2805        2619        1        3
2778        2646        1        3
2725        2672        1        3
2672        2699        1        3
2646        2725        1        3
2593        2752        1        3
2566        2778        1        3
2514        2778        1        3
2487        2805        1        3
2434        2831        1        3
2381        2831        1        3
2355        2858        1        3
2302        2858        1        3
2275        2858        1        3
2249        2858        1        3
2223        2884        1        3
2196        2884        1        3
2170        2858        1        3
2143        2831        1        3
2170        2805        1        3
2196        2778        1        3
2223        2778        1        3
2249        2778        1        3
2275        2778        1        3
2302        2778        1        3
2328        2752        1        3
2381        2752        1        3
2408        2752        1        3
2434        2725        1        3
2461        2725        1        3
2514        2725        1        3
2540        2752        1        3
2593        2752        1        3
2619        2752        1        3
2646        2778        1        3
2699        2778        1        3
2752        2778        1        3
2805        2805        1        3
2858        2805        1        3
2910        2805        1        3
2990        2805        1        3
3043        2805        1        3
3096        2805        1        3
3149        2778        1        3
3201        2778        1        3
3228        2778        1        3
3254        2752        1        3
3281        2752        1        3
3307        2752        1        3
3307        2725        1        3
3334        2725        1        3
3307        2725        1        3
PEN_UP                  0
END_CHARACTER: NTH
