CHARACTER_NAME: QJ
STROKE_COUNT: 4
  X           Y   STYLUS_STATE STROKE
PEN_DOWN
2037        1376        1        1
2037        1402        1        1
2064        1402        1        1
2064        1429        1        1
2064        1455        1        1
2090        1455        1        1
2064        1455        1        1
2064        1482        1        1
2037        1508        1        1
2011        1508        1        1
1984        1535        1        1
1958        1535        1        1
1931        1535        1        1
1905        1508        1        1
1879        1508        1        1
1852        1508        1        1
1826        1482        1        1
1799        1482        1        1
1799        1455        1        1
1773        1455        1        1
1773        1429        1        1
1773        1402        1        1
1799        1402        1        1
1799        1376        1        1
1826        1349        1        1
1852        1349        1        1
1905        1323        1        1
1931        1296        1        1
1984        1296        1        1
2037        1270        1        1
2090        1270        1        1
2117        1270        1        1
2143        1244        1        1
2170        1244        1        1
2196        1244        1        1
2223        1244        1        1
2249        1270        1        1
2249        1296        1        1
2275        1296        1        1
2275        1323        1        1
2275        1349        1        1
2275        1376        1        1
2302        1402        1        1
2302        1429        1        1
2302        1455        1        1
2302        1482        1        1
2328        1508        1        1
2328        1535        1        1
2328        1561        1        1
2328        1588        1        1
2328        1614        1        1
2328        1640        1        1
2355        1693        1        1
2355        1720        1        1
2328        1746        1        1
2328        1773        1        1
2328        1826        1        1
2328        1852        1        1
2328        1879        1        1
2328        1905        1        1
2328        1958        1        1
2328        1984        1        1
2328        2011        1        1
2328        2037        1        1
2328        2064        1        1
2328        2117        1        1
2328        2143        1        1
2328        2170        1        1
2328        2196        1        1
2328        2223        1        1
2328        2249        1        1
2328        2275        1        1
2355        2302        1        1
2355        2328        1        1
2355        2355        1        1
2328        2355        1        1
2355        2381        1        1
2355        2408        1        1
2328        2408        1        1
2355        2408        1        1
2328        2434        1        1
2328        2461        1        1
2355        2461        1        1
2355        2434        1        1
2355        2408        1        1
2381        2381        1        1
2381        2355        1        1
2381        2328        1        1
2381        2302        1        1
2381        2275        1        1
2381        2249        1        1
2355        2223        1        1
2355        2196        1        1
2328        2170        1        1
2328        2143        1        1
2302        2143        1        1
2275        2117        1        1
2249        2090        1        1
2223        2064        1        1
2196        2064        1        1
2170        2064        1        1
2143        2064        1        1
2117        2064        1        1
2090        2064        1        1
2064        2090        1        1
2037        2117        1        1
2011        2143        1        1
1984        2170        1        1
1958        2196        1        1
1931        2223        1        1
1905        2249        1        1
1879        2275        1        1
1852        2302        1        1
1826        2328        1        1
1799        2355        1        1
1773        2355        1        1
1720        2381        1        1
1693        2381        1        1
1640        2381        1        1
1588        2381        1        1
1535        2381        1        1
1508        2381        1        1
1455        2355        1        1
1402        2328        1        1
1376        2302        1        1
1323        2275        1        1
1296        2249        1        1
1270        2223        1        1
1244        2170        1        1
1244        2143        1        1
1244        2090        1        1
1217        2037        1        1
1217        1984        1        1
1217        1958        1        1
1217        1931        1        1
1217        1905        1        1
1217        1879        1        1
1217        1852        1        1
1217        1826        1        1
1217        1799        1        1
1244        1826        1        1
PEN_UP                  0
PEN_DOWN
2328        1614        1        2
2355        1588        1        2
2381        1588        1        2
2381        1561        1        2
2408        1561        1        2
2434        1561        1        2
2461        1561        1        2
2487        1561        1        2
2487        1535        1        2
2514        1535        1        2
2540        1535        1        2
2566        1535        1        2
2566        1561        1        2
2593        1561        1        2
2619        1588        1        2
2619        1614        1        2
2646        1614        1        2
2646        1640        1        2
2619        1667        1        2
2619        1693        1        2
2593        1693        1        2
2593        1720        1        2
2566        1720        1        2
2566        1746        1        2
2540        1746        1        2
2514        1746        1        2
2487        1746        1        2
2487        1720        1        2
2514        1720        1        2
2540        1720        1        2
2566        1693        1        2
2593        1693        1        2
2619        1693        1        2
2646        1693        1        2
2672        1693        1        2
2699        1720        1        2
2725        1720        1        2
2752        1720        1        2
2778        1746        1        2
2805        1746        1        2
2805        1773        1        2
2805        1799        1        2
2831        1799        1        2
2831        1826        1        2
2831        1852        1        2
2831        1879        1        2
2805        1905        1        2
2805        1931        1        2
2778        1958        1        2
2752        1958        1        2
2725        1984        1        2
2699        1984        1        2
2672        2011        1        2
2646        2011        1        2
2619        2011        1        2
2566        2011        1        2
2540        2011        1        2
2514        2011        1        2
2487        2011        1        2
2461        2011        1        2
2434        2011        1        2
2408        2011        1        2
2381        2011        1        2
2355        2011        1        2
2355        1984        1        2
PEN_UP                  0
PEN_DOWN
2355        2408        1        3
2355        2381        1        3
2328        2408        1        3
2328        2434        1        3
2302        2487        1        3
2249        2514        1        3
2223        2566        1        3
2170        2619        1        3
2143        2672        1        3
2090        2699        1        3
2037        2752        1        3
1984        2805        1        3
1931        2831        1        3
1905        2884        1        3
1852        2910        1        3
1826        2937        1        3
1799        2963        1        3
1773        2990        1        3
1746        3016        1        3
1720        3016        1        3
1693        3043        1        3
1667        3069        1        3
1693        3069        1        3
1720        3069        1        3
1773        3069        1        3
1799        3043        1        3
1852        3043        1        3
1879        3043        1        3
1931        3016        1        3
1984        3016        1        3
2037        3016        1        3
2064        3016        1        3
2090        3016        1        3
2117        3016        1        3
2143        3016        1        3
2170        3043        1        3
2196        3043        1        3
2223        3043        1        3
2223        3069        1        3
2249        3096        1        3
2275        3122        1        3
2302        3122        1        3
2302        3149        1        3
2328        3175        1        3
2355        3201        1        3
2355        3228        1        3
2381        3254        1        3
2381        3281        1        3
2408        3307        1        3
2408        3334        1        3
2434        3334        1        3
2434        3360        1        3
2434        3334        1        3
2434        3307        1        3
2434        3281        1        3
2408        3254        1        3
2408        3228        1        3
2408        3201        1        3
2408        3175        1        3
2408        3149        1        3
2408        3122        1        3
2408        3096        1        3
2408        3069        1        3
2408        3043        1        3
2408        3016        1        3
2408        2990        1        3
2408        2963        1        3
2381        2937        1        3
2381        2910        1        3
2381        2884        1        3
2381        2858        1        3
2381        2831        1        3
2381        2805        1        3
2381        2778        1        3
2381        2752        1        3
2381        2725        1        3
2381        2699        1        3
2355        2699        1        3
2355        2672        1        3
2381        2672        1        3
2355        2672        1        3
2355        2646        1        3
2355        2619        1        3
2355        2593        1        3
2381        2566        1        3
2355        2566        1        3
2355        2540        1        3
2355        2514        1        3
2355        2487        1        3
2355        2461        1        3
PEN_UP                  0
PEN_DOWN
2381        3016        1        4
2381        2990        1        4
2408        2990        1        4
2408        2963        1        4
2434        2963        1        4
2461        2937        1        4
2487        2937        1        4
2514        2937        1        4
2540        2937        1        4
2566        2963        1        4
2593        2963        1        4
2619        2990        1        4
2646        2990        1        4
2646        3016        1        4
2672        3043        1        4
2699        3069        1        4
2699        3096        1        4
2725        3122        1        4
2752        3149        1        4
2752        3175        1        4
2778        3201        1        4
2778        3228        1        4
2805        3254        1        4
2805        3281        1        4
2805        3254        1        4
2805        3228        1        4
2805        3201        1        4
2805        3175        1        4
2778        3149        1        4
2778        3122        1        4
2778        3096        1        4
2778        3069        1        4
2778        3043        1        4
2778        3016        1        4
2778        2990        1        4
2778        2963        1        4
2778        2937        1        4
2778        2910        1        4
2778        2884        1        4
2778        2858        1        4
2778        2831        1        4
2778        2805        1        4
2778        2778        1        4
2778        2752        1        4
2752        2725        1        4
2752        2699        1        4
2752        2672        1        4
2752        2646        1        4
2752        2619        1        4
2752        2593        1        4
2752        2566        1        4
2752        2540        1        4
2752        2514        1        4
2752        2487        1        4
2752        2461        1        4
2752        2434        1        4
2778        2434        1        4
PEN_UP                  0
END_CHARACTER: QJ
