CHARACTER_NAME: DV
STROKE_COUNT: 3
  X           Y   STYLUS_STATE STROKE
PEN_DOWN
1111        1349        1        1
1138        1349        1        1
1191        1349        1        1
1270        1349        1        1
1349        1323        1        1
1455        1323        1        1
1588        1323        1        1
1720        1323        1        1
1852        1323        1        1
1984        1296        1        1
2090        1296        1        1
2196        1296        1        1
2302        1296        1        1
2355        1296        1        1
2408        1296        1        1
2434        1296        1        1
2461        1296        1        1
2487        1270        1        1
2514        1270        1        1
PEN_UP                  0
PEN_DOWN
1773        1349        1        2
1773        1376        1        2
1773        1402        1        2
1773        1429        1        2
1773        1455        1        2
1773        1482        1        2
1773        1508        1        2
1773        1561        1        2
1773        1588        1        2
1773        1640        1        2
1746        1693        1        2
1746        1720        1        2
1746        1773        1        2
1746        1826        1        2
1746        1879        1        2
1720        1931        1        2
1720        1958        1        2
1720        2011        1        2
1720        2064        1        2
1720        2090        1        2
1720        2117        1        2
1720        2143        1        2
1720        2170        1        2
1720        2196        1        2
1746        2196        1        2
1746        2170        1        2
1746        2143        1        2
1773        2117        1        2
1773        2090        1        2
1773        2037        1        2
1799        2011        1        2
1826        1958        1        2
1879        1931        1        2
1905        1879        1        2
1958        1826        1        2
2011        1799        1        2
2064        1773        1        2
2090        1746        1        2
2117        1720        1        2
2143        1693        1        2
2170        1693        1        2
2196        1667        1        2
2223        1667        1        2
2223        1640        1        2
2223        1667        1        2
2196        1667        1        2
2196        1693        1        2
2170        1720        1        2
2170        1746        1        2
2143        1773        1        2
2117        1799        1        2
2117        1852        1        2
2090        1905        1        2
2064        1958        1        2
2064        2011        1        2
2037        2090        1        2
2037        2143        1        2
2037        2170        1        2
2064        2223        1        2
2064        2275        1        2
2064        2302        1        2
2090        2355        1        2
2117        2381        1        2
2143        2381        1        2
2170        2408        1        2
2196        2434        1        2
2223        2434        1        2
2223        2461        1        2
2249        2461        1        2
2249        2434        1        2
2249        2408        1        2
2223        2408        1        2
2223        2381        1        2
PEN_UP                  0
PEN_DOWN
2090        2328        1        3
2090        2302        1        3
2090        2328        1        3
2064        2328        1        3
2064        2355        1        3
2037        2381        1        3
2037        2408        1        3
2037        2434        1        3
2037        2461        1        3
2037        2487        1        3
2064        2514        1        3
2064        2540        1        3
2090        2540        1        3
2117        2540        1        3
2143        2540        1        3
2170        2540        1        3
2196        2540        1        3
2223        2514        1        3
2223        2487        1        3
2249        2487        1        3
2275        2461        1        3
2302        2434        1        3
2302        2408        1        3
2302        2381        1        3
2302        2355        1        3
2275        2328        1        3
2275        2302        1        3
2249        2302        1        3
2249        2275        1        3
2223        2275        1        3
2196        2275        1        3
2170        2275        1        3
2143        2275        1        3
2117        2302        1        3
2090        2302        1        3
2090        2328        1        3
2064        2328        1        3
2064        2355        1        3
2037        2355        1        3
2037        2381        1        3
2011        2381        1        3
2011        2408        1        3
2011        2434        1        3
1984        2434        1        3
1984        2461        1        3
1984        2487        1        3
1984        2514        1        3
2011        2514        1        3
2011        2540        1        3
2037        2566        1        3
2064        2566        1        3
2090        2593        1        3
2117        2593        1        3
2170        2593        1        3
2196        2593        1        3
2249        2593        1        3
2275        2593        1        3
2328        2593        1        3
2381        2566        1        3
2434        2566        1        3
2461        2540        1        3
2514        2514        1        3
2566        2487        1        3
2593        2487        1        3
2619        2461        1        3
2646        2461        1        3
2646        2434        1        3
2672        2408        1        3
2672        2381        1        3
2646        2355        1        3
2646        2328        1        3
2619        2328        1        3
2619        2355        1        3
2619        2381        1        3
2619        2408        1        3
2619        2434        1        3
2593        2461        1        3
2593        2487        1        3
2593        2514        1        3
2593        2540        1        3
2593        2566        1        3
2593        2593        1        3
2566        2593        1        3
2566        2619        1        3
2566        2646        1        3
2566        2672        1        3
2540        2699        1        3
2540        2725        1        3
2540        2752        1        3
2514        2778        1        3
2514        2805        1        3
2487        2805        1        3
2487        2831        1        3
2461        2831        1        3
2461        2858        1        3
2434        2858        1        3
2408        2884        1        3
2381        2884        1        3
2381        2910        1        3
2355        2910        1        3
2328        2937        1        3
2302        2937        1        3
2275        2937        1        3
2223        2963        1        3
2196        2963        1        3
2170        2963        1        3
2143        2963        1        3
2117        2963        1        3
2090        2963        1        3
2064        2963        1        3
2037        2963        1        3
2011        2937        1        3
1984        2937        1        3
1931        2937        1        3
1905        2910        1        3
1879        2910        1        3
1826        2910        1        3
1799        2884        1        3
1773        2884        1        3
1746        2858        1        3
1720        2858        1        3
1667        2831        1        3
1640        2805        1        3
1614        2778        1        3
1588        2752        1        3
1561        2725        1        3
1535        2725        1        3
1508        2699        1        3
1508        2672        1        3
1482        2646        1        3
1482        2619        1        3
1455        2593        1        3
1429        2566        1        3
1429        2514        1        3
1402        2487        1        3
1402        2461        1        3
1376        2408        1        3
1376        2381        1        3
1349        2328        1        3
1349        2302        1        3
1349        2275        1        3
1323        2249        1        3
1323        2223        1        3
1323        2196        1        3
1296        2196        1        3
1296        2170        1        3
1296        2143        1        3
1270        2117        1        3
1270        2090        1        3
1296        2117        1        3
1323        2143        1        3
PEN_UP                  0
END_CHARACTER: DV
