CHARACTER_NAME: KA
STROKE_COUNT: 2
  X           Y   STYLUS_STATE STROKE
PEN_DOWN
1217        1482        1        1
1244        1482        1        1
1270        1508        1        1
1323        1508        1        1
1349        1508        1        1
1429        1508        1        1
1482        1508        1        1
1561        1508        1        1
1640        1482        1        1
1746        1482        1        1
1826        1482        1        1
1905        1482        1        1
1984        1482        1        1
2064        1482        1        1
2143        1482        1        1
2196        1482        1        1
2249        1482        1        1
2275        1482        1        1
2328        1508        1        1
2355        1508        1        1
2381        1508        1        1
2408        1508        1        1
2381        1535        1        1
PEN_UP                  0
PEN_DOWN
2355        1614        1        2
2355        1588        1        2
2328        1588        1        2
2302        1588        1        2
2302        1614        1        2
2275        1614        1        2
2249        1614        1        2
2249        1640        1        2
2223        1667        1        2
2196        1693        1        2
2143        1720        1        2
2090        1773        1        2
2037        1826        1        2
1958        1879        1        2
1879        1931        1        2
1799        1984        1        2
1720        2064        1        2
1640        2117        1        2
1561        2196        1        2
1508        2249        1        2
1429        2302        1        2
1376        2355        1        2
1349        2381        1        2
1323        2408        1        2
1296        2434        1        2
1270        2461        1        2
1244        2461        1        2
1244        2487        1        2
1270        2461        1        2
1296        2461        1        2
1323        2461        1        2
1376        2487        1        2
1429        2487        1        2
1482        2487        1        2
1561        2487        1        2
1640        2487        1        2
1720        2514        1        2
1773        2514        1        2
1852        2540        1        2
1905        2566        1        2
1984        2593        1        2
2037        2619        1        2
2090        2646        1        2
2117        2672        1        2
2170        2699        1        2
2196        2699        1        2
2223        2725        1        2
2249        2752        1        2
2275        2752        1        2
2302        2752        1        2
2302        2778        1        2
2328        2778        1        2
2355        2805        1        2
2381        2805        1        2
2381        2778        1        2
2381        2752        1        2
2381        2699        1        2
2381        2619        1        2
2381        2566        1        2
2381        2487        1        2
2381        2408        1        2
2381        2328        1        2
2355        2275        1        2
2355        2196        1        2
2355        2143        1        2
2328        2117        1        2
2328        2064        1        2
2328        2037        1        2
2328        1984        1        2
2328        1958        1        2
2328        1931        1        2
2328        1879        1        2
2328        1852        1        2
2302        1826        1        2
2302        1799        1        2
2302        1773        1        2
2302        1746        1        2
2302        1720        1        2
2302        1693        1        2
2275        1693        1        2
2275        1667        1        2
2302        1667        1        2
2302        1640        1        2
2328        1640        1        2
2355        1667        1        2
2381        1667        1        2
2408        1693        1        2
2461        1693        1        2
2487        1693        1        2
2514        1720        1        2
2540        1746        1        2
2566        1773        1        2
2593        1799        1        2
2646        1826        1        2
2672        1852        1        2
2699        1879        1        2
2725        1931        1        2
2752        1958        1        2
2778        1984        1        2
2805        2037        1        2
2831        2064        1        2
2831        2117        1        2
2858        2143        1        2
2858        2196        1        2
2831        2223        1        2
2805        2275        1        2
2778        2302        1        2
2752        2328        1        2
2725        2328        1        2
2672        2355        1        2
2646        2328        1        2
2619        2328        1        2
2593        2302        1        2
2566        2275        1        2
2540        2249        1        2
2540        2223        1        2
2514        2223        1        2
2540        2196        1        2
2540        2170        1        2
2566        2143        1        2
2566        2117        1        2
2593        2117        1        2
2646        2090        1        2
2672        2090        1        2
2699        2090        1        2
2725        2090        1        2
PEN_UP                  0
END_CHARACTER: KA
