CHARACTER_NAME: NGC
STROKE_COUNT: 2
  X           Y   STYLUS_STATE STROKE
PEN_DOWN
1508        1508        1        1
1482        1535        1        1
1482        1561        1        1
1455        1588        1        1
1455        1614        1        1
1429        1614        1        1
1402        1588        1        1
1402        1561        1        1
1402        1535        1        1
1402        1508        1        1
1429        1482        1        1
1429        1455        1        1
1455        1429        1        1
1482        1402        1        1
1508        1376        1        1
1535        1349        1        1
1561        1323        1        1
1588        1323        1        1
1614        1323        1        1
1640        1296        1        1
1667        1323        1        1
1693        1323        1        1
1720        1323        1        1
1746        1349        1        1
1799        1349        1        1
1826        1376        1        1
1852        1402        1        1
1879        1429        1        1
1905        1455        1        1
1931        1482        1        1
1931        1535        1        1
1958        1561        1        1
1958        1614        1        1
1958        1640        1        1
1931        1693        1        1
1931        1746        1        1
1879        1799        1        1
1826        1852        1        1
1773        1905        1        1
1693        1958        1        1
1640        1984        1        1
1588        2037        1        1
1535        2064        1        1
1508        2090        1        1
1482        2090        1        1
1455        2117        1        1
1429        2117        1        1
1402        2090        1        1
1429        2090        1        1
1429        2064        1        1
1455        2064        1        1
1455        2037        1        1
1482        2011        1        1
1508        2011        1        1
1561        2011        1        1
1588        1984        1        1
1640        1984        1        1
1720        1984        1        1
1773        1984        1        1
1826        1984        1        1
1905        1984        1        1
1958        2011        1        1
2011        2011        1        1
2064        2037        1        1
2117        2037        1        1
2170        2064        1        1
2223        2090        1        1
2249        2117        1        1
2275        2117        1        1
2328        2143        1        1
2355        2170        1        1
2381        2196        1        1
2408        2223        1        1
2408        2196        1        1
2434        2170        1        1
2434        2143        1        1
2434        2090        1        1
2434        2064        1        1
2434        2011        1        1
2408        1958        1        1
2408        1905        1        1
2408        1826        1        1
2408        1773        1        1
2381        1746        1        1
2381        1693        1        1
2381        1640        1        1
2355        1588        1        1
2355        1561        1        1
2355        1508        1        1
2355        1482        1        1
2328        1455        1        1
2328        1429        1        1
2328        1402        1        1
2328        1376        1        1
2328        1349        1        1
2328        1323        1        1
2302        1323        1        1
PEN_UP                  0
PEN_DOWN
2408        1614        1        2
2408        1588        1        2
2434        1588        1        2
2434        1561        1        2
2461        1535        1        2
2487        1508        1        2
2514        1508        1        2
2540        1508        1        2
2566        1482        1        2
2593        1482        1        2
2619        1482        1        2
2646        1482        1        2
2699        1482        1        2
2725        1482        1        2
2752        1482        1        2
2778        1508        1        2
2805        1508        1        2
2831        1535        1        2
2831        1561        1        2
2831        1588        1        2
2831        1614        1        2
2805        1640        1        2
2805        1667        1        2
2778        1693        1        2
2725        1720        1        2
2699        1746        1        2
2672        1773        1        2
2646        1773        1        2
2619        1773        1        2
2593        1799        1        2
2593        1773        1        2
2619        1773        1        2
2646        1773        1        2
2672        1746        1        2
2725        1746        1        2
2778        1746        1        2
2831        1746        1        2
2884        1773        1        2
2937        1773        1        2
2963        1799        1        2
3016        1826        1        2
3043        1852        1        2
3043        1879        1        2
3069        1905        1        2
3043        1931        1        2
3016        1958        1        2
2990        1984        1        2
2937        2011        1        2
2884        2037        1        2
2831        2037        1        2
2778        2037        1        2
2725        2064        1        2
2699        2064        1        2
2646        2037        1        2
2619        2037        1        2
2593        2011        1        2
2619        1984        1        2
PEN_UP                  0
END_CHARACTER: NGC
