CHARACTER_NAME: NGJ
STROKE_COUNT: 2
  X           Y   STYLUS_STATE STROKE
PEN_DOWN
1958        1535        1        1
1984        1561        1        1
1984        1588        1        1
1958        1614        1        1
1958        1640        1        1
1931        1640        1        1
1931        1667        1        1
1905        1667        1        1
1879        1693        1        1
1852        1693        1        1
1826        1720        1        1
1799        1693        1        1
1773        1667        1        1
1773        1640        1        1
1773        1614        1        1
1773        1588        1        1
1799        1561        1        1
1799        1535        1        1
1826        1508        1        1
1852        1482        1        1
1879        1455        1        1
1905        1429        1        1
1931        1402        1        1
1984        1376        1        1
2011        1349        1        1
2064        1323        1        1
2090        1323        1        1
2143        1296        1        1
2170        1296        1        1
2196        1270        1        1
2249        1270        1        1
2275        1270        1        1
2328        1270        1        1
2355        1270        1        1
2381        1270        1        1
2434        1270        1        1
2461        1270        1        1
2487        1296        1        1
2514        1296        1        1
2540        1323        1        1
2566        1323        1        1
2593        1349        1        1
2619        1376        1        1
2646        1402        1        1
2646        1429        1        1
2646        1455        1        1
2672        1455        1        1
2672        1482        1        1
2672        1508        1        1
2672        1535        1        1
2646        1561        1        1
2646        1588        1        1
2646        1614        1        1
2619        1640        1        1
2593        1667        1        1
2593        1693        1        1
2566        1720        1        1
2540        1720        1        1
2540        1746        1        1
2514        1746        1        1
2514        1773        1        1
2487        1773        1        1
2487        1799        1        1
2461        1826        1        1
2434        1826        1        1
2434        1852        1        1
2408        1879        1        1
2381        1879        1        1
2381        1905        1        1
2355        1905        1        1
2328        1931        1        1
2302        1958        1        1
2275        1984        1        1
2249        2011        1        1
2223        2011        1        1
2223        2037        1        1
2196        2037        1        1
2196        2064        1        1
2170        2064        1        1
2170        2090        1        1
2170        2117        1        1
2143        2117        1        1
2143        2143        1        1
2143        2170        1        1
2143        2196        1        1
2143        2223        1        1
2170        2249        1        1
2170        2275        1        1
2196        2302        1        1
2223        2328        1        1
2249        2328        1        1
2275        2355        1        1
2302        2355        1        1
2328        2381        1        1
2355        2381        1        1
2381        2381        1        1
2408        2381        1        1
2434        2381        1        1
2461        2381        1        1
2487        2355        1        1
2514        2355        1        1
2540        2355        1        1
2540        2328        1        1
2566        2328        1        1
2566        2302        1        1
2593        2302        1        1
2593        2275        1        1
2619        2275        1        1
2619        2249        1        1
2646        2249        1        1
2646        2223        1        1
2646        2196        1        1
2672        2196        1        1
2672        2170        1        1
2672        2143        1        1
2672        2117        1        1
2672        2090        1        1
2672        2064        1        1
2646        2064        1        1
2646        2037        1        1
2619        2011        1        1
2646        1984        1        1
2672        1984        1        1
2699        1984        1        1
2725        1958        1        1
2752        1958        1        1
2778        1958        1        1
2805        1958        1        1
2831        1984        1        1
2858        1984        1        1
2884        1984        1        1
2910        1984        1        1
2910        2011        1        1
2937        2011        1        1
2963        2011        1        1
2963        2037        1        1
2990        2037        1        1
3016        2037        1        1
3016        2064        1        1
3043        2064        1        1
3069        2090        1        1
3069        2117        1        1
3096        2143        1        1
3096        2170        1        1
3096        2196        1        1
3096        2223        1        1
3096        2249        1        1
3069        2275        1        1
3069        2302        1        1
3043        2328        1        1
3043        2355        1        1
3016        2381        1        1
2990        2408        1        1
2937        2434        1        1
2884        2461        1        1
2858        2514        1        1
2805        2540        1        1
2752        2566        1        1
2672        2593        1        1
2619        2619        1        1
2540        2646        1        1
2461        2672        1        1
2408        2699        1        1
2355        2725        1        1
2302        2752        1        1
2275        2752        1        1
2249        2752        1        1
2223        2752        1        1
2223        2725        1        1
2249        2725        1        1
2275        2699        1        1
2302        2672        1        1
2328        2646        1        1
2381        2619        1        1
2408        2619        1        1
2461        2619        1        1
2487        2593        1        1
2540        2593        1        1
2593        2593        1        1
2619        2619        1        1
2672        2619        1        1
2725        2646        1        1
2778        2646        1        1
2831        2672        1        1
2884        2699        1        1
2937        2725        1        1
2990        2725        1        1
3043        2752        1        1
3096        2778        1        1
3122        2805        1        1
3175        2805        1        1
3228        2805        1        1
3281        2805        1        1
3334        2805        1        1
3387        2778        1        1
3440        2778        1        1
3493        2752        1        1
PEN_UP                  0
PEN_DOWN
2540        1349        1        2
2540        1323        1        2
2566        1296        1        2
2593        1270        1        2
2619        1270        1        2
2646        1244        1        2
2672        1244        1        2
2699        1244        1        2
2725        1244        1        2
2778        1244        1        2
2805        1244        1        2
2831        1270        1        2
2884        1270        1        2
2910        1296        1        2
2937        1323        1        2
2963        1323        1        2
2990        1349        1        2
2990        1376        1        2
3016        1402        1        2
3016        1429        1        2
2990        1482        1        2
2963        1508        1        2
2937        1535        1        2
2910        1561        1        2
2884        1561        1        2
2831        1588        1        2
2805        1588        1        2
2778        1588        1        2
2752        1614        1        2
2725        1588        1        2
2699        1588        1        2
2725        1588        1        2
2752        1561        1        2
2805        1561        1        2
2831        1561        1        2
2910        1535        1        2
2963        1535        1        2
3016        1561        1        2
3069        1561        1        2
3122        1561        1        2
3175        1588        1        2
3201        1588        1        2
3228        1614        1        2
3254        1640        1        2
3281        1667        1        2
3254        1667        1        2
3254        1693        1        2
3228        1720        1        2
3201        1746        1        2
3149        1773        1        2
3096        1773        1        2
3016        1773        1        2
2963        1799        1        2
2910        1799        1        2
2858        1799        1        2
2805        1773        1        2
2752        1773        1        2
2725        1773        1        2
2699        1773        1        2
2672        1746        1        2
2646        1746        1        2
2646        1720        1        2
2672        1720        1        2
PEN_UP                  0
END_CHARACTER: NGJ
