CHARACTER_NAME: MF
STROKE_COUNT: 4
  X           Y   STYLUS_STATE STROKE
PEN_DOWN
1323        1429        1        1
1349        1429        1        1
1376        1429        1        1
1402        1429        1        1
1429        1429        1        1
1482        1429        1        1
1561        1429        1        1
1614        1429        1        1
1693        1429        1        1
1773        1429        1        1
1879        1429        1        1
1958        1429        1        1
2037        1429        1        1
2117        1429        1        1
2196        1429        1        1
2249        1429        1        1
2302        1429        1        1
2328        1429        1        1
2355        1429        1        1
2381        1429        1        1
2408        1429        1        1
PEN_UP                  0
PEN_DOWN
1799        1508        1        2
1773        1508        1        2
1746        1508        1        2
1720        1535        1        2
1693        1561        1        2
1693        1588        1        2
1693        1614        1        2
1720        1614        1        2
1746        1640        1        2
1773        1640        1        2
1799        1640        1        2
1826        1667        1        2
1852        1667        1        2
1879        1693        1        2
1905        1720        1        2
1905        1746        1        2
1905        1773        1        2
1879        1799        1        2
1852        1826        1        2
1799        1852        1        2
1773        1879        1        2
1720        1879        1        2
1693        1905        1        2
1640        1931        1        2
1614        1931        1        2
1588        1958        1        2
1561        1958        1        2
1535        1958        1        2
1508        1958        1        2
1508        1931        1        2
1508        1905        1        2
1535        1879        1        2
1561        1852        1        2
1588        1852        1        2
1588        1826        1        2
1614        1826        1        2
1667        1826        1        2
1693        1799        1        2
1720        1799        1        2
1746        1799        1        2
1773        1799        1        2
1826        1799        1        2
1852        1799        1        2
1879        1799        1        2
1905        1826        1        2
1931        1826        1        2
1984        1826        1        2
2011        1852        1        2
2037        1852        1        2
2064        1879        1        2
2090        1879        1        2
2117        1905        1        2
2143        1905        1        2
2170        1931        1        2
2196        1958        1        2
2223        1984        1        2
2249        1984        1        2
2249        2011        1        2
2275        2011        1        2
2275        2037        1        2
2302        2064        1        2
2302        2090        1        2
2328        2090        1        2
2328        2064        1        2
2328        2037        1        2
2328        2011        1        2
2328        1984        1        2
2328        1958        1        2
2328        1931        1        2
2328        1905        1        2
2328        1879        1        2
2328        1852        1        2
2328        1826        1        2
2328        1799        1        2
2328        1773        1        2
2355        1773        1        2
2355        1746        1        2
2355        1720        1        2
2355        1693        1        2
2355        1667        1        2
2355        1640        1        2
2355        1614        1        2
2381        1614        1        2
2381        1588        1        2
2381        1561        1        2
2381        1535        1        2
PEN_UP                  0
PEN_DOWN
2328        2117        1        3
2302        2117        1        3
2275        2117        1        3
2302        2117        1        3
2302        2143        1        3
2328        2143        1        3
2328        2170        1        3
2355        2170        1        3
2381        2170        1        3
2381        2196        1        3
2408        2196        1        3
2408        2223        1        3
2434        2223        1        3
2461        2223        1        3
2487        2249        1        3
2514        2249        1        3
2514        2275        1        3
2540        2275        1        3
2566        2275        1        3
2593        2302        1        3
2619        2302        1        3
2646        2328        1        3
2672        2328        1        3
2699        2355        1        3
2725        2355        1        3
2725        2381        1        3
2699        2408        1        3
2699        2434        1        3
2672        2461        1        3
2646        2487        1        3
2646        2514        1        3
2593        2514        1        3
2566        2540        1        3
2540        2566        1        3
2514        2593        1        3
2461        2593        1        3
2434        2619        1        3
2408        2646        1        3
2381        2646        1        3
2355        2672        1        3
2328        2699        1        3
2302        2699        1        3
2275        2725        1        3
2249        2752        1        3
2223        2752        1        3
2196        2778        1        3
2170        2778        1        3
2143        2805        1        3
2117        2805        1        3
2143        2805        1        3
2170        2805        1        3
2196        2778        1        3
2249        2778        1        3
2275        2778        1        3
2328        2778        1        3
2355        2778        1        3
2408        2778        1        3
2461        2778        1        3
2514        2778        1        3
2540        2778        1        3
2593        2778        1        3
2619        2778        1        3
2672        2778        1        3
2699        2805        1        3
2752        2805        1        3
2778        2805        1        3
2831        2831        1        3
2858        2831        1        3
2910        2831        1        3
2937        2831        1        3
2963        2858        1        3
2990        2858        1        3
3016        2858        1        3
3016        2884        1        3
3043        2884        1        3
3069        2884        1        3
3096        2884        1        3
3096        2858        1        3
3096        2831        1        3
3096        2778        1        3
3096        2752        1        3
3096        2725        1        3
3096        2672        1        3
3096        2646        1        3
3096        2593        1        3
3069        2566        1        3
3069        2514        1        3
3069        2487        1        3
3043        2434        1        3
3043        2408        1        3
3043        2355        1        3
3043        2302        1        3
3016        2275        1        3
3016        2223        1        3
3016        2170        1        3
3016        2143        1        3
3016        2090        1        3
3016        2064        1        3
3016        2037        1        3
3016        2011        1        3
3016        1984        1        3
3016        1958        1        3
3016        1931        1        3
3016        1905        1        3
3016        1879        1        3
3016        1852        1        3
2990        1852        1        3
2990        1826        1        3
2990        1799        1        3
2990        1773        1        3
2990        1746        1        3
3016        1720        1        3
3016        1746        1        3
3043        1746        1        3
3069        1746        1        3
3096        1746        1        3
3096        1773        1        3
3149        1773        1        3
3175        1773        1        3
3201        1799        1        3
3228        1799        1        3
3254        1799        1        3
3281        1826        1        3
3334        1826        1        3
3360        1852        1        3
3387        1852        1        3
3413        1852        1        3
3440        1879        1        3
3466        1879        1        3
3493        1905        1        3
3519        1931        1        3
3545        1931        1        3
3572        1958        1        3
3598        1984        1        3
3625        2011        1        3
3625        2037        1        3
3651        2037        1        3
3651        2064        1        3
3651        2090        1        3
3651        2117        1        3
3651        2143        1        3
3625        2143        1        3
3625        2170        1        3
3572        2196        1        3
3545        2196        1        3
3519        2223        1        3
3493        2223        1        3
3466        2223        1        3
3440        2223        1        3
3413        2223        1        3
3387        2196        1        3
3387        2170        1        3
3387        2143        1        3
3413        2143        1        3
3413        2117        1        3
3440        2090        1        3
3466        2064        1        3
3493        2037        1        3
3519        2037        1        3
3545        2011        1        3
3572        2011        1        3
3598        2011        1        3
PEN_UP                  0
PEN_DOWN
2461        1402        1        4
2461        1429        1        4
2434        1455        1        4
2461        1455        1        4
2487        1455        1        4
2514        1455        1        4
2540        1429        1        4
2566        1429        1        4
2593        1429        1        4
2619        1429        1        4
2646        1429        1        4
2672        1429        1        4
2725        1429        1        4
2752        1455        1        4
2778        1455        1        4
2805        1455        1        4
2831        1455        1        4
2858        1455        1        4
2884        1455        1        4
2937        1455        1        4
2963        1455        1        4
2990        1455        1        4
3016        1455        1        4
3069        1455        1        4
3096        1455        1        4
3122        1455        1        4
3149        1455        1        4
3175        1455        1        4
3201        1455        1        4
3228        1455        1        4
3254        1455        1        4
3281        1455        1        4
3307        1455        1        4
3334        1455        1        4
3360        1455        1        4
3387        1455        1        4
3413        1455        1        4
3440        1455        1        4
3466        1455        1        4
3493        1455        1        4
3519        1455        1        4
3545        1455        1        4
3572        1455        1        4
3598        1455        1        4
3625        1455        1        4
3651        1455        1        4
PEN_UP                  0
END_CHARACTER: MF
