CHARACTER_NAME: KHYA
STROKE_COUNT: 2
  X           Y   STYLUS_STATE STROKE
PEN_DOWN
1270        1720        1        1
1270        1693        1        1
1244        1693        1        1
1244        1667        1        1
1270        1667        1        1
1296        1667        1        1
1323        1667        1        1
1402        1667        1        1
1482        1693        1        1
1561        1693        1        1
1667        1693        1        1
1773        1693        1        1
1879        1693        1        1
1984        1693        1        1
2090        1693        1        1
2170        1693        1        1
2223        1693        1        1
2275        1693        1        1
2302        1693        1        1
PEN_UP                  0
PEN_DOWN
1561        1773        1        2
1535        1773        1        2
1482        1773        1        2
1455        1773        1        2
1429        1799        1        2
1402        1826        1        2
1376        1826        1        2
1349        1852        1        2
1349        1879        1        2
1323        1905        1        2
1349        1931        1        2
1349        1958        1        2
1376        1958        1        2
1429        1984        1        2
1455        1984        1        2
1508        2011        1        2
1561        2011        1        2
1614        2011        1        2
1667        2037        1        2
1720        2037        1        2
1746        2064        1        2
1799        2090        1        2
1826        2090        1        2
1826        2117        1        2
1852        2170        1        2
1852        2196        1        2
1826        2249        1        2
1799        2275        1        2
1773        2328        1        2
1746        2381        1        2
1693        2408        1        2
1640        2461        1        2
1588        2487        1        2
1561        2514        1        2
1508        2514        1        2
1482        2514        1        2
1429        2514        1        2
1402        2514        1        2
1376        2514        1        2
1376        2487        1        2
1349        2487        1        2
1376        2461        1        2
1402        2434        1        2
1429        2434        1        2
1455        2408        1        2
1508        2408        1        2
1535        2408        1        2
1588        2408        1        2
1640        2434        1        2
1693        2434        1        2
1720        2434        1        2
1773        2461        1        2
1826        2461        1        2
1879        2487        1        2
1905        2514        1        2
1931        2540        1        2
1958        2566        1        2
1984        2593        1        2
1984        2646        1        2
2011        2672        1        2
2011        2699        1        2
1984        2725        1        2
1984        2752        1        2
1958        2805        1        2
1931        2805        1        2
1905        2831        1        2
1905        2858        1        2
1879        2858        1        2
1852        2858        1        2
1826        2884        1        2
1799        2884        1        2
1773        2884        1        2
1746        2884        1        2
1720        2884        1        2
1693        2910        1        2
1667        2910        1        2
1640        2910        1        2
1614        2910        1        2
1588        2884        1        2
1561        2884        1        2
1561        2858        1        2
1588        2858        1        2
1614        2831        1        2
1640        2831        1        2
1667        2831        1        2
1693        2805        1        2
1720        2805        1        2
1773        2805        1        2
1799        2805        1        2
1826        2805        1        2
1879        2805        1        2
1931        2805        1        2
1958        2805        1        2
2011        2805        1        2
2037        2831        1        2
2064        2831        1        2
2117        2831        1        2
2143        2858        1        2
2170        2858        1        2
2196        2884        1        2
2223        2910        1        2
2249        2910        1        2
2275        2937        1        2
2302        2937        1        2
2328        2937        1        2
2328        2963        1        2
2355        2963        1        2
2355        2937        1        2
2381        2910        1        2
2381        2884        1        2
2408        2858        1        2
2408        2831        1        2
2434        2778        1        2
2434        2725        1        2
2434        2672        1        2
2461        2619        1        2
2461        2540        1        2
2461        2461        1        2
2461        2381        1        2
2461        2328        1        2
2434        2249        1        2
2434        2196        1        2
2434        2117        1        2
2408        2090        1        2
2381        2037        1        2
2381        2011        1        2
2355        1984        1        2
2328        1958        1        2
2302        1958        1        2
2275        1958        1        2
2249        1958        1        2
2223        1958        1        2
2196        1984        1        2
2170        1984        1        2
2170        2011        1        2
2143        2011        1        2
2143        2037        1        2
2143        2064        1        2
2143        2090        1        2
2143        2117        1        2
2170        2117        1        2
2196        2143        1        2
2249        2170        1        2
2275        2196        1        2
2328        2223        1        2
2381        2249        1        2
2434        2275        1        2
2487        2302        1        2
2566        2328        1        2
2619        2355        1        2
2646        2381        1        2
2699        2408        1        2
2752        2434        1        2
2778        2487        1        2
2805        2514        1        2
2831        2540        1        2
2858        2593        1        2
2858        2619        1        2
2858        2646        1        2
2831        2672        1        2
2778        2699        1        2
2752        2725        1        2
2699        2725        1        2
2672        2752        1        2
2646        2752        1        2
2619        2725        1        2
2593        2725        1        2
2566        2725        1        2
2566        2699        1        2
2566        2672        1        2
2593        2672        1        2
2619        2646        1        2
2646        2646        1        2
PEN_UP                  0
END_CHARACTER: KHYA
