CHARACTER_NAME: AYA
STROKE_COUNT: 3
  X           Y   STYLUS_STATE STROKE
PEN_DOWN
 926        1429        1        1
 900        1429        1        1
 926        1429        1        1
 953        1429        1        1
 979        1429        1        1
1005        1429        1        1
1058        1429        1        1
1138        1429        1        1
1217        1429        1        1
1296        1455        1        1
1402        1455        1        1
1508        1455        1        1
1640        1455        1        1
1773        1482        1        1
1879        1482        1        1
1984        1482        1        1
2090        1482        1        1
2170        1482        1        1
2249        1482        1        1
2302        1482        1        1
2328        1482        1        1
2355        1482        1        1
2381        1482        1        1
2355        1482        1        1
2328        1508        1        1
2302        1508        1        1
2249        1508        1        1
PEN_UP                  0
PEN_DOWN
1217        1535        1        2
1191        1508        1        2
1164        1508        1        2
1164        1535        1        2
1138        1535        1        2
1164        1561        1        2
1164        1588        1        2
1164        1614        1        2
1191        1614        1        2
1217        1640        1        2
1244        1667        1        2
1296        1667        1        2
1349        1693        1        2
1402        1720        1        2
1482        1746        1        2
1561        1773        1        2
1614        1799        1        2
1693        1826        1        2
1746        1852        1        2
1773        1852        1        2
1826        1879        1        2
1826        1905        1        2
1826        1931        1        2
1799        1958        1        2
1746        2011        1        2
1667        2037        1        2
1588        2064        1        2
1508        2117        1        2
1455        2143        1        2
1402        2170        1        2
1349        2170        1        2
1323        2196        1        2
1296        2196        1        2
1296        2223        1        2
1323        2249        1        2
1349        2249        1        2
1402        2275        1        2
1455        2275        1        2
1508        2302        1        2
1588        2302        1        2
1667        2328        1        2
1746        2328        1        2
1826        2355        1        2
1905        2381        1        2
1984        2408        1        2
2064        2434        1        2
2143        2461        1        2
2196        2487        1        2
2275        2514        1        2
2328        2514        1        2
2355        2540        1        2
2381        2566        1        2
2408        2566        1        2
2434        2566        1        2
2461        2566        1        2
2461        2540        1        2
2461        2514        1        2
2461        2487        1        2
2434        2434        1        2
2434        2381        1        2
2434        2302        1        2
2434        2249        1        2
2434        2170        1        2
2434        2117        1        2
2408        2064        1        2
2408        2011        1        2
2408        1958        1        2
2408        1931        1        2
2381        1905        1        2
2381        1879        1        2
2381        1852        1        2
PEN_UP                  0
PEN_DOWN
1984        2831        1        3
2011        2831        1        3
2011        2858        1        3
2011        2884        1        3
1984        2884        1        3
1984        2910        1        3
1958        2910        1        3
1931        2937        1        3
1905        2910        1        3
1879        2910        1        3
1879        2884        1        3
1905        2858        1        3
1905        2831        1        3
1931        2831        1        3
1958        2805        1        3
1984        2805        1        3
PEN_UP                  0
END_CHARACTER: AYA
