CHARACTER_NAME: RRG
STROKE_COUNT: 8
  X           Y   STYLUS_STATE STROKE
PEN_DOWN
1244        1482        1        1
1270        1482        1        1
1296        1482        1        1
1323        1482        1        1
1376        1482        1        1
1429        1482        1        1
1508        1482        1        1
1588        1455        1        1
1693        1455        1        1
1799        1455        1        1
1879        1455        1        1
1984        1429        1        1
2064        1429        1        1
2143        1429        1        1
2223        1429        1        1
2302        1429        1        1
2355        1429        1        1
2408        1429        1        1
2434        1429        1        1
2461        1402        1        1
2487        1402        1        1
2514        1402        1        1
2514        1429        1        1
2487        1429        1        1
PEN_UP                  0
PEN_DOWN
2223        1535        1        2
2223        1508        1        2
2223        1508        1        3
2196        1508        1        3
2170        1535        1        3
2170        1561        1        3
2143        1561        1        3
2143        1588        1        3
2117        1614        1        3
2090        1640        1        3
2064        1667        1        3
2064        1693        1        3
2037        1720        1        3
2037        1746        1        3
2011        1773        1        3
2011        1799        1        3
2011        1826        1        3
2011        1852        1        3
2011        1879        1        3
2011        1905        1        3
2011        1931        1        3
2011        1958        1        3
2037        1984        1        3
2037        2011        1        3
2037        2037        1        3
2064        2064        1        3
2090        2090        1        3
2117        2090        1        3
2143        2090        1        3
2196        2090        1        3
2223        2090        1        3
2275        2090        1        3
2302        2090        1        3
2355        2064        1        3
2381        2064        1        3
2434        2037        1        3
2487        2037        1        3
2514        2011        1        3
2540        1984        1        3
2566        1984        1        3
2593        1958        1        3
2619        1931        1        3
2619        1905        1        3
2646        1905        1        3
2646        1879        1        3
2646        1905        1        3
2646        1931        1        3
2672        1958        1        3
2672        1984        1        3
2672        2011        1        3
2672        2064        1        3
2672        2090        1        3
2672        2117        1        3
2672        2170        1        3
2672        2196        1        3
2672        2249        1        3
2646        2275        1        3
2646        2302        1        3
2646        2328        1        3
2646        2355        1        3
2619        2381        1        3
2593        2408        1        3
2593        2434        1        3
2540        2461        1        3
2514        2487        1        3
2487        2514        1        3
2434        2540        1        3
2381        2540        1        3
2328        2566        1        3
2302        2593        1        3
2249        2593        1        3
2196        2593        1        3
2170        2593        1        3
2117        2619        1        3
2090        2619        1        3
2037        2593        1        3
1984        2593        1        3
1931        2593        1        3
1879        2593        1        3
1826        2593        1        3
1773        2566        1        3
1746        2566        1        3
1693        2540        1        3
1667        2514        1        3
1614        2487        1        3
1588        2461        1        3
1561        2434        1        3
1535        2408        1        3
1508        2381        1        3
1482        2328        1        3
1482        2302        1        3
1455        2275        1        3
1429        2223        1        3
1429        2196        1        3
1402        2170        1        3
1402        2117        1        3
1402        2090        1        3
1376        2064        1        3
1376        2011        1        3
1376        1984        1        3
1376        1958        1        3
1376        1905        1        3
1376        1879        1        3
1376        1852        1        3
1376        1826        1        3
1376        1799        1        3
1349        1799        1        3
1323        1826        1        3
PEN_UP                  0
PEN_DOWN
2011        2884        1        4
1984        2884        1        4
1958        2884        1        4
1958        2858        1        4
1931        2858        1        4
1958        2858        1        4
1958        2831        1        4
1984        2805        1        4
2011        2805        1        4
2037        2778        1        4
2064        2778        1        4
PEN_UP                  0
PEN_DOWN
1984        2910        1        5
1984        2884        1        5
PEN_UP                  0
PEN_DOWN
2752        2196        1        6
2778        2196        1        6
2805        2170        1        6
2831        2170        1        6
2858        2143        1        6
2884        2143        1        6
2910        2143        1        6
2910        2117        1        6
2937        2117        1        6
2963        2090        1        6
2990        2090        1        6
2990        2064        1        6
3016        2037        1        6
3043        2011        1        6
3069        1984        1        6
3069        1958        1        6
3096        1931        1        6
3096        1905        1        6
3122        1905        1        6
3122        1879        1        6
3122        1852        1        6
3149        1826        1        6
3149        1799        1        6
3149        1773        1        6
3149        1746        1        6
3122        1720        1        6
3122        1693        1        6
3122        1667        1        6
3096        1640        1        6
3096        1614        1        6
3069        1614        1        6
3069        1588        1        6
3043        1588        1        6
3016        1561        1        6
2990        1561        1        6
2963        1561        1        6
2937        1561        1        6
2910        1561        1        6
2884        1561        1        6
2858        1561        1        6
2831        1561        1        6
2778        1561        1        6
2752        1588        1        6
2699        1588        1        6
2672        1588        1        6
2646        1614        1        6
2619        1614        1        6
2593        1614        1        6
2566        1614        1        6
2540        1614        1        6
2514        1640        1        6
2487        1640        1        6
2461        1667        1        6
2434        1667        1        6
2408        1667        1        6
2381        1693        1        6
2355        1693        1        6
2328        1720        1        6
2328        1693        1        6
2355        1693        1        6
2355        1667        1        6
2381        1640        1        6
2381        1614        1        6
2408        1614        1        6
2408        1588        1        6
2434        1588        1        6
2434        1561        1        6
2461        1561        1        6
2487        1535        1        6
2514        1535        1        6
2540        1508        1        6
2593        1508        1        6
2619        1482        1        6
2646        1482        1        6
2672        1455        1        6
2725        1455        1        6
2752        1455        1        6
2805        1429        1        6
2831        1429        1        6
2858        1429        1        6
2910        1429        1        6
2937        1429        1        6
2963        1429        1        6
3016        1429        1        6
3043        1429        1        6
3069        1429        1        6
3096        1455        1        6
3122        1455        1        6
3149        1482        1        6
3175        1482        1        6
3201        1508        1        6
3254        1508        1        6
3281        1535        1        6
3307        1535        1        6
3334        1561        1        6
3334        1588        1        6
3360        1588        1        6
3387        1614        1        6
3413        1614        1        6
3413        1640        1        6
3440        1640        1        6
3440        1667        1        6
3466        1667        1        6
3466        1693        1        6
PEN_UP                  0
PEN_DOWN
3440        1376        1        7
3466        1402        1        7
3466        1429        1        7
3466        1455        1        7
3493        1482        1        7
3493        1508        1        7
3493        1535        1        7
3493        1561        1        7
3493        1588        1        7
3493        1614        1        7
3493        1640        1        7
3493        1693        1        7
3493        1720        1        7
3493        1746        1        7
3493        1773        1        7
3493        1799        1        7
3493        1826        1        7
3493        1852        1        7
3493        1879        1        7
3493        1905        1        7
3493        1931        1        7
3493        1958        1        7
3493        1984        1        7
3493        2011        1        7
3493        2064        1        7
3466        2090        1        7
3466        2117        1        7
3466        2143        1        7
3466        2196        1        7
3466        2223        1        7
3466        2249        1        7
3466        2275        1        7
3466        2302        1        7
3466        2328        1        7
3466        2355        1        7
3466        2381        1        7
3493        2408        1        7
3493        2434        1        7
3493        2461        1        7
3493        2487        1        7
3493        2514        1        7
3493        2540        1        7
3519        2540        1        7
3519        2566        1        7
3519        2593        1        7
3519        2619        1        7
3545        2619        1        7
3519        2646        1        7
3545        2646        1        7
3519        2646        1        7
PEN_UP                  0
PEN_DOWN
3493        1429        1        8
3519        1429        1        8
3545        1429        1        8
3572        1402        1        8
3598        1402        1        8
3625        1402        1        8
3651        1402        1        8
3678        1402        1        8
PEN_UP                  0
END_CHARACTER: RRG
