CHARACTER_NAME: NS
STROKE_COUNT: 5
  X           Y   STYLUS_STATE STROKE
PEN_DOWN
1296        1482        1        1
1270        1482        1        1
1270        1455        1        1
1296        1455        1        1
1323        1455        1        1
1376        1455        1        1
1455        1455        1        1
1535        1429        1        1
1640        1429        1        1
1746        1429        1        1
1852        1429        1        1
1958        1455        1        1
2064        1455        1        1
2170        1455        1        1
2249        1455        1        1
2328        1455        1        1
2408        1455        1        1
2461        1455        1        1
2514        1455        1        1
2566        1455        1        1
2593        1455        1        1
2619        1455        1        1
2646        1455        1        1
2619        1455        1        1
PEN_UP                  0
PEN_DOWN
1905        1455        1        2
1879        1455        1        2
1852        1455        1        2
1826        1482        1        2
1799        1508        1        2
1773        1508        1        2
1773        1535        1        2
1746        1561        1        2
1746        1588        1        2
1746        1614        1        2
1746        1640        1        2
1746        1667        1        2
1773        1693        1        2
1826        1720        1        2
1852        1720        1        2
1905        1746        1        2
1931        1746        1        2
1984        1773        1        2
2037        1773        1        2
2090        1799        1        2
2143        1799        1        2
2170        1826        1        2
2223        1826        1        2
2249        1852        1        2
2275        1852        1        2
2302        1879        1        2
2302        1905        1        2
2328        1905        1        2
2328        1931        1        2
2328        1958        1        2
2328        1984        1        2
2302        2037        1        2
2275        2064        1        2
2249        2090        1        2
2196        2143        1        2
2143        2170        1        2
2117        2223        1        2
2064        2249        1        2
2011        2275        1        2
1958        2302        1        2
1905        2328        1        2
1852        2355        1        2
1799        2381        1        2
1746        2408        1        2
1720        2408        1        2
1667        2434        1        2
1640        2434        1        2
1614        2434        1        2
1588        2434        1        2
1561        2461        1        2
1535        2461        1        2
1535        2434        1        2
1561        2434        1        2
1588        2434        1        2
1614        2408        1        2
PEN_UP                  0
PEN_DOWN
2143        2170        1        3
2170        2170        1        3
2170        2143        1        3
2196        2143        1        3
2196        2117        1        3
2223        2090        1        3
2249        2090        1        3
2249        2064        1        3
2275        2037        1        3
2302        2037        1        3
2328        2011        1        3
2355        1984        1        3
2381        1984        1        3
2381        1958        1        3
2408        1958        1        3
2434        1958        1        3
2461        1958        1        3
2487        1958        1        3
2514        1958        1        3
2540        1984        1        3
2566        1984        1        3
2619        1984        1        3
2646        2011        1        3
2699        2011        1        3
2725        2011        1        3
2778        2011        1        3
2831        2037        1        3
2884        2037        1        3
2937        2037        1        3
2990        2037        1        3
3016        2064        1        3
3043        2064        1        3
PEN_UP                  0
PEN_DOWN
2990        1640        1        4
2963        1614        1        4
2963        1588        1        4
2963        1561        1        4
2963        1535        1        4
2963        1561        1        4
2990        1588        1        4
2990        1614        1        4
2990        1667        1        4
3016        1720        1        4
3016        1773        1        4
3016        1826        1        4
3043        1879        1        4
3043        1958        1        4
3069        2011        1        4
3069        2064        1        4
3096        2143        1        4
3096        2196        1        4
3122        2275        1        4
3122        2328        1        4
3149        2381        1        4
3175        2434        1        4
3201        2461        1        4
3201        2487        1        4
PEN_UP                  0
PEN_DOWN
1561        2011        1        5
1561        2037        1        5
1535        2037        1        5
1535        2064        1        5
1508        2064        1        5
1482        2064        1        5
1455        2090        1        5
1429        2090        1        5
1402        2064        1        5
1376        2037        1        5
1376        2011        1        5
1402        1984        1        5
1402        1958        1        5
1429        1958        1        5
1455        1931        1        5
1482        1905        1        5
1508        1879        1        5
1561        1879        1        5
1614        1852        1        5
1667        1852        1        5
1720        1852        1        5
1773        1879        1        5
1826        1879        1        5
1879        1905        1        5
1931        1905        1        5
1984        1931        1        5
2037        1958        1        5
2090        1984        1        5
2117        2011        1        5
2170        2037        1        5
2196        2064        1        5
2223        2064        1        5
2249        2090        1        5
2275        2090        1        5
2275        2117        1        5
PEN_UP                  0
END_CHARACTER: NS
