CHARACTER_NAME: DV
STROKE_COUNT: 3
  X           Y   STYLUS_STATE STROKE
PEN_DOWN
1244        1296        1        1
1270        1323        1        1
1296        1323        1        1
1349        1323        1        1
1402        1323        1        1
1482        1323        1        1
1588        1323        1        1
1720        1323        1        1
1826        1323        1        1
1958        1323        1        1
2090        1323        1        1
2196        1323        1        1
2302        1323        1        1
2408        1323        1        1
2487        1349        1        1
2566        1349        1        1
2619        1349        1        1
2672        1349        1        1
2699        1349        1        1
2725        1349        1        1
2699        1349        1        1
2672        1376        1        1
2646        1376        1        1
PEN_UP                  0
PEN_DOWN
1693        1402        1        2
1693        1376        1        2
1693        1349        1        2
1693        1376        1        2
1693        1402        1        2
1693        1455        1        2
1693        1482        1        2
1693        1535        1        2
1693        1588        1        2
1693        1640        1        2
1693        1693        1        2
1693        1746        1        2
1693        1826        1        2
1693        1852        1        2
1720        1905        1        2
1720        1931        1        2
1720        1958        1        2
1720        1984        1        2
1746        1984        1        2
1773        1984        1        2
1826        1958        1        2
1879        1931        1        2
1931        1905        1        2
1958        1879        1        2
2011        1879        1        2
2037        1852        1        2
2090        1826        1        2
2117        1826        1        2
2143        1826        1        2
2170        1799        1        2
2196        1799        1        2
2223        1826        1        2
2249        1826        1        2
2275        1852        1        2
2275        1879        1        2
2275        1905        1        2
2302        1931        1        2
2302        1984        1        2
2302        2037        1        2
2302        2090        1        2
2302        2143        1        2
2328        2223        1        2
2328        2275        1        2
2328        2328        1        2
2328        2355        1        2
2328        2381        1        2
2355        2408        1        2
2355        2434        1        2
2355        2461        1        2
2355        2487        1        2
2355        2461        1        2
2381        2461        1        2
2408        2434        1        2
PEN_UP                  0
PEN_DOWN
2540        2566        1        3
2514        2566        1        3
2487        2540        1        3
2461        2514        1        3
2434        2487        1        3
2408        2487        1        3
2408        2461        1        3
2381        2461        1        3
2355        2434        1        3
2328        2434        1        3
2328        2461        1        3
2302        2461        1        3
2275        2461        1        3
2249        2487        1        3
2223        2514        1        3
2196        2540        1        3
2196        2566        1        3
2170        2619        1        3
2170        2646        1        3
2170        2672        1        3
2196        2699        1        3
2196        2725        1        3
2196        2752        1        3
2223        2778        1        3
2249        2778        1        3
2275        2805        1        3
2328        2805        1        3
2355        2831        1        3
2408        2831        1        3
2461        2831        1        3
2487        2831        1        3
2540        2805        1        3
2593        2805        1        3
2619        2805        1        3
2672        2778        1        3
2699        2778        1        3
2752        2752        1        3
2778        2725        1        3
2805        2699        1        3
2831        2699        1        3
2831        2672        1        3
2858        2672        1        3
2858        2646        1        3
2884        2646        1        3
2858        2646        1        3
2884        2646        1        3
2884        2672        1        3
2884        2699        1        3
2884        2725        1        3
2884        2752        1        3
2884        2778        1        3
2910        2805        1        3
2884        2858        1        3
2884        2884        1        3
2884        2910        1        3
2858        2937        1        3
2858        2963        1        3
2805        2990        1        3
2778        3016        1        3
2725        3043        1        3
2646        3069        1        3
2593        3069        1        3
2514        3096        1        3
2434        3096        1        3
2355        3096        1        3
2275        3069        1        3
2196        3069        1        3
2117        3016        1        3
2037        2963        1        3
1958        2910        1        3
1905        2831        1        3
1852        2725        1        3
1799        2646        1        3
1773        2540        1        3
1746        2461        1        3
1720        2408        1        3
1693        2355        1        3
1693        2302        1        3
1667        2275        1        3
1667        2249        1        3
1640        2249        1        3
1614        2275        1        3
PEN_UP                  0
END_CHARACTER: DV
