CHARACTER_NAME: MP
STROKE_COUNT: 5
  X           Y   STYLUS_STATE STROKE
PEN_DOWN
 873         767        1        1
 926         767        1        1
 953         767        1        1
1005         767        1        1
1058         767        1        1
1111         767        1        1
1191         767        1        1
1244         767        1        1
1323         767        1        1
1376         767        1        1
1429         767        1        1
1455         767        1        1
1508         767        1        1
1535         767        1        1
1561         767        1        1
1588         767        1        1
1561         767        1        1
1535         767        1        1
1508         767        1        1
1482         767        1        1
1455         794        1        1
1429         794        1        1
1402         794        1        1
1349         820        1        1
1323         820        1        1
1296         847        1        1
1270         847        1        1
1244         873        1        1
1217         900        1        1
1217         926        1        1
1191         953        1        1
1191         979        1        1
1164        1005        1        1
1164        1032        1        1
1138        1058        1        1
1164        1085        1        1
1164        1111        1        1
1191        1111        1        1
1217        1111        1        1
1244        1111        1        1
1296        1111        1        1
1323        1111        1        1
1349        1111        1        1
1402        1111        1        1
1429        1111        1        1
1455        1111        1        1
1482        1111        1        1
1508        1111        1        1
1535        1111        1        1
1561        1111        1        1
1588        1111        1        1
1614        1111        1        1
1640        1111        1        1
1667        1138        1        1
1693        1138        1        1
1720        1138        1        1
1746        1164        1        1
1746        1191        1        1
1773        1217        1        1
1799        1244        1        1
1826        1270        1        1
1852        1296        1        1
1852        1323        1        1
1879        1376        1        1
1879        1402        1        1
1879        1429        1        1
1879        1482        1        1
1852        1508        1        1
1852        1535        1        1
1826        1561        1        1
1799        1588        1        1
1773        1614        1        1
1746        1614        1        1
1746        1640        1        1
1720        1640        1        1
1693        1640        1        1
1693        1614        1        1
1667        1614        1        1
1667        1588        1        1
1667        1561        1        1
1667        1535        1        1
1667        1508        1        1
1693        1482        1        1
1693        1455        1        1
1720        1429        1        1
1746        1402        1        1
1773        1376        1        1
1773        1349        1        1
1799        1349        1        1
1826        1323        1        1
1852        1296        1        1
1879        1296        1        1
1905        1270        1        1
1931        1270        1        1
1984        1270        1        1
2037        1270        1        1
2064        1270        1        1
2090        1270        1        1
2143        1270        1        1
2170        1270        1        1
2196        1270        1        1
2223        1296        1        1
2275        1296        1        1
2302        1323        1        1
2328        1323        1        1
2355        1349        1        1
2355        1376        1        1
2381        1376        1        1
2408        1402        1        1
2434        1429        1        1
2434        1455        1        1
2461        1455        1        1
2461        1482        1        1
2487        1482        1        1
2487        1508        1        1
2487        1482        1        1
2487        1455        1        1
2487        1429        1        1
2487        1402        1        1
2487        1376        1        1
2487        1349        1        1
2487        1296        1        1
2487        1270        1        1
2487        1244        1        1
2487        1217        1        1
2487        1191        1        1
2487        1164        1        1
2487        1138        1        1
2487        1111        1        1
2487        1085        1        1
2487        1058        1        1
2487        1032        1        1
2487        1005        1        1
2461         979        1        1
2487         953        1        1
2461         953        1        1
2487         926        1        1
2461         926        1        1
2461         900        1        1
2487         900        1        1
2487         873        1        1
2487         847        1        1
2487         820        1        1
2487         794        1        1
2487         767        1        1
2487         794        1        1
PEN_UP                  0
PEN_DOWN
1614         794        1        2
1640         794        1        2
1667         794        1        2
1693         794        1        2
1720         794        1        2
1773         794        1        2
1826         794        1        2
1879         794        1        2
1931         820        1        2
1984         820        1        2
2011         820        1        2
2064         820        1        2
2090         820        1        2
2143         820        1        2
2170         820        1        2
2196         820        1        2
2223         820        1        2
2249         794        1        2
2275         794        1        2
2302         794        1        2
2355         794        1        2
2381         794        1        2
2408         794        1        2
2434         794        1        2
2461         794        1        2
2487         794        1        2
2514         794        1        2
2540         794        1        2
2566         794        1        2
2593         794        1        2
2619         794        1        2
2646         794        1        2
2699         794        1        2
2725         820        1        2
2752         820        1        2
2778         820        1        2
2805         820        1        2
2805         847        1        2
PEN_UP                  0
PEN_DOWN
2514        1508        1        3
2540        1508        1        3
2566        1508        1        3
2566        1535        1        3
2593        1535        1        3
2593        1561        1        3
2593        1588        1        3
2593        1614        1        3
2593        1640        1        3
2619        1667        1        3
2619        1693        1        3
2619        1720        1        3
2619        1746        1        3
2619        1773        1        3
2619        1799        1        3
2593        1826        1        3
2593        1852        1        3
2593        1879        1        3
2566        1905        1        3
2566        1931        1        3
2540        1958        1        3
2514        1984        1        3
2487        2011        1        3
2461        2037        1        3
2434        2037        1        3
2408        2064        1        3
2381        2064        1        3
2381        2090        1        3
2355        2090        1        3
2381        2064        1        3
2408        2064        1        3
2434        2064        1        3
2461        2037        1        3
2514        2011        1        3
2540        2011        1        3
2593        1984        1        3
2619        1984        1        3
2672        1958        1        3
2725        1931        1        3
2752        1905        1        3
2805        1905        1        3
2831        1879        1        3
2884        1852        1        3
2910        1826        1        3
2963        1799        1        3
2990        1799        1        3
3043        1773        1        3
3069        1746        1        3
3096        1746        1        3
3122        1720        1        3
3149        1720        1        3
3175        1720        1        3
3201        1693        1        3
3228        1693        1        3
3254        1667        1        3
3281        1640        1        3
3307        1640        1        3
3334        1614        1        3
3360        1614        1        3
3387        1614        1        3
3387        1588        1        3
3413        1588        1        3
3440        1561        1        3
3466        1561        1        3
3440        1561        1        3
PEN_UP                  0
PEN_DOWN
2461        1455        1        4
2487        1455        1        4
2487        1429        1        4
2514        1429        1        4
2540        1429        1        4
2566        1429        1        4
2619        1429        1        4
2646        1429        1        4
2699        1429        1        4
2752        1429        1        4
2805        1429        1        4
2831        1429        1        4
2884        1455        1        4
2937        1455        1        4
2990        1455        1        4
3043        1455        1        4
3096        1482        1        4
3122        1482        1        4
3175        1482        1        4
3228        1508        1        4
3281        1508        1        4
3334        1535        1        4
3360        1535        1        4
3387        1561        1        4
3440        1561        1        4
3440        1588        1        4
3466        1614        1        4
3493        1614        1        4
3493        1640        1        4
3519        1667        1        4
3545        1693        1        4
3545        1720        1        4
3572        1720        1        4
3598        1746        1        4
3598        1720        1        4
3598        1693        1        4
3598        1667        1        4
3598        1640        1        4
3598        1614        1        4
3598        1588        1        4
3598        1561        1        4
3598        1535        1        4
3625        1508        1        4
3625        1482        1        4
3625        1455        1        4
3625        1482        1        4
3625        1508        1        4
3625        1535        1        4
3625        1561        1        4
3625        1588        1        4
3625        1614        1        4
3625        1640        1        4
3625        1667        1        4
3625        1693        1        4
3625        1720        1        4
3625        1773        1        4
3625        1799        1        4
3625        1852        1        4
3651        1905        1        4
3651        1931        1        4
3651        1958        1        4
3651        2011        1        4
3651        2037        1        4
3651        2064        1        4
3651        2090        1        4
3651        2143        1        4
3651        2196        1        4
3651        2223        1        4
3651        2249        1        4
3651        2275        1        4
3651        2302        1        4
3651        2328        1        4
3651        2355        1        4
3651        2381        1        4
3651        2408        1        4
3651        2434        1        4
3625        2461        1        4
3625        2487        1        4
3625        2514        1        4
3625        2540        1        4
3625        2514        1        4
3625        2487        1        4
3598        2461        1        4
3598        2434        1        4
3572        2408        1        4
PEN_UP                  0
PEN_DOWN
3625        1482        1        5
3651        1482        1        5
3678        1508        1        5
3704        1508        1        5
3757        1508        1        5
3810        1508        1        5
3863        1508        1        5
3916        1508        1        5
3942        1508        1        5
3995        1508        1        5
4022        1508        1        5
4048        1508        1        5
4075        1508        1        5
4101        1508        1        5
4075        1535        1        5
PEN_UP                  0
END_CHARACTER: MP
