CHARACTER_NAME: NTR
STROKE_COUNT: 2
  X           Y   STYLUS_STATE STROKE
PEN_DOWN
1244         688        1        1
1270         688        1        1
1270         714        1        1
1296         714        1        1
1323         714        1        1
1323         741        1        1
1323         767        1        1
1323         794        1        1
1349         820        1        1
1349         847        1        1
1349         873        1        1
1349         900        1        1
1349         926        1        1
1349         979        1        1
1349        1005        1        1
1349        1032        1        1
1323        1058        1        1
1323        1085        1        1
1296        1111        1        1
1296        1138        1        1
1270        1164        1        1
1244        1191        1        1
1217        1191        1        1
1217        1164        1        1
1191        1164        1        1
1164        1138        1        1
1164        1111        1        1
1164        1085        1        1
1164        1058        1        1
1164        1032        1        1
1164        1005        1        1
1164         979        1        1
1164         953        1        1
1164         926        1        1
1191         900        1        1
1191         873        1        1
1191         847        1        1
1217         820        1        1
1217         794        1        1
1217         767        1        1
1244         767        1        1
1244         741        1        1
1270         741        1        1
1270         714        1        1
1296         714        1        1
1323         688        1        1
1349         688        1        1
1376         688        1        1
1402         688        1        1
1429         661        1        1
1455         688        1        1
1482         688        1        1
1535         688        1        1
1561         688        1        1
1588         688        1        1
1640         714        1        1
1667         714        1        1
1693         741        1        1
1746         741        1        1
1799         767        1        1
1826         794        1        1
1879         820        1        1
1905         873        1        1
1931         900        1        1
1984         926        1        1
2011         953        1        1
2037         979        1        1
2090        1005        1        1
2117        1058        1        1
2143        1085        1        1
2170        1111        1        1
2196        1138        1        1
2223        1164        1        1
2249        1191        1        1
2275        1217        1        1
2302        1217        1        1
2302        1244        1        1
2328        1244        1        1
2328        1217        1        1
2328        1191        1        1
2328        1164        1        1
2328        1138        1        1
2328        1111        1        1
2328        1085        1        1
2328        1058        1        1
2328        1032        1        1
2328        1005        1        1
2328         979        1        1
2328         953        1        1
2328         926        1        1
2328         900        1        1
2328         873        1        1
2328         847        1        1
2328         820        1        1
2328         794        1        1
2328         767        1        1
2328         741        1        1
2328         714        1        1
2328         688        1        1
2355         661        1        1
2355         635        1        1
2328         609        1        1
2355         609        1        1
2355         582        1        1
2355         556        1        1
2381         556        1        1
2355         582        1        1
2355         609        1        1
2355         635        1        1
2355         661        1        1
2381         688        1        1
2381         714        1        1
2381         741        1        1
2381         767        1        1
2381         794        1        1
2381         820        1        1
2381         847        1        1
2381         873        1        1
2381         900        1        1
2381         926        1        1
2381         953        1        1
2381         979        1        1
2381        1005        1        1
2381        1032        1        1
2381        1058        1        1
2381        1085        1        1
2381        1111        1        1
2355        1138        1        1
2355        1164        1        1
2355        1191        1        1
2355        1217        1        1
2355        1244        1        1
2355        1270        1        1
2355        1296        1        1
2355        1323        1        1
2355        1349        1        1
2328        1376        1        1
2328        1402        1        1
2328        1429        1        1
2328        1455        1        1
2328        1482        1        1
2328        1508        1        1
2302        1508        1        1
2302        1535        1        1
2302        1561        1        1
2275        1588        1        1
2275        1614        1        1
2249        1640        1        1
2249        1667        1        1
2249        1693        1        1
2223        1720        1        1
2196        1720        1        1
2196        1746        1        1
2170        1746        1        1
2143        1746        1        1
2143        1720        1        1
2117        1720        1        1
2090        1693        1        1
2090        1667        1        1
2090        1640        1        1
2064        1614        1        1
2090        1588        1        1
2090        1561        1        1
2117        1535        1        1
2117        1508        1        1
2143        1482        1        1
2170        1482        1        1
2170        1455        1        1
2196        1455        1        1
2223        1429        1        1
2249        1429        1        1
2249        1402        1        1
2275        1402        1        1
2302        1402        1        1
2302        1376        1        1
2328        1376        1        1
2355        1376        1        1
2381        1376        1        1
2408        1376        1        1
2461        1376        1        1
2487        1402        1        1
2514        1402        1        1
2566        1402        1        1
2593        1402        1        1
2619        1429        1        1
2646        1429        1        1
2672        1455        1        1
2699        1482        1        1
2725        1508        1        1
2752        1535        1        1
2778        1561        1        1
2778        1588        1        1
2805        1640        1        1
2831        1667        1        1
2858        1720        1        1
2858        1746        1        1
2884        1799        1        1
2884        1826        1        1
2884        1879        1        1
2884        1931        1        1
2884        1984        1        1
2884        2011        1        1
2884        2064        1        1
2884        2090        1        1
2884        2117        1        1
2884        2143        1        1
2884        2196        1        1
2858        2196        1        1
2858        2223        1        1
2858        2249        1        1
2858        2275        1        1
2831        2275        1        1
2831        2249        1        1
2831        2223        1        1
2805        2196        1        1
2778        2170        1        1
2778        2143        1        1
2752        2090        1        1
2725        2064        1        1
2699        2037        1        1
2672        2011        1        1
2646        1984        1        1
2619        1984        1        1
2619        1958        1        1
2593        1958        1        1
2566        1958        1        1
2540        1958        1        1
2514        1958        1        1
2487        1958        1        1
2461        1958        1        1
2434        1984        1        1
2408        1984        1        1
2381        2011        1        1
2355        2011        1        1
2328        2037        1        1
2302        2037        1        1
2275        2064        1        1
2249        2090        1        1
2223        2090        1        1
2196        2117        1        1
2170        2143        1        1
2143        2170        1        1
2117        2196        1        1
2117        2223        1        1
2090        2249        1        1
2064        2275        1        1
2037        2302        1        1
2011        2328        1        1
1984        2355        1        1
1958        2381        1        1
1931        2408        1        1
1905        2434        1        1
1905        2461        1        1
1879        2487        1        1
1852        2514        1        1
1826        2540        1        1
1799        2566        1        1
1773        2593        1        1
1746        2619        1        1
1720        2619        1        1
1693        2619        1        1
1667        2619        1        1
1640        2593        1        1
1614        2593        1        1
1614        2566        1        1
1588        2540        1        1
1588        2514        1        1
1561        2487        1        1
1561        2461        1        1
1561        2434        1        1
1535        2408        1        1
1535        2381        1        1
1508        2355        1        1
1508        2328        1        1
1482        2328        1        1
1482        2302        1        1
1455        2275        1        1
PEN_UP                  0
PEN_DOWN
 873         529        1        2
 900         556        1        2
 926         556        1        2
 953         556        1        2
 979         556        1        2
1005         556        1        2
1032         556        1        2
1058         556        1        2
1085         556        1        2
1111         556        1        2
1164         582        1        2
1191         582        1        2
1217         582        1        2
1270         582        1        2
1296         582        1        2
1323         582        1        2
1349         582        1        2
1376         582        1        2
1429         582        1        2
1455         582        1        2
1482         582        1        2
1508         582        1        2
1535         582        1        2
1561         582        1        2
1588         582        1        2
1640         582        1        2
1667         582        1        2
1693         582        1        2
1720         582        1        2
1746         582        1        2
1773         582        1        2
1799         582        1        2
1826         582        1        2
1852         582        1        2
1879         582        1        2
1905         582        1        2
1931         582        1        2
1958         582        1        2
1984         582        1        2
2011         582        1        2
2037         582        1        2
2064         582        1        2
2090         582        1        2
2117         582        1        2
2143         582        1        2
2170         582        1        2
2196         582        1        2
2223         582        1        2
2249         582        1        2
2275         582        1        2
2302         582        1        2
2328         582        1        2
2355         582        1        2
2381         582        1        2
2408         582        1        2
2434         582        1        2
2461         556        1        2
2487         556        1        2
2514         556        1        2
2540         556        1        2
2566         556        1        2
2593         556        1        2
2619         556        1        2
2646         556        1        2
2672         556        1        2
2699         556        1        2
2725         556        1        2
2752         556        1        2
2778         556        1        2
2805         556        1        2
2831         556        1        2
2858         556        1        2
2884         556        1        2
2910         556        1        2
2937         556        1        2
2963         556        1        2
2990         556        1        2
2963         556        1        2
PEN_UP                  0
END_CHARACTER: NTR
