CHARACTER_NAME: SSB
STROKE_COUNT: 3
  X           Y   STYLUS_STATE STROKE
PEN_DOWN
1032        1270        1        1
1058        1270        1        1
1085        1270        1        1
1111        1270        1        1
1164        1270        1        1
1217        1270        1        1
1296        1270        1        1
1376        1270        1        1
1482        1244        1        1
1588        1244        1        1
1667        1244        1        1
1773        1244        1        1
1879        1244        1        1
1984        1244        1        1
2090        1244        1        1
2196        1244        1        1
2302        1244        1        1
2434        1244        1        1
2540        1244        1        1
2646        1244        1        1
2778        1244        1        1
2858        1244        1        1
2937        1244        1        1
3016        1244        1        1
3069        1244        1        1
3149        1244        1        1
3175        1244        1        1
3228        1244        1        1
3281        1244        1        1
3307        1244        1        1
3334        1244        1        1
3360        1244        1        1
3387        1244        1        1
3334        1244        1        1
3281        1244        1        1
PEN_UP                  0
PEN_DOWN
1588        1482        1        2
1588        1508        1        2
1614        1535        1        2
1640        1561        1        2
1667        1561        1        2
1693        1561        1        2
1746        1588        1        2
1773        1588        1        2
1799        1588        1        2
1852        1588        1        2
1879        1614        1        2
1905        1614        1        2
1958        1614        1        2
1984        1640        1        2
2011        1640        1        2
2037        1667        1        2
2064        1693        1        2
2064        1720        1        2
2064        1773        1        2
2064        1799        1        2
2064        1852        1        2
2064        1905        1        2
2037        1931        1        2
2037        1984        1        2
2011        2037        1        2
1984        2064        1        2
1931        2090        1        2
1905        2117        1        2
1879        2143        1        2
1852        2143        1        2
1826        2170        1        2
1799        2170        1        2
1773        2170        1        2
1746        2170        1        2
1720        2170        1        2
PEN_UP                  0
PEN_DOWN
2275        1667        1        3
2302        1667        1        3
2328        1667        1        3
2355        1667        1        3
2381        1667        1        3
2408        1667        1        3
2461        1667        1        3
2487        1667        1        3
2514        1667        1        3
2540        1693        1        3
2566        1693        1        3
2593        1693        1        3
2619        1720        1        3
2646        1720        1        3
2672        1720        1        3
2699        1746        1        3
2725        1746        1        3
2725        1773        1        3
2725        1746        1        3
2725        1720        1        3
2752        1693        1        3
2752        1667        1        3
2752        1640        1        3
2752        1614        1        3
2725        1588        1        3
2725        1561        1        3
2725        1535        1        3
2725        1508        1        3
2725        1482        1        3
2725        1455        1        3
2725        1429        1        3
2725        1402        1        3
2725        1429        1        3
2752        1429        1        3
2752        1455        1        3
2752        1482        1        3
2778        1508        1        3
2778        1535        1        3
2778        1561        1        3
2778        1588        1        3
2778        1640        1        3
2805        1667        1        3
2805        1720        1        3
2805        1773        1        3
2805        1799        1        3
2805        1879        1        3
2805        1931        1        3
2831        1984        1        3
2831        2037        1        3
2831        2090        1        3
2831        2143        1        3
2831        2196        1        3
2831        2223        1        3
2858        2249        1        3
2858        2275        1        3
2858        2302        1        3
2831        2328        1        3
2805        2328        1        3
2778        2355        1        3
2752        2355        1        3
2699        2355        1        3
2646        2381        1        3
2593        2408        1        3
2540        2434        1        3
2487        2461        1        3
2461        2487        1        3
2408        2514        1        3
2381        2540        1        3
2328        2540        1        3
2302        2566        1        3
2302        2593        1        3
2275        2593        1        3
2249        2619        1        3
2223        2619        1        3
2249        2646        1        3
2275        2646        1        3
2302        2672        1        3
2328        2672        1        3
2355        2672        1        3
2408        2672        1        3
2461        2699        1        3
2514        2699        1        3
2540        2699        1        3
2593        2725        1        3
2646        2725        1        3
2699        2752        1        3
2752        2752        1        3
2778        2778        1        3
2805        2778        1        3
2831        2805        1        3
2858        2805        1        3
2884        2831        1        3
2910        2831        1        3
2910        2858        1        3
2937        2858        1        3
2963        2884        1        3
2990        2858        1        3
2990        2831        1        3
2990        2805        1        3
2990        2778        1        3
2963        2752        1        3
2963        2725        1        3
2963        2699        1        3
2963        2672        1        3
2963        2646        1        3
2963        2593        1        3
2990        2566        1        3
2990        2540        1        3
2990        2514        1        3
2990        2487        1        3
2990        2461        1        3
2990        2434        1        3
2990        2408        1        3
2990        2381        1        3
2990        2355        1        3
2990        2328        1        3
2990        2302        1        3
2990        2275        1        3
2990        2249        1        3
2990        2223        1        3
2990        2196        1        3
2990        2170        1        3
2990        2143        1        3
2990        2170        1        3
PEN_UP                  0
END_CHARACTER: SSB
