CHARACTER_NAME: DD
STROKE_COUNT: 2
  X           Y   STYLUS_STATE STROKE
PEN_DOWN
 582        1455        1        1
 609        1455        1        1
 635        1455        1        1
 661        1455        1        1
 688        1455        1        1
 714        1455        1        1
 741        1455        1        1
 767        1455        1        1
 820        1455        1        1
 847        1455        1        1
 873        1455        1        1
 900        1455        1        1
 926        1455        1        1
 953        1429        1        1
 979        1429        1        1
1005        1429        1        1
1032        1429        1        1
1085        1455        1        1
1111        1455        1        1
1164        1455        1        1
1191        1455        1        1
1244        1455        1        1
1270        1455        1        1
1296        1455        1        1
1323        1455        1        1
1349        1455        1        1
1402        1455        1        1
1429        1455        1        1
1482        1455        1        1
1535        1455        1        1
1588        1455        1        1
1640        1455        1        1
1693        1429        1        1
1746        1429        1        1
1799        1429        1        1
1826        1429        1        1
1879        1429        1        1
1905        1429        1        1
1931        1429        1        1
1984        1429        1        1
2011        1429        1        1
2064        1429        1        1
2117        1429        1        1
2143        1429        1        1
2196        1429        1        1
2249        1429        1        1
2302        1429        1        1
2328        1429        1        1
2381        1429        1        1
2408        1429        1        1
2461        1429        1        1
2514        1429        1        1
2566        1402        1        1
2619        1402        1        1
2672        1402        1        1
2752        1402        1        1
2805        1402        1        1
2884        1402        1        1
2910        1402        1        1
2963        1402        1        1
3016        1402        1        1
3043        1402        1        1
3069        1402        1        1
3096        1402        1        1
3122        1402        1        1
3149        1402        1        1
3175        1402        1        1
3201        1402        1        1
3175        1402        1        1
3149        1402        1        1
PEN_UP                  0
PEN_DOWN
1323        1508        1        2
1323        1482        1        2
1323        1508        1        2
1323        1535        1        2
1323        1561        1        2
1323        1588        1        2
1323        1614        1        2
1323        1640        1        2
1323        1667        1        2
1323        1693        1        2
1296        1720        1        2
1296        1746        1        2
1296        1773        1        2
1296        1799        1        2
1296        1852        1        2
1296        1879        1        2
1296        1905        1        2
1270        1958        1        2
1270        1984        1        2
1270        2011        1        2
1270        2064        1        2
1270        2090        1        2
1270        2117        1        2
1244        2143        1        2
1244        2170        1        2
1244        2196        1        2
1244        2249        1        2
1217        2275        1        2
1217        2302        1        2
1191        2328        1        2
1191        2381        1        2
1191        2408        1        2
1164        2434        1        2
1164        2461        1        2
1138        2514        1        2
1138        2540        1        2
1138        2566        1        2
1111        2593        1        2
1111        2619        1        2
1111        2646        1        2
1085        2672        1        2
1085        2699        1        2
1085        2725        1        2
1085        2752        1        2
1058        2778        1        2
1058        2805        1        2
1058        2831        1        2
1058        2858        1        2
1058        2831        1        2
1085        2831        1        2
1085        2805        1        2
1085        2778        1        2
1085        2752        1        2
1111        2752        1        2
1111        2725        1        2
1138        2699        1        2
1138        2672        1        2
1164        2646        1        2
1191        2619        1        2
1191        2593        1        2
1217        2593        1        2
1217        2566        1        2
1244        2566        1        2
1244        2540        1        2
1270        2540        1        2
1296        2514        1        2
1323        2514        1        2
1323        2487        1        2
1349        2487        1        2
1376        2487        1        2
1376        2461        1        2
1402        2461        1        2
1429        2461        1        2
1455        2434        1        2
1482        2434        1        2
1508        2434        1        2
1535        2408        1        2
1561        2408        1        2
1614        2381        1        2
1640        2381        1        2
1667        2381        1        2
1693        2355        1        2
1720        2355        1        2
1746        2328        1        2
1773        2328        1        2
1799        2328        1        2
1826        2302        1        2
1852        2302        1        2
1879        2302        1        2
1905        2275        1        2
1931        2275        1        2
1958        2249        1        2
1984        2249        1        2
2011        2223        1        2
2037        2223        1        2
2064        2196        1        2
2090        2196        1        2
2117        2196        1        2
2117        2170        1        2
2143        2170        1        2
2143        2143        1        2
2170        2143        1        2
2196        2143        1        2
2196        2117        1        2
2223        2117        1        2
2249        2117        1        2
2223        2117        1        2
2196        2117        1        2
2196        2143        1        2
2170        2143        1        2
2143        2143        1        2
2143        2170        1        2
2117        2170        1        2
2090        2196        1        2
2064        2196        1        2
2064        2223        1        2
2037        2249        1        2
2011        2249        1        2
2011        2275        1        2
1984        2275        1        2
1984        2302        1        2
1958        2328        1        2
1931        2355        1        2
1931        2381        1        2
1905        2408        1        2
1931        2408        1        2
1905        2434        1        2
1905        2461        1        2
1879        2461        1        2
1879        2487        1        2
1852        2514        1        2
1826        2540        1        2
1826        2566        1        2
1799        2566        1        2
1799        2593        1        2
1799        2619        1        2
1773        2646        1        2
1773        2672        1        2
1773        2699        1        2
1746        2725        1        2
1746        2752        1        2
1746        2778        1        2
1720        2805        1        2
1720        2831        1        2
1720        2858        1        2
1720        2884        1        2
1720        2910        1        2
1720        2937        1        2
1720        2963        1        2
1720        2990        1        2
1720        3016        1        2
1720        3043        1        2
1720        3069        1        2
1720        3096        1        2
1720        3122        1        2
1720        3149        1        2
1720        3175        1        2
1720        3201        1        2
1720        3228        1        2
1720        3254        1        2
1720        3281        1        2
1746        3281        1        2
1746        3307        1        2
1746        3334        1        2
1773        3334        1        2
1799        3334        1        2
1799        3307        1        2
1799        3281        1        2
1826        3281        1        2
1826        3254        1        2
1852        3254        1        2
1852        3228        1        2
1879        3228        1        2
1879        3201        1        2
1905        3175        1        2
1905        3149        1        2
1931        3149        1        2
1931        3122        1        2
1958        3122        1        2
1958        3096        1        2
1984        3096        1        2
1984        3069        1        2
2011        3069        1        2
2037        3043        1        2
2064        3016        1        2
2064        2990        1        2
2090        2990        1        2
2090        2963        1        2
2117        2937        1        2
2143        2910        1        2
2170        2884        1        2
2196        2858        1        2
2223        2858        1        2
2223        2831        1        2
2249        2805        1        2
2275        2805        1        2
2275        2778        1        2
2302        2778        1        2
2302        2752        1        2
2328        2752        1        2
2328        2725        1        2
2355        2725        1        2
2381        2699        1        2
2408        2672        1        2
2434        2672        1        2
2461        2646        1        2
2487        2646        1        2
2487        2619        1        2
2514        2619        1        2
2540        2593        1        2
2566        2593        1        2
2593        2566        1        2
2619        2566        1        2
2619        2540        1        2
2646        2540        1        2
2672        2540        1        2
2699        2514        1        2
2725        2514        1        2
2752        2514        1        2
2778        2487        1        2
2805        2487        1        2
2778        2514        1        2
2752        2514        1        2
2752        2540        1        2
2725        2540        1        2
2699        2540        1        2
2699        2566        1        2
2672        2593        1        2
2646        2619        1        2
2619        2646        1        2
2619        2672        1        2
2593        2699        1        2
2593        2725        1        2
2566        2752        1        2
2566        2778        1        2
2540        2805        1        2
2540        2831        1        2
2540        2858        1        2
2514        2910        1        2
2514        2937        1        2
2514        2990        1        2
2487        3016        1        2
2487        3069        1        2
2487        3096        1        2
2487        3122        1        2
2487        3175        1        2
2461        3201        1        2
2461        3228        1        2
2461        3281        1        2
2461        3307        1        2
2461        3360        1        2
2461        3387        1        2
2487        3413        1        2
2487        3466        1        2
2487        3493        1        2
2487        3519        1        2
2487        3572        1        2
2514        3598        1        2
2514        3625        1        2
2514        3651        1        2
2514        3678        1        2
2540        3704        1        2
2540        3731        1        2
2540        3757        1        2
2540        3784        1        2
2540        3836        1        2
2540        3863        1        2
2540        3889        1        2
2566        3916        1        2
2566        3942        1        2
2593        3969        1        2
2619        3995        1        2
2619        4022        1        2
2646        4048        1        2
2672        4075        1        2
2672        4048        1        2
PEN_UP                  0
END_CHARACTER: DD
