CHARACTER_NAME: NKH
STROKE_COUNT: 2
  X           Y   STYLUS_STATE STROKE
PEN_DOWN
 741         635        1        1
 767         635        1        1
 794         635        1        1
 820         635        1        1
 847         635        1        1
 873         635        1        1
 900         635        1        1
 926         635        1        1
 953         635        1        1
 979         635        1        1
1005         635        1        1
1005         661        1        1
1005         688        1        1
1005         714        1        1
1032         741        1        1
1032         767        1        1
1058         794        1        1
1085         820        1        1
1111         820        1        1
1111         847        1        1
1138         847        1        1
1164         873        1        1
1191         873        1        1
1217         900        1        1
1244         900        1        1
1270         900        1        1
1296         926        1        1
1323         926        1        1
1349         926        1        1
1376         926        1        1
1402         926        1        1
1429         926        1        1
1429         900        1        1
1455         900        1        1
1482         900        1        1
1508         900        1        1
1535         873        1        1
1561         873        1        1
1588         873        1        1
1588         847        1        1
1614         847        1        1
1640         847        1        1
1640         820        1        1
1667         820        1        1
1667         794        1        1
1693         794        1        1
1693         767        1        1
1720         767        1        1
1720         741        1        1
1720         714        1        1
1720         688        1        1
1720         661        1        1
1693         661        1        1
1693         635        1        1
1667         635        1        1
1667         609        1        1
1640         609        1        1
1614         609        1        1
1588         582        1        1
1561         609        1        1
1535         609        1        1
1535         635        1        1
1508         635        1        1
1508         661        1        1
1482         661        1        1
1482         688        1        1
1482         714        1        1
1482         741        1        1
1482         767        1        1
1482         794        1        1
1482         820        1        1
1482         847        1        1
1482         873        1        1
1482         900        1        1
1508         926        1        1
1508         953        1        1
1508         979        1        1
1535        1005        1        1
1535        1032        1        1
1561        1058        1        1
1561        1085        1        1
1561        1111        1        1
1588        1111        1        1
1588        1138        1        1
1614        1164        1        1
1640        1164        1        1
1640        1138        1        1
1667        1138        1        1
1693        1138        1        1
1720        1138        1        1
1720        1111        1        1
1746        1111        1        1
1746        1085        1        1
1773        1085        1        1
1799        1085        1        1
1826        1058        1        1
1852        1058        1        1
1852        1032        1        1
1879        1032        1        1
1879        1005        1        1
1905         979        1        1
1905         953        1        1
1931         953        1        1
1931         926        1        1
1931         900        1        1
1958         900        1        1
1958         873        1        1
1984         873        1        1
1984         847        1        1
2011         847        1        1
2011         873        1        1
2037         873        1        1
2037         900        1        1
2064         900        1        1
2064         926        1        1
2064         953        1        1
2064         979        1        1
2064        1005        1        1
2064        1032        1        1
2064        1058        1        1
2090        1085        1        1
2090        1111        1        1
2090        1138        1        1
2090        1164        1        1
2064        1164        1        1
2090        1191        1        1
2064        1217        1        1
2064        1244        1        1
2064        1270        1        1
2064        1296        1        1
2037        1323        1        1
2037        1349        1        1
2011        1376        1        1
2011        1402        1        1
1984        1429        1        1
1984        1455        1        1
1958        1455        1        1
1958        1482        1        1
1931        1482        1        1
1931        1508        1        1
1905        1508        1        1
1879        1508        1        1
1879        1535        1        1
1852        1535        1        1
1826        1535        1        1
1799        1561        1        1
1773        1561        1        1
1746        1561        1        1
1720        1561        1        1
1693        1561        1        1
1667        1588        1        1
1640        1588        1        1
1614        1588        1        1
1588        1588        1        1
1561        1588        1        1
1535        1588        1        1
1508        1588        1        1
1482        1561        1        1
1455        1561        1        1
1429        1561        1        1
1402        1561        1        1
1376        1561        1        1
1349        1561        1        1
1323        1535        1        1
1296        1535        1        1
1270        1535        1        1
1244        1535        1        1
1244        1508        1        1
1217        1508        1        1
1191        1508        1        1
1191        1482        1        1
1164        1482        1        1
1138        1455        1        1
1111        1455        1        1
1111        1429        1        1
1085        1429        1        1
1058        1402        1        1
1058        1376        1        1
1032        1376        1        1
1005        1349        1        1
1005        1323        1        1
 979        1323        1        1
 979        1296        1        1
 953        1296        1        1
 953        1270        1        1
 926        1270        1        1
 926        1244        1        1
 926        1217        1        1
 926        1191        1        1
 900        1191        1        1
 926        1191        1        1
 926        1217        1        1
PEN_UP                  0
PEN_DOWN
2170        1296        1        2
2196        1296        1        2
2196        1270        1        2
2170        1270        1        2
2196        1270        1        2
2196        1244        1        2
2170        1244        1        2
2196        1244        1        2
2196        1217        1        2
2196        1191        1        2
2196        1164        1        2
2196        1138        1        2
2196        1111        1        2
2196        1085        1        2
2170        1085        1        2
2196        1058        1        2
2170        1058        1        2
2170        1032        1        2
2170        1005        1        2
2170         979        1        2
2170         953        1        2
2143         953        1        2
2143         926        1        2
2143         900        1        2
2117         900        1        2
2117         873        1        2
2090         873        1        2
2090         847        1        2
2064         847        1        2
2064         873        1        2
2037         873        1        2
2064         873        1        2
2064         847        1        2
2090         847        1        2
2117         847        1        2
2143         847        1        2
2170         847        1        2
2196         847        1        2
2223         847        1        2
2249         847        1        2
2275         847        1        2
2302         847        1        2
2302         873        1        2
2328         873        1        2
2355         873        1        2
2381         900        1        2
2408         926        1        2
2434         953        1        2
2461         979        1        2
2487        1005        1        2
2487        1032        1        2
2514        1032        1        2
2514        1058        1        2
2540        1085        1        2
2540        1111        1        2
2566        1138        1        2
2566        1164        1        2
2566        1191        1        2
2566        1217        1        2
2593        1217        1        2
2593        1244        1        2
2593        1270        1        2
2593        1296        1        2
2566        1323        1        2
2566        1349        1        2
2566        1376        1        2
2566        1402        1        2
2566        1429        1        2
2540        1429        1        2
2540        1455        1        2
2540        1482        1        2
2514        1508        1        2
2514        1535        1        2
2514        1561        1        2
2487        1561        1        2
2487        1588        1        2
2461        1588        1        2
2461        1614        1        2
2434        1614        1        2
2434        1640        1        2
2408        1640        1        2
2408        1667        1        2
2381        1667        1        2
2355        1667        1        2
2328        1667        1        2
2302        1667        1        2
2302        1640        1        2
2275        1614        1        2
2275        1588        1        2
2275        1561        1        2
2302        1535        1        2
2302        1508        1        2
2328        1508        1        2
2355        1508        1        2
2381        1508        1        2
2408        1508        1        2
2434        1508        1        2
2461        1508        1        2
2487        1508        1        2
2514        1508        1        2
2514        1535        1        2
2540        1535        1        2
2566        1535        1        2
2593        1535        1        2
2593        1561        1        2
2619        1561        1        2
2646        1561        1        2
2672        1561        1        2
2699        1561        1        2
2699        1588        1        2
2725        1588        1        2
2752        1588        1        2
2778        1588        1        2
2778        1614        1        2
2805        1614        1        2
2831        1614        1        2
2858        1614        1        2
2884        1640        1        2
2910        1640        1        2
2937        1640        1        2
2963        1667        1        2
2990        1667        1        2
3016        1667        1        2
3043        1693        1        2
3069        1693        1        2
3096        1720        1        2
3122        1720        1        2
3122        1746        1        2
3149        1746        1        2
3175        1746        1        2
3175        1773        1        2
3201        1746        1        2
3201        1720        1        2
3201        1693        1        2
3201        1667        1        2
3175        1640        1        2
3175        1614        1        2
3175        1588        1        2
3175        1561        1        2
3175        1535        1        2
3175        1508        1        2
3175        1482        1        2
3175        1455        1        2
3149        1455        1        2
3149        1429        1        2
3149        1402        1        2
3149        1376        1        2
3149        1349        1        2
3149        1323        1        2
3149        1296        1        2
3149        1270        1        2
3149        1244        1        2
3149        1217        1        2
3122        1191        1        2
3122        1164        1        2
3122        1138        1        2
3122        1111        1        2
3122        1085        1        2
3122        1058        1        2
3122        1032        1        2
3096        1005        1        2
3096         979        1        2
3096         953        1        2
3096         926        1        2
3096         900        1        2
3096         873        1        2
3096         847        1        2
3096         820        1        2
3096         794        1        2
3096         767        1        2
3069         767        1        2
3096         767        1        2
3096         741        1        2
3122         741        1        2
3149         741        1        2
3175         741        1        2
3201         741        1        2
3228         741        1        2
3254         741        1        2
3281         741        1        2
3307         741        1        2
3334         741        1        2
3360         741        1        2
3387         741        1        2
3413         741        1        2
3440         741        1        2
3466         741        1        2
3493         714        1        2
3519         741        1        2
3493         741        1        2
3493         767        1        2
PEN_UP                  0
END_CHARACTER: NKH
