CHARACTER_NAME: BHM
STROKE_COUNT: 3
  X           Y   STYLUS_STATE STROKE
PEN_DOWN
 450         926        1        1
 476         926        1        1
 503         926        1        1
 529         926        1        1
 556         926        1        1
 582         900        1        1
 609         900        1        1
 635         900        1        1
 661         900        1        1
 688         900        1        1
 714         900        1        1
 741         900        1        1
 767         900        1        1
 794         900        1        1
 847         873        1        1
 873         873        1        1
 926         873        1        1
 979         873        1        1
1005         847        1        1
1058         847        1        1
1111         847        1        1
1164         847        1        1
1191         847        1        1
1244         847        1        1
1296         820        1        1
1349         820        1        1
1402         820        1        1
1455         820        1        1
1482         820        1        1
1535         820        1        1
1588         820        1        1
1640         820        1        1
1667         820        1        1
1720         820        1        1
1746         794        1        1
1799         794        1        1
1826         794        1        1
1879         794        1        1
1905         794        1        1
1931         794        1        1
1984         794        1        1
2011         794        1        1
2037         794        1        1
2064         794        1        1
2090         794        1        1
2143         794        1        1
2170         794        1        1
2223         767        1        1
2275         767        1        1
2302         767        1        1
2355         767        1        1
2408         767        1        1
2434         767        1        1
2487         767        1        1
2514         767        1        1
2566         767        1        1
2593         767        1        1
2619         767        1        1
2672         767        1        1
2699         741        1        1
2752         741        1        1
2778         741        1        1
2805         741        1        1
2831         741        1        1
2858         741        1        1
2884         741        1        1
2910         741        1        1
2884         767        1        1
2858         767        1        1
PEN_UP                  0
PEN_DOWN
1085         873        1        2
1085         900        1        2
1111         900        1        2
1138         900        1        2
1164         926        1        2
1191         953        1        2
1191         979        1        2
1217        1005        1        2
1244        1032        1        2
1244        1058        1        2
1270        1085        1        2
1270        1111        1        2
1296        1138        1        2
1296        1164        1        2
1296        1191        1        2
1323        1217        1        2
1323        1244        1        2
1323        1270        1        2
1296        1296        1        2
1296        1323        1        2
1296        1349        1        2
1270        1402        1        2
1270        1429        1        2
1244        1455        1        2
1244        1482        1        2
1217        1482        1        2
1191        1508        1        2
1164        1535        1        2
1138        1561        1        2
1111        1561        1        2
1085        1588        1        2
1058        1588        1        2
1032        1614        1        2
1005        1614        1        2
 979        1614        1        2
 979        1640        1        2
 953        1640        1        2
 926        1614        1        2
 900        1614        1        2
 873        1614        1        2
 873        1588        1        2
 847        1588        1        2
 847        1561        1        2
 820        1535        1        2
 820        1508        1        2
 820        1482        1        2
 847        1455        1        2
 847        1429        1        2
 873        1402        1        2
 873        1376        1        2
 900        1349        1        2
 926        1349        1        2
 926        1323        1        2
 953        1323        1        2
 979        1323        1        2
1005        1296        1        2
1032        1296        1        2
1058        1296        1        2
1085        1296        1        2
1111        1296        1        2
1138        1296        1        2
1164        1296        1        2
1217        1296        1        2
1244        1323        1        2
1270        1323        1        2
1296        1323        1        2
1323        1349        1        2
1349        1349        1        2
1376        1376        1        2
1402        1402        1        2
1429        1429        1        2
1455        1455        1        2
1482        1482        1        2
1508        1508        1        2
1535        1535        1        2
1535        1561        1        2
1561        1588        1        2
1561        1640        1        2
1561        1667        1        2
1561        1693        1        2
1561        1746        1        2
1561        1773        1        2
1561        1799        1        2
1561        1826        1        2
1535        1879        1        2
1535        1905        1        2
1508        1931        1        2
1508        1958        1        2
1482        1984        1        2
1455        2011        1        2
1429        2037        1        2
1402        2064        1        2
1376        2090        1        2
1349        2090        1        2
1323        2090        1        2
1296        2117        1        2
1270        2090        1        2
1244        2090        1        2
1217        2090        1        2
1191        2064        1        2
1191        2037        1        2
1164        2011        1        2
1164        1984        1        2
1164        1958        1        2
1138        1931        1        2
1138        1905        1        2
1138        1879        1        2
1138        1852        1        2
1164        1826        1        2
1164        1799        1        2
1191        1773        1        2
1217        1746        1        2
1244        1746        1        2
1270        1720        1        2
1296        1720        1        2
1323        1720        1        2
1349        1693        1        2
1376        1693        1        2
1402        1693        1        2
1429        1693        1        2
1455        1693        1        2
1482        1693        1        2
1508        1693        1        2
1535        1693        1        2
1561        1720        1        2
1614        1720        1        2
1640        1720        1        2
1667        1746        1        2
1693        1746        1        2
1720        1746        1        2
1720        1773        1        2
1746        1773        1        2
1773        1773        1        2
1799        1799        1        2
1826        1826        1        2
1852        1852        1        2
1879        1879        1        2
1905        1905        1        2
1931        1931        1        2
1958        1958        1        2
1958        1984        1        2
1984        2011        1        2
2011        2037        1        2
2011        2064        1        2
2037        2064        1        2
2037        2090        1        2
2064        2117        1        2
2090        2143        1        2
2090        2170        1        2
2117        2170        1        2
2117        2196        1        2
2143        2196        1        2
2143        2170        1        2
2117        2170        1        2
2117        2143        1        2
2117        2117        1        2
2117        2090        1        2
2117        2064        1        2
2090        2064        1        2
2090        2037        1        2
2090        2011        1        2
2090        1984        1        2
2064        1958        1        2
2064        1931        1        2
2064        1905        1        2
2064        1879        1        2
2064        1852        1        2
2037        1852        1        2
2037        1826        1        2
2037        1799        1        2
2064        1799        1        2
2037        1799        1        2
2037        1773        1        2
2037        1746        1        2
2037        1720        1        2
2037        1693        1        2
2037        1667        1        2
2037        1640        1        2
2011        1614        1        2
2011        1588        1        2
2011        1561        1        2
1984        1535        1        2
1984        1508        1        2
1984        1482        1        2
1984        1455        1        2
1984        1429        1        2
1958        1429        1        2
1958        1402        1        2
1958        1376        1        2
1958        1349        1        2
1931        1323        1        2
1931        1296        1        2
1931        1270        1        2
1931        1244        1        2
1931        1217        1        2
1905        1217        1        2
1905        1191        1        2
1905        1164        1        2
1905        1138        1        2
1905        1111        1        2
1905        1085        1        2
1905        1058        1        2
1879        1058        1        2
1879        1032        1        2
1879        1005        1        2
1879         979        1        2
1879         953        1        2
1879         926        1        2
1879         900        1        2
1852         900        1        2
1852         873        1        2
1852         847        1        2
1852         820        1        2
1826         847        1        2
PEN_UP                  0
PEN_DOWN
1270        1323        1        3
1296        1323        1        3
1296        1296        1        3
1323        1296        1        3
1349        1296        1        3
1376        1296        1        3
1402        1296        1        3
1429        1296        1        3
1455        1296        1        3
1482        1270        1        3
1508        1270        1        3
1535        1270        1        3
1561        1270        1        3
1588        1270        1        3
1614        1270        1        3
1640        1270        1        3
1667        1244        1        3
1693        1244        1        3
1720        1244        1        3
1746        1244        1        3
1773        1244        1        3
1799        1244        1        3
1826        1244        1        3
1826        1270        1        3
1852        1270        1        3
1879        1270        1        3
1905        1270        1        3
1931        1270        1        3
1958        1270        1        3
1984        1270        1        3
2011        1270        1        3
2037        1270        1        3
2064        1270        1        3
2090        1270        1        3
2117        1270        1        3
2143        1296        1        3
2170        1296        1        3
2196        1296        1        3
2223        1296        1        3
2249        1296        1        3
2275        1323        1        3
2302        1323        1        3
2302        1349        1        3
2328        1349        1        3
2328        1376        1        3
2355        1376        1        3
2381        1402        1        3
2408        1429        1        3
2434        1429        1        3
2434        1455        1        3
2461        1455        1        3
2461        1482        1        3
2487        1508        1        3
2487        1535        1        3
2514        1535        1        3
2514        1561        1        3
2540        1588        1        3
2540        1614        1        3
2566        1640        1        3
2566        1667        1        3
2566        1693        1        3
2593        1693        1        3
2593        1720        1        3
2593        1746        1        3
2593        1773        1        3
2593        1799        1        3
2619        1799        1        3
2619        1826        1        3
2619        1852        1        3
2619        1879        1        3
2619        1905        1        3
2619        1931        1        3
2619        1958        1        3
2646        1984        1        3
2646        2011        1        3
2646        2037        1        3
2646        2064        1        3
2646        2090        1        3
2672        2117        1        3
2672        2143        1        3
2672        2170        1        3
2672        2196        1        3
2672        2223        1        3
2672        2249        1        3
2672        2275        1        3
2699        2275        1        3
2699        2302        1        3
2699        2328        1        3
2699        2355        1        3
2699        2381        1        3
2699        2408        1        3
PEN_UP                  0
END_CHARACTER: BHM
