CHARACTER_NAME: PAC
STROKE_COUNT: 1
  X           Y   STYLUS_STATE STROKE
PEN_DOWN
2566        1217        1        1
2540        1217        1        1
2514        1217        1        1
2487        1217        1        1
2461        1244        1        1
2434        1244        1        1
2408        1244        1        1
2381        1270        1        1
2381        1296        1        1
2355        1323        1        1
2355        1349        1        1
2355        1376        1        1
2328        1402        1        1
2328        1455        1        1
2328        1482        1        1
2328        1508        1        1
2302        1561        1        1
2302        1588        1        1
2302        1640        1        1
2328        1693        1        1
2328        1746        1        1
2355        1773        1        1
2355        1826        1        1
2381        1852        1        1
2408        1905        1        1
2434        1931        1        1
2487        1958        1        1
2514        1984        1        1
2566        2011        1        1
2619        2037        1        1
2672        2037        1        1
2725        2037        1        1
2778        2037        1        1
2805        2037        1        1
2858        2011        1        1
2910        2011        1        1
2937        1984        1        1
2963        1984        1        1
2963        1958        1        1
2990        1931        1        1
3016        1905        1        1
3016        1879        1        1
3016        1852        1        1
3043        1826        1        1
3043        1799        1        1
3043        1773        1        1
3043        1746        1        1
3016        1746        1        1
3016        1773        1        1
3016        1799        1        1
3016        1826        1        1
3016        1852        1        1
2990        1905        1        1
2990        1931        1        1
2990        1984        1        1
2963        2011        1        1
2963        2064        1        1
2937        2117        1        1
2910        2170        1        1
2884        2196        1        1
2858        2249        1        1
2805        2275        1        1
2778        2328        1        1
2725        2355        1        1
2672        2408        1        1
2619        2434        1        1
2566        2461        1        1
2514        2487        1        1
2461        2514        1        1
2408        2514        1        1
2355        2540        1        1
2328        2540        1        1
2275        2566        1        1
2249        2566        1        1
2196        2566        1        1
2170        2566        1        1
2117        2540        1        1
2090        2540        1        1
2037        2540        1        1
2011        2514        1        1
1958        2487        1        1
1931        2461        1        1
1905        2434        1        1
1852        2381        1        1
1826        2355        1        1
1799        2302        1        1
1746        2223        1        1
1720        2170        1        1
1693        2090        1        1
1667        2037        1        1
1640        1984        1        1
1614        1931        1        1
1614        1879        1        1
1588        1826        1        1
1588        1773        1        1
1614        1720        1        1
1614        1693        1        1
1614        1640        1        1
1614        1588        1        1
1614        1561        1        1
1640        1535        1        1
1640        1482        1        1
1640        1455        1        1
1667        1429        1        1
1667        1402        1        1
1667        1376        1        1
1667        1349        1        1
1693        1323        1        1
1693        1296        1        1
1693        1270        1        1
1693        1244        1        1
1720        1217        1        1
1720        1191        1        1
1720        1164        1        1
1720        1138        1        1
1720        1111        1        1
1720        1085        1        1
1720        1058        1        1
1720        1032        1        1
1720        1005        1        1
1720         979        1        1
1720        1005        1        1
1720        1032        1        1
1720        1058        1        1
1746        1085        1        1
1746        1111        1        1
1746        1138        1        1
1773        1138        1        1
1773        1164        1        1
1799        1164        1        1
1799        1191        1        1
1826        1191        1        1
1826        1217        1        1
1852        1217        1        1
1879        1244        1        1
1905        1244        1        1
1905        1270        1        1
1931        1270        1        1
1958        1270        1        1
1958        1296        1        1
1984        1296        1        1
2011        1296        1        1
2011        1323        1        1
2037        1323        1        1
2064        1323        1        1
2064        1349        1        1
2090        1349        1        1
2117        1349        1        1
2143        1376        1        1
2170        1376        1        1
2196        1376        1        1
2223        1376        1        1
2249        1376        1        1
2249        1349        1        1
2275        1349        1        1
2302        1349        1        1
2302        1323        1        1
2328        1323        1        1
PEN_UP                  0
END_CHARACTER: PAC
