CHARACTER_NAME: AYA
STROKE_COUNT: 3
  X           Y   STYLUS_STATE STROKE
PEN_DOWN
 873        1164        1        1
 900        1191        1        1
 926        1217        1        1
 953        1217        1        1
 979        1244        1        1
1005        1270        1        1
1058        1296        1        1
1111        1323        1        1
1164        1349        1        1
1217        1376        1        1
1270        1402        1        1
1323        1429        1        1
1349        1429        1        1
1402        1455        1        1
1429        1482        1        1
1455        1482        1        1
1455        1508        1        1
1482        1508        1        1
1508        1508        1        1
1482        1535        1        1
1455        1535        1        1
1402        1561        1        1
1349        1588        1        1
1296        1614        1        1
1244        1640        1        1
1191        1667        1        1
1138        1720        1        1
1085        1746        1        1
1032        1799        1        1
 979        1852        1        1
 953        1879        1        1
 900        1931        1        1
 873        1958        1        1
 847        2011        1        1
 820        2037        1        1
 820        2064        1        1
 794        2090        1        1
 794        2117        1        1
 794        2143        1        1
 794        2170        1        1
 820        2170        1        1
 847        2170        1        1
 873        2170        1        1
 900        2143        1        1
 953        2143        1        1
1005        2143        1        1
1058        2143        1        1
1111        2143        1        1
1191        2143        1        1
1244        2143        1        1
1296        2143        1        1
1349        2143        1        1
1402        2143        1        1
1455        2143        1        1
1508        2143        1        1
1561        2143        1        1
1614        2170        1        1
1667        2170        1        1
1720        2170        1        1
1773        2196        1        1
1826        2196        1        1
1879        2196        1        1
1905        2223        1        1
1958        2223        1        1
1984        2249        1        1
2011        2249        1        1
2064        2275        1        1
2090        2302        1        1
2117        2302        1        1
2170        2328        1        1
2196        2355        1        1
2223        2381        1        1
2249        2381        1        1
2275        2408        1        1
2302        2408        1        1
2328        2434        1        1
2355        2461        1        1
2381        2461        1        1
2355        2461        1        1
2355        2434        1        1
2355        2408        1        1
2355        2381        1        1
2355        2355        1        1
2355        2328        1        1
2355        2275        1        1
2355        2249        1        1
2355        2223        1        1
2355        2170        1        1
2355        2143        1        1
2355        2117        1        1
2355        2064        1        1
2355        2037        1        1
2355        1984        1        1
2355        1931        1        1
2355        1879        1        1
2355        1852        1        1
2355        1799        1        1
2355        1773        1        1
2328        1746        1        1
2328        1693        1        1
2328        1667        1        1
2328        1640        1        1
2328        1614        1        1
2302        1588        1        1
2302        1561        1        1
2302        1535        1        1
2302        1508        1        1
2275        1482        1        1
2275        1455        1        1
2275        1429        1        1
2275        1402        1        1
2275        1349        1        1
2275        1323        1        1
2249        1296        1        1
2249        1270        1        1
2249        1244        1        1
2249        1217        1        1
2249        1191        1        1
2249        1164        1        1
2249        1138        1        1
2249        1111        1        1
2249        1085        1        1
2249        1058        1        1
2249        1032        1        1
2249        1005        1        1
2249         979        1        1
2249         953        1        1
2249         926        1        1
2249         953        1        1
PEN_UP                  0
PEN_DOWN
1799        2540        1        2
1773        2514        1        2
1746        2514        1        2
1720        2514        1        2
1693        2514        1        2
1667        2514        1        2
1640        2514        1        2
1614        2514        1        2
1588        2514        1        2
1561        2514        1        2
1535        2514        1        2
1508        2540        1        2
1482        2540        1        2
1455        2540        1        2
1455        2566        1        2
1429        2566        1        2
1402        2593        1        2
1376        2593        1        2
1349        2619        1        2
1323        2646        1        2
1296        2672        1        2
1296        2699        1        2
1270        2725        1        2
1270        2752        1        2
1244        2752        1        2
1244        2778        1        2
1244        2805        1        2
1244        2831        1        2
1270        2858        1        2
1270        2884        1        2
1296        2910        1        2
1296        2937        1        2
1323        2937        1        2
1323        2963        1        2
1349        2963        1        2
1376        2990        1        2
1402        2990        1        2
1429        2990        1        2
1455        2990        1        2
1482        2990        1        2
1508        2990        1        2
1561        2990        1        2
1588        2990        1        2
1614        2990        1        2
1640        2990        1        2
1667        2963        1        2
1693        2963        1        2
1720        2963        1        2
1720        2937        1        2
1746        2937        1        2
1773        2910        1        2
1799        2884        1        2
1826        2884        1        2
1852        2858        1        2
1852        2831        1        2
1879        2831        1        2
1905        2805        1        2
1905        2778        1        2
1931        2778        1        2
1931        2752        1        2
1931        2725        1        2
1958        2699        1        2
1958        2672        1        2
1958        2646        1        2
1931        2619        1        2
1931        2593        1        2
1905        2593        1        2
1905        2566        1        2
1879        2566        1        2
1879        2540        1        2
1852        2540        1        2
1852        2514        1        2
1826        2514        1        2
1799        2487        1        2
1773        2514        1        2
1746        2514        1        2
PEN_UP                  0
PEN_DOWN
 688        1164        1        3
 688        1138        1        3
 714        1138        1        3
 741        1111        1        3
 767        1111        1        3
 794        1111        1        3
 847        1085        1        3
 873        1085        1        3
 900        1085        1        3
 953        1085        1        3
 979        1058        1        3
1032        1058        1        3
1085        1058        1        3
1138        1058        1        3
1217        1058        1        3
1270        1032        1        3
1323        1032        1        3
1376        1032        1        3
1429        1032        1        3
1508        1032        1        3
1561        1032        1        3
1614        1005        1        3
1667        1005        1        3
1720        1005        1        3
1773        1005        1        3
1826         979        1        3
1879         979        1        3
1931         979        1        3
1984         979        1        3
2037         979        1        3
2117         979        1        3
2170         979        1        3
2223         979        1        3
2275         979        1        3
2302         979        1        3
2355         979        1        3
2408         979        1        3
2461         979        1        3
2514         979        1        3
2566         953        1        3
2646         953        1        3
2699         953        1        3
2752         953        1        3
2805         953        1        3
2858         953        1        3
2910         953        1        3
2937         953        1        3
2963         953        1        3
2990         953        1        3
3016         953        1        3
3043         953        1        3
3069         926        1        3
3096         926        1        3
3122         926        1        3
3149         926        1        3
3175         926        1        3
3201         926        1        3
3201         953        1        3
3175         979        1        3
PEN_UP                  0
END_CHARACTER: AYA
