CHARACTER_NAME: O
STROKE_COUNT: 1
  X           Y   STYLUS_STATE STROKE
PEN_DOWN
2275        1905        1        1
2275        1931        1        1
2249        1958        1        1
2223        1958        1        1
2196        1931        1        1
2170        1931        1        1
2170        1905        1        1
2143        1905        1        1
2117        1852        1        1
2117        1826        1        1
2117        1773        1        1
2117        1720        1        1
2143        1667        1        1
2170        1640        1        1
2196        1588        1        1
2249        1561        1        1
2328        1535        1        1
2381        1508        1        1
2461        1482        1        1
2540        1482        1        1
2593        1482        1        1
2672        1508        1        1
2699        1535        1        1
2752        1561        1        1
2752        1640        1        1
2752        1693        1        1
2725        1773        1        1
2699        1852        1        1
2672        1958        1        1
2619        2011        1        1
2593        2090        1        1
2540        2143        1        1
2487        2196        1        1
2461        2249        1        1
2434        2275        1        1
2408        2275        1        1
2381        2302        1        1
2355        2275        1        1
2328        2249        1        1
2328        2223        1        1
2355        2223        1        1
2355        2196        1        1
2355        2170        1        1
2381        2170        1        1
2381        2143        1        1
2408        2117        1        1
2434        2117        1        1
2461        2090        1        1
2487        2064        1        1
2540        2064        1        1
2566        2037        1        1
2619        2037        1        1
2672        2011        1        1
2725        2011        1        1
2778        2037        1        1
2831        2064        1        1
2858        2090        1        1
2910        2143        1        1
2937        2196        1        1
2963        2249        1        1
2963        2328        1        1
2963        2408        1        1
2937        2487        1        1
2910        2540        1        1
2858        2619        1        1
2778        2699        1        1
2699        2752        1        1
2593        2778        1        1
2461        2831        1        1
2328        2831        1        1
2196        2831        1        1
2090        2831        1        1
1958        2778        1        1
1852        2725        1        1
1773        2646        1        1
1693        2540        1        1
1640        2434        1        1
1588        2355        1        1
1561        2249        1        1
1535        2196        1        1
1535        2117        1        1
1535        2090        1        1
1561        2037        1        1
1561        2011        1        1
1588        2037        1        1
1588        2064        1        1
1588        2090        1        1
1588        2117        1        1
PEN_UP                  0
END_CHARACTER: O
