CHARACTER_NAME: OU
STROKE_COUNT: 2
  X           Y   STYLUS_STATE STROKE
PEN_DOWN
2090        1879        1        1
2090        1905        1        1
2064        1905        1        1
2037        1905        1        1
2011        1879        1        1
2011        1852        1        1
2011        1826        1        1
2011        1773        1        1
2011        1720        1        1
2037        1693        1        1
2064        1640        1        1
2090        1588        1        1
2143        1561        1        1
2196        1508        1        1
2249        1482        1        1
2302        1482        1        1
2355        1455        1        1
2408        1482        1        1
2434        1482        1        1
2461        1535        1        1
2487        1588        1        1
2487        1640        1        1
2487        1693        1        1
2461        1773        1        1
2434        1852        1        1
2408        1905        1        1
2381        1984        1        1
2328        2064        1        1
2302        2117        1        1
2249        2143        1        1
2223        2196        1        1
2196        2223        1        1
2170        2249        1        1
2143        2223        1        1
2170        2223        1        1
2170        2196        1        1
2196        2170        1        1
2223        2143        1        1
2249        2117        1        1
2302        2090        1        1
2328        2090        1        1
2381        2064        1        1
2434        2037        1        1
2487        2037        1        1
2566        2037        1        1
2619        2037        1        1
2646        2037        1        1
2699        2064        1        1
2725        2117        1        1
2725        2170        1        1
2725        2249        1        1
2699        2328        1        1
2672        2408        1        1
2619        2461        1        1
2566        2540        1        1
2487        2619        1        1
2381        2672        1        1
2275        2699        1        1
2143        2752        1        1
2037        2752        1        1
1905        2778        1        1
1799        2752        1        1
1693        2725        1        1
1588        2646        1        1
1508        2593        1        1
1455        2514        1        1
1402        2434        1        1
1376        2355        1        1
1376        2302        1        1
1349        2249        1        1
1349        2223        1        1
1376        2196        1        1
PEN_UP                  0
PEN_DOWN
2461        2117        1        2
2461        2090        1        2
2487        2090        1        2
2514        2064        1        2
2540        2064        1        2
2566        2037        1        2
2593        2011        1        2
2646        1958        1        2
2699        1905        1        2
2752        1826        1        2
2805        1746        1        2
2858        1693        1        2
2910        1614        1        2
2937        1535        1        2
2963        1482        1        2
2990        1402        1        2
2990        1349        1        2
2963        1323        1        2
2910        1270        1        2
2858        1244        1        2
2778        1217        1        2
2699        1217        1        2
2619        1217        1        2
2540        1191        1        2
2461        1191        1        2
2408        1191        1        2
2381        1164        1        2
2328        1164        1        2
2302        1138        1        2
2302        1111        1        2
2275        1085        1        2
2275        1058        1        2
2249        1032        1        2
2249        1005        1        2
2249         979        1        2
2223        1005        1        2
PEN_UP                  0
END_CHARACTER: OU
