CHARACTER_NAME: GGN
STROKE_COUNT: 3
  X           Y   STYLUS_STATE STROKE
PEN_DOWN
1402        1614        1        1
1482        1614        1        1
1614        1614        1        1
1746        1614        1        1
1879        1614        1        1
2011        1614        1        1
2170        1640        1        1
2302        1640        1        1
2434        1640        1        1
2540        1640        1        1
2619        1667        1        1
2699        1667        1        1
2778        1667        1        1
2831        1693        1        1
2858        1693        1        1
2884        1693        1        1
PEN_UP                  0
PEN_DOWN
1958        1720        1        2
1958        1693        1        2
1958        1667        1        2
1931        1667        1        2
1931        1693        1        2
1905        1693        1        2
1852        1746        1        2
1826        1799        1        2
1773        1852        1        2
1720        1931        1        2
1667        2011        1        2
1614        2117        1        2
1561        2196        1        2
1535        2275        1        2
1508        2328        1        2
1508        2381        1        2
1535        2434        1        2
1535        2487        1        2
1561        2514        1        2
1588        2514        1        2
1640        2514        1        2
1693        2514        1        2
1773        2514        1        2
1852        2514        1        2
1931        2487        1        2
2011        2487        1        2
2090        2487        1        2
2143        2461        1        2
2223        2487        1        2
2275        2487        1        2
2328        2514        1        2
2355        2566        1        2
2381        2593        1        2
2408        2672        1        2
2408        2725        1        2
2408        2778        1        2
2408        2858        1        2
2381        2937        1        2
2328        2990        1        2
2275        3043        1        2
2223        3096        1        2
2117        3149        1        2
2037        3175        1        2
1931        3201        1        2
1826        3201        1        2
1693        3201        1        2
1588        3175        1        2
1455        3122        1        2
1349        3043        1        2
1244        2990        1        2
1164        2910        1        2
1085        2858        1        2
1005        2778        1        2
 953        2725        1        2
 900        2672        1        2
 873        2619        1        2
 847        2566        1        2
 847        2540        1        2
 873        2487        1        2
PEN_UP                  0
PEN_DOWN
2090        1720        1        3
2090        1746        1        3
2090        1773        1        3
2090        1799        1        3
2090        1826        1        3
2117        1852        1        3
2117        1905        1        3
2143        1958        1        3
2170        2011        1        3
2196        2064        1        3
2223        2117        1        3
2249        2170        1        3
2302        2223        1        3
2328        2275        1        3
2381        2302        1        3
2408        2355        1        3
2434        2381        1        3
2461        2408        1        3
2487        2434        1        3
2514        2461        1        3
2514        2487        1        3
2540        2487        1        3
2540        2514        1        3
2566        2514        1        3
2593        2514        1        3
2593        2487        1        3
2593        2461        1        3
2566        2434        1        3
2566        2408        1        3
2593        2381        1        3
2593        2355        1        3
2593        2302        1        3
2619        2275        1        3
2619        2249        1        3
2646        2196        1        3
2672        2170        1        3
2725        2143        1        3
2752        2117        1        3
2805        2090        1        3
2858        2064        1        3
2910        2064        1        3
2963        2064        1        3
3016        2064        1        3
3069        2090        1        3
3122        2117        1        3
3149        2143        1        3
3149        2196        1        3
3175        2275        1        3
3149        2328        1        3
3122        2408        1        3
3096        2461        1        3
3043        2514        1        3
3016        2566        1        3
2963        2593        1        3
2937        2646        1        3
2910        2646        1        3
2884        2672        1        3
2910        2646        1        3
2963        2619        1        3
3016        2593        1        3
3069        2593        1        3
3149        2593        1        3
3228        2593        1        3
3307        2593        1        3
3360        2619        1        3
3413        2646        1        3
3440        2672        1        3
3440        2725        1        3
3440        2778        1        3
3413        2858        1        3
3334        2910        1        3
3254        2963        1        3
3149        2990        1        3
3016        3043        1        3
2884        3069        1        3
2778        3069        1        3
2672        3069        1        3
2566        3043        1        3
2461        2990        1        3
2408        2910        1        3
2355        2858        1        3
2328        2778        1        3
2302        2725        1        3
2302        2672        1        3
PEN_UP                  0
END_CHARACTER: GGN
