CHARACTER_NAME: MRR
STROKE_COUNT: 2
  X           Y   STYLUS_STATE STROKE
PEN_DOWN
 847         847        1        1
 847         820        1        1
 873         794        1        1
 900         794        1        1
 926         794        1        1
 979         767        1        1
1058         767        1        1
1164         741        1        1
1244         741        1        1
1349         741        1        1
1455         714        1        1
1561         714        1        1
1640         714        1        1
1720         714        1        1
1773         688        1        1
1826         688        1        1
1852         688        1        1
1879         688        1        1
1905         688        1        1
1931         688        1        1
1905         714        1        1
1879         714        1        1
1852         714        1        1
1826         741        1        1
1773         767        1        1
1720         794        1        1
1667         847        1        1
1588         900        1        1
1508         953        1        1
1402        1005        1        1
1323        1085        1        1
1244        1138        1        1
1164        1191        1        1
1111        1244        1        1
1058        1296        1        1
1005        1323        1        1
 979        1349        1        1
 953        1349        1        1
 953        1376        1        1
 979        1349        1        1
1005        1349        1        1
1058        1349        1        1
1111        1323        1        1
1164        1323        1        1
1244        1296        1        1
1323        1296        1        1
1402        1270        1        1
1482        1296        1        1
1535        1296        1        1
1588        1323        1        1
1614        1349        1        1
1640        1402        1        1
1640        1429        1        1
1614        1508        1        1
1561        1561        1        1
1482        1640        1        1
1402        1720        1        1
1323        1799        1        1
1217        1852        1        1
1138        1931        1        1
1058        1984        1        1
 979        2037        1        1
 926        2064        1        1
 900        2090        1        1
 873        2090        1        1
 847        2090        1        1
 847        2064        1        1
 847        2037        1        1
 873        1984        1        1
 900        1958        1        1
 953        1931        1        1
1005        1905        1        1
1085        1879        1        1
1164        1852        1        1
1244        1852        1        1
1349        1852        1        1
1429        1879        1        1
1535        1905        1        1
1614        1931        1        1
1693        1984        1        1
1773        2011        1        1
1826        2037        1        1
1879        2064        1        1
1931        2090        1        1
1958        2117        1        1
1984        2143        1        1
1984        2117        1        1
1958        2090        1        1
1958        2037        1        1
1931        1984        1        1
1931        1905        1        1
1905        1826        1        1
1931        1720        1        1
1931        1640        1        1
1958        1535        1        1
1958        1455        1        1
1958        1349        1        1
1984        1270        1        1
1984        1191        1        1
1984        1111        1        1
1984        1058        1        1
1984         979        1        1
2011         926        1        1
2011         873        1        1
2011         847        1        1
2011         820        1        1
2011         794        1        1
2011         767        1        1
2011         741        1        1
1984         741        1        1
1984         767        1        1
2011         741        1        1
2011         767        1        1
1984         767        1        1
PEN_UP                  0
PEN_DOWN
2037        2223        1        2
2011        2223        1        2
2011        2196        1        2
1984        2196        1        2
1958        2196        1        2
1931        2196        1        2
1905        2223        1        2
1852        2249        1        2
1799        2302        1        2
1746        2355        1        2
1693        2408        1        2
1614        2461        1        2
1561        2540        1        2
1482        2593        1        2
1429        2646        1        2
1349        2699        1        2
1296        2752        1        2
1244        2805        1        2
1191        2858        1        2
1138        2884        1        2
1085        2910        1        2
1058        2910        1        2
1005        2937        1        2
 979        2910        1        2
 926        2910        1        2
 900        2884        1        2
 873        2831        1        2
 847        2805        1        2
 820        2778        1        2
 794        2725        1        2
 767        2699        1        2
 741        2672        1        2
 714        2646        1        2
 688        2619        1        2
 661        2619        1        2
 661        2593        1        2
 635        2593        1        2
 609        2566        1        2
 582        2566        1        2
 556        2566        1        2
 529        2540        1        2
 503        2540        1        2
 476        2514        1        2
 450        2514        1        2
 450        2487        1        2
PEN_UP                  0
END_CHARACTER: MRR
