CHARACTER_NAME: CAY
STROKE_COUNT: 1
  X           Y   STYLUS_STATE STROKE
PEN_DOWN
2170        1191        1        1
2196        1191        1        1
2196        1164        1        1
2196        1138        1        1
2196        1164        1        1
2170        1191        1        1
2170        1244        1        1
2143        1296        1        1
2117        1349        1        1
2090        1429        1        1
2064        1482        1        1
2037        1561        1        1
2011        1614        1        1
1984        1667        1        1
1984        1720        1        1
1958        1773        1        1
1958        1799        1        1
1984        1826        1        1
1984        1852        1        1
2037        1852        1        1
2064        1852        1        1
2143        1852        1        1
2196        1826        1        1
2275        1799        1        1
2355        1773        1        1
2408        1746        1        1
2487        1720        1        1
2540        1720        1        1
2593        1693        1        1
2646        1693        1        1
2672        1667        1        1
2699        1667        1        1
2725        1640        1        1
2752        1640        1        1
2752        1667        1        1
2778        1667        1        1
2778        1693        1        1
2752        1720        1        1
2752        1746        1        1
2752        1773        1        1
2725        1826        1        1
2699        1905        1        1
2672        1984        1        1
2646        2037        1        1
2619        2117        1        1
2566        2196        1        1
2514        2275        1        1
2461        2355        1        1
2408        2434        1        1
2328        2487        1        1
2249        2540        1        1
2170        2593        1        1
2090        2619        1        1
2011        2646        1        1
1931        2672        1        1
1826        2672        1        1
1746        2646        1        1
1667        2619        1        1
1588        2540        1        1
1535        2487        1        1
1482        2381        1        1
1429        2275        1        1
1376        2170        1        1
1349        2064        1        1
1296        1958        1        1
1296        1879        1        1
1270        1799        1        1
1244        1720        1        1
1244        1667        1        1
1244        1614        1        1
1217        1588        1        1
1217        1561        1        1
1217        1535        1        1
1217        1508        1        1
1244        1535        1        1
1270        1561        1        1
1296        1561        1        1
PEN_UP                  0
END_CHARACTER: CAY
