CHARACTER_NAME: JHA
STROKE_COUNT: 3
  X           Y   STYLUS_STATE STROKE
PEN_DOWN
1032        1508        1        1
1058        1508        1        1
1085        1508        1        1
1111        1508        1        1
1191        1535        1        1
1270        1535        1        1
1376        1535        1        1
1508        1535        1        1
1640        1535        1        1
1773        1535        1        1
1905        1535        1        1
2011        1535        1        1
2117        1535        1        1
2196        1535        1        1
2275        1535        1        1
2328        1535        1        1
2355        1535        1        1
2381        1535        1        1
2408        1535        1        1
2434        1508        1        1
2408        1535        1        1
2381        1535        1        1
2355        1561        1        1
2302        1588        1        1
2249        1667        1        1
2143        1746        1        1
2037        1852        1        1
1931        1958        1        1
1799        2064        1        1
1667        2196        1        1
1535        2275        1        1
1429        2355        1        1
1349        2408        1        1
1270        2461        1        1
1244        2487        1        1
1191        2514        1        1
1191        2487        1        1
1217        2461        1        1
1270        2408        1        1
1323        2381        1        1
1376        2381        1        1
1429        2355        1        1
1482        2355        1        1
1561        2355        1        1
1640        2381        1        1
1720        2408        1        1
1799        2434        1        1
1905        2487        1        1
1984        2514        1        1
2090        2566        1        1
2170        2593        1        1
2223        2619        1        1
2302        2646        1        1
2328        2672        1        1
2381        2699        1        1
2408        2699        1        1
2408        2725        1        1
2434        2699        1        1
2408        2646        1        1
2408        2619        1        1
2381        2540        1        1
2381        2461        1        1
2355        2381        1        1
2355        2275        1        1
2328        2196        1        1
2328        2117        1        1
2328        2037        1        1
2328        1984        1        1
2328        1931        1        1
2328        1879        1        1
2328        1852        1        1
2328        1826        1        1
2302        1799        1        1
2302        1773        1        1
2302        1746        1        1
2302        1773        1        1
2275        1773        1        1
PEN_UP                  0
PEN_DOWN
2328        2328        1        2
2355        2328        1        2
2381        2302        1        2
2434        2302        1        2
2461        2275        1        2
2514        2275        1        2
2566        2249        1        2
2619        2275        1        2
2646        2275        1        2
2699        2302        1        2
2752        2328        1        2
2778        2355        1        2
2805        2381        1        2
2831        2434        1        2
2858        2461        1        2
2884        2514        1        2
2910        2540        1        2
2937        2566        1        2
2963        2593        1        2
2963        2619        1        2
2990        2619        1        2
3016        2619        1        2
3043        2619        1        2
3016        2593        1        2
3016        2566        1        2
3016        2540        1        2
3016        2487        1        2
2990        2408        1        2
2990        2328        1        2
2963        2223        1        2
2963        2117        1        2
2963        2011        1        2
2937        1931        1        2
2937        1852        1        2
2937        1773        1        2
2937        1720        1        2
2937        1667        1        2
2937        1640        1        2
2937        1614        1        2
2937        1588        1        2
2937        1561        1        2
2937        1588        1        2
2937        1614        1        2
2937        1640        1        2
PEN_UP                  0
PEN_DOWN
2831        1535        1        3
2858        1535        1        3
2910        1535        1        3
2937        1535        1        3
2990        1508        1        3
3043        1508        1        3
3069        1508        1        3
3122        1508        1        3
3149        1508        1        3
3175        1508        1        3
3201        1508        1        3
3175        1508        1        3
PEN_UP                  0
END_CHARACTER: JHA
