CHARACTER_NAME: BA
STROKE_COUNT: 1
  X           Y   STYLUS_STATE STROKE
PEN_DOWN
1508        1429        1        1
1482        1429        1        1
1535        1455        1        1
1588        1455        1        1
1667        1455        1        1
1773        1482        1        1
1905        1482        1        1
2037        1482        1        1
2196        1508        1        1
2328        1508        1        1
2461        1508        1        1
2566        1508        1        1
2646        1508        1        1
2725        1508        1        1
2778        1508        1        1
2831        1508        1        1
2858        1508        1        1
2884        1508        1        1
2910        1508        1        1
2884        1508        1        1
2858        1535        1        1
2805        1561        1        1
2752        1614        1        1
2672        1693        1        1
2566        1773        1        1
2434        1879        1        1
2275        1984        1        1
2143        2090        1        1
2011        2196        1        1
1879        2302        1        1
1773        2381        1        1
1693        2434        1        1
1614        2487        1        1
1561        2540        1        1
1508        2566        1        1
1482        2593        1        1
1455        2593        1        1
1429        2593        1        1
1455        2566        1        1
1482        2566        1        1
1508        2540        1        1
1561        2540        1        1
1614        2514        1        1
1693        2514        1        1
1773        2487        1        1
1879        2487        1        1
1984        2487        1        1
2090        2514        1        1
2223        2540        1        1
2355        2566        1        1
2461        2619        1        1
2566        2646        1        1
2646        2699        1        1
2725        2725        1        1
2805        2752        1        1
2858        2778        1        1
2884        2805        1        1
2910        2831        1        1
2937        2858        1        1
2937        2831        1        1
2937        2805        1        1
2910        2752        1        1
2910        2672        1        1
2910        2593        1        1
2937        2461        1        1
2937        2355        1        1
2937        2223        1        1
2963        2117        1        1
2963        2011        1        1
2963        1905        1        1
2963        1852        1        1
2963        1773        1        1
2963        1720        1        1
2963        1667        1        1
2963        1640        1        1
2990        1614        1        1
2990        1588        1        1
2990        1561        1        1
2990        1535        1        1
2990        1508        1        1
2990        1482        1        1
2990        1455        1        1
2990        1429        1        1
2990        1402        1        1
2963        1429        1        1
2963        1455        1        1
PEN_UP                  0
END_CHARACTER: BA
