CHARACTER_NAME: BHA
STROKE_COUNT: 2
  X           Y   STYLUS_STATE STROKE
PEN_DOWN
1323        1376        1        1
1349        1376        1        1
1376        1376        1        1
1429        1376        1        1
1508        1376        1        1
1588        1376        1        1
1720        1376        1        1
1826        1376        1        1
1958        1376        1        1
2117        1376        1        1
2249        1376        1        1
2381        1376        1        1
2487        1376        1        1
2566        1376        1        1
2672        1376        1        1
2725        1376        1        1
2778        1376        1        1
2805        1376        1        1
2831        1376        1        1
2858        1376        1        1
2884        1376        1        1
2910        1376        1        1
2937        1349        1        1
2963        1349        1        1
2937        1349        1        1
PEN_UP                  0
PEN_DOWN
2514        1429        1        2
2487        1429        1        2
2461        1455        1        2
2434        1455        1        2
2408        1455        1        2
2381        1482        1        2
2355        1482        1        2
2328        1508        1        2
2328        1535        1        2
2328        1561        1        2
2355        1561        1        2
2355        1588        1        2
2381        1561        1        2
2408        1561        1        2
2434        1535        1        2
2434        1508        1        2
2434        1482        1        2
2408        1482        1        2
2408        1508        1        2
2381        1508        1        2
2381        1535        1        2
2408        1535        1        2
2408        1561        1        2
2434        1561        1        2
2461        1561        1        2
2487        1535        1        2
2514        1508        1        2
2514        1482        1        2
2514        1455        1        2
2487        1429        1        2
2461        1402        1        2
2461        1429        1        2
2434        1429        1        2
2381        1429        1        2
2355        1455        1        2
2302        1482        1        2
2275        1508        1        2
2223        1561        1        2
2196        1588        1        2
2170        1640        1        2
2143        1693        1        2
2117        1746        1        2
2117        1799        1        2
2117        1826        1        2
2143        1879        1        2
2170        1905        1        2
2223        1958        1        2
2275        1958        1        2
2355        1984        1        2
2461        1958        1        2
2540        1958        1        2
2619        1931        1        2
2699        1905        1        2
2805        1879        1        2
2858        1852        1        2
2910        1826        1        2
2963        1799        1        2
2990        1773        1        2
3016        1773        1        2
3043        1746        1        2
3069        1746        1        2
3069        1773        1        2
3069        1799        1        2
3069        1826        1        2
3069        1879        1        2
3069        1905        1        2
3043        1958        1        2
3043        2037        1        2
3043        2090        1        2
3016        2143        1        2
2990        2223        1        2
2963        2275        1        2
2910        2355        1        2
2831        2408        1        2
2752        2461        1        2
2646        2514        1        2
2514        2540        1        2
2381        2540        1        2
2249        2566        1        2
2117        2540        1        2
1984        2514        1        2
1879        2461        1        2
1799        2381        1        2
1720        2302        1        2
1667        2196        1        2
1640        2090        1        2
1614        2011        1        2
1614        1931        1        2
1614        1852        1        2
1614        1799        1        2
1640        1773        1        2
1640        1720        1        2
1640        1693        1        2
1640        1667        1        2
1640        1693        1        2
1614        1693        1        2
1614        1720        1        2
PEN_UP                  0
END_CHARACTER: BHA
