CHARACTER_NAME: MXA
STROKE_COUNT: 3
  X           Y   STYLUS_STATE STROKE
PEN_DOWN
1402        1402        1        1
1402        1429        1        1
1429        1429        1        1
1482        1429        1        1
1535        1429        1        1
1640        1429        1        1
1746        1429        1        1
1879        1429        1        1
2037        1429        1        1
2223        1429        1        1
2381        1429        1        1
2566        1429        1        1
2725        1429        1        1
2884        1455        1        1
2990        1455        1        1
3069        1455        1        1
3149        1455        1        1
3201        1455        1        1
3228        1429        1        1
3254        1429        1        1
3281        1429        1        1
3254        1429        1        1
3228        1429        1        1
PEN_UP                  0
PEN_DOWN
1614        1455        1        2
1614        1482        1        2
1640        1482        1        2
1667        1508        1        2
1693        1535        1        2
1746        1561        1        2
1826        1614        1        2
1905        1667        1        2
2011        1720        1        2
2117        1773        1        2
2196        1799        1        2
2302        1852        1        2
2355        1879        1        2
2408        1931        1        2
2461        1958        1        2
2514        1958        1        2
2514        1984        1        2
2540        1984        1        2
2540        2011        1        2
2514        2011        1        2
2487        2037        1        2
2461        2037        1        2
2434        2064        1        2
2408        2090        1        2
2355        2143        1        2
2275        2196        1        2
2196        2249        1        2
2090        2328        1        2
1984        2408        1        2
1852        2487        1        2
1746        2566        1        2
1640        2646        1        2
1561        2699        1        2
1508        2752        1        2
1455        2778        1        2
1402        2805        1        2
1376        2831        1        2
1402        2805        1        2
1455        2805        1        2
1535        2778        1        2
1614        2752        1        2
1720        2725        1        2
1852        2699        1        2
1958        2672        1        2
2090        2672        1        2
2196        2646        1        2
2328        2672        1        2
2434        2672        1        2
2540        2699        1        2
2646        2725        1        2
2725        2752        1        2
2805        2778        1        2
2884        2805        1        2
2910        2831        1        2
2963        2858        1        2
2990        2858        1        2
3016        2884        1        2
3043        2884        1        2
3043        2858        1        2
3069        2831        1        2
3069        2805        1        2
3069        2752        1        2
3069        2672        1        2
3069        2566        1        2
3069        2434        1        2
3096        2302        1        2
3096        2196        1        2
3096        2090        1        2
3096        1984        1        2
3096        1905        1        2
3096        1852        1        2
3096        1773        1        2
3096        1746        1        2
3096        1720        1        2
3096        1693        1        2
3096        1667        1        2
3096        1640        1        2
3096        1614        1        2
3096        1588        1        2
3096        1614        1        2
3069        1640        1        2
3043        1640        1        2
PEN_UP                  0
PEN_DOWN
2408        1931        1        3
2434        1931        1        3
2434        1905        1        3
2461        1905        1        3
2487        1905        1        3
2540        1905        1        3
2593        1931        1        3
2646        1931        1        3
2725        1958        1        3
2831        1984        1        3
2910        2011        1        3
2990        2037        1        3
3069        2064        1        3
3122        2090        1        3
3175        2117        1        3
3201        2143        1        3
3228        2170        1        3
3228        2196        1        3
3228        2170        1        3
3201        2170        1        3
PEN_UP                  0
END_CHARACTER: MXA
