CHARACTER_NAME: KL
STROKE_COUNT: 2
  X           Y   STYLUS_STATE STROKE
PEN_DOWN
 979        1085        1        1
 953        1085        1        1
 953        1058        1        1
 979        1058        1        1
1032        1058        1        1
1111        1058        1        1
1191        1058        1        1
1296        1058        1        1
1429        1058        1        1
1535        1058        1        1
1667        1058        1        1
1773        1058        1        1
1879        1058        1        1
1958        1058        1        1
2037        1058        1        1
2090        1058        1        1
2117        1058        1        1
2143        1058        1        1
2170        1058        1        1
2143        1058        1        1
2090        1085        1        1
2064        1111        1        1
2011        1164        1        1
1931        1217        1        1
1852        1296        1        1
1773        1376        1        1
1667        1455        1        1
1561        1561        1        1
1455        1640        1        1
1349        1720        1        1
1270        1773        1        1
1191        1826        1        1
1138        1879        1        1
1085        1905        1        1
1058        1931        1        1
1032        1958        1        1
1005        1958        1        1
1032        1958        1        1
1058        1931        1        1
1111        1905        1        1
1164        1879        1        1
1217        1852        1        1
1296        1826        1        1
1402        1826        1        1
1508        1799        1        1
1588        1826        1        1
1693        1852        1        1
1799        1879        1        1
1879        1905        1        1
1958        1958        1        1
2011        2011        1        1
2064        2064        1        1
2090        2090        1        1
2143        2117        1        1
2170        2143        1        1
2170        2117        1        1
2143        2090        1        1
2143        2037        1        1
2143        1958        1        1
2143        1852        1        1
2143        1746        1        1
2170        1640        1        1
2170        1508        1        1
2196        1429        1        1
2223        1349        1        1
2275        1270        1        1
2302        1217        1        1
2355        1191        1        1
2381        1164        1        1
2434        1191        1        1
2487        1217        1        1
2514        1270        1        1
2540        1323        1        1
2540        1402        1        1
2540        1455        1        1
2566        1508        1        1
2540        1535        1        1
2540        1588        1        1
2540        1614        1        1
2514        1614        1        1
2487        1614        1        1
2487        1588        1        1
2487        1561        1        1
2461        1535        1        1
2461        1482        1        1
2487        1429        1        1
2487        1402        1        1
2487        1376        1        1
2514        1349        1        1
2540        1323        1        1
2540        1349        1        1
PEN_UP                  0
PEN_DOWN
1138        2752        1        2
1138        2778        1        2
1138        2805        1        2
1111        2805        1        2
1111        2831        1        2
1111        2805        1        2
1085        2805        1        2
1058        2805        1        2
1058        2778        1        2
1032        2752        1        2
1032        2699        1        2
1032        2619        1        2
1032        2540        1        2
1058        2487        1        2
1085        2408        1        2
1111        2355        1        2
1191        2302        1        2
1270        2249        1        2
1349        2223        1        2
1429        2223        1        2
1535        2223        1        2
1614        2275        1        2
1693        2328        1        2
1720        2381        1        2
1746        2461        1        2
1746        2514        1        2
1746        2593        1        2
1693        2646        1        2
1667        2699        1        2
1640        2752        1        2
1614        2778        1        2
1588        2778        1        2
1561        2778        1        2
1535        2752        1        2
1561        2699        1        2
1561        2646        1        2
1588        2619        1        2
1614        2593        1        2
1667        2566        1        2
1720        2540        1        2
1773        2540        1        2
1826        2566        1        2
1879        2593        1        2
1905        2619        1        2
1958        2672        1        2
1958        2699        1        2
1984        2752        1        2
1984        2778        1        2
2011        2805        1        2
2011        2831        1        2
2011        2858        1        2
2037        2858        1        2
2064        2831        1        2
2064        2805        1        2
2090        2752        1        2
2117        2699        1        2
2143        2593        1        2
2143        2514        1        2
2170        2408        1        2
2170        2302        1        2
2196        2196        1        2
2196        2117        1        2
2196        2037        1        2
2223        1984        1        2
2223        1958        1        2
2223        1905        1        2
2249        1879        1        2
2249        1852        1        2
2249        1826        1        2
2275        1826        1        2
2275        1799        1        2
2275        1773        1        2
PEN_UP                  0
END_CHARACTER: KL
