CHARACTER_NAME: TT
STROKE_COUNT: 5
  X           Y   STYLUS_STATE STROKE
PEN_DOWN
1191        1455        1        1
1164        1455        1        1
1138        1455        1        1
1164        1455        1        1
1217        1455        1        1
1270        1455        1        1
1376        1455        1        1
1508        1455        1        1
1667        1429        1        1
1852        1429        1        1
2037        1429        1        1
2223        1402        1        1
2408        1402        1        1
2566        1376        1        1
2699        1376        1        1
2831        1376        1        1
2910        1349        1        1
2990        1349        1        1
3016        1349        1        1
3069        1349        1        1
3043        1349        1        1
3016        1376        1        1
2990        1376        1        1
2963        1376        1        1
2937        1376        1        1
PEN_UP                  0
PEN_DOWN
1667        1455        1        2
1693        1455        1        2
PEN_UP                  0
PEN_DOWN
1931        1455        1        3
1905        1455        1        3
1905        1429        1        3
1905        1455        1        3
1905        1482        1        3
1905        1508        1        3
1905        1535        1        3
1905        1614        1        3
1905        1667        1        3
1905        1773        1        3
1879        1879        1        3
1879        2011        1        3
1852        2143        1        3
1826        2302        1        3
1799        2434        1        3
1799        2566        1        3
1773        2699        1        3
1799        2805        1        3
1799        2884        1        3
1826        2963        1        3
1852        3016        1        3
1879        3043        1        3
1931        3043        1        3
1984        3043        1        3
2064        2990        1        3
2143        2963        1        3
2223        2910        1        3
2302        2858        1        3
2355        2805        1        3
2408        2778        1        3
2461        2725        1        3
2487        2699        1        3
2487        2672        1        3
2514        2672        1        3
2514        2646        1        3
2514        2619        1        3
2487        2619        1        3
2487        2593        1        3
2461        2593        1        3
2434        2566        1        3
2408        2566        1        3
2408        2540        1        3
2381        2540        1        3
2355        2540        1        3
2355        2514        1        3
2328        2514        1        3
2302        2487        1        3
PEN_UP                  0
PEN_DOWN
1931        1455        1        4
1958        1429        1        4
1984        1402        1        4
2011        1376        1        4
2037        1323        1        4
2064        1244        1        4
2090        1191        1        4
2143        1111        1        4
2196        1005        1        4
2223         926        1        4
2249         873        1        4
2249         794        1        4
2249         741        1        4
2196         688        1        4
2143         661        1        4
2037         635        1        4
1931         635        1        4
1773         635        1        4
1640         635        1        4
1508         635        1        4
1349         635        1        4
1217         635        1        4
1085         635        1        4
 979         609        1        4
 900         609        1        4
 794         582        1        4
 741         556        1        4
 688         556        1        4
 661         529        1        4
 661         503        1        4
 661         476        1        4
 688         450        1        4
 714         450        1        4
 741         450        1        4
 794         450        1        4
 820         476        1        4
 847         503        1        4
PEN_UP                  0
PEN_DOWN
2328        2990        1        5
2328        3016        1        5
2355        3043        1        5
2355        3069        1        5
2381        3149        1        5
2381        3228        1        5
2355        3307        1        5
2328        3387        1        5
2275        3493        1        5
2196        3598        1        5
2090        3678        1        5
1958        3757        1        5
1799        3836        1        5
1640        3889        1        5
1508        3942        1        5
1376        3995        1        5
PEN_UP                  0
END_CHARACTER: TT
