CHARACTER_NAME: NT
STROKE_COUNT: 4
  X           Y   STYLUS_STATE STROKE
PEN_DOWN
1508        1852        1        1
1535        1852        1        1
1508        1879        1        1
1482        1905        1        1
1455        1905        1        1
1429        1931        1        1
1402        1931        1        1
1349        1958        1        1
1323        1958        1        1
1296        1958        1        1
1270        1931        1        1
1244        1931        1        1
1244        1879        1        1
1244        1826        1        1
1244        1773        1        1
1270        1720        1        1
1323        1667        1        1
1376        1588        1        1
1429        1535        1        1
1535        1482        1        1
1614        1455        1        1
1693        1429        1        1
1773        1429        1        1
1852        1429        1        1
1905        1482        1        1
1958        1508        1        1
2011        1561        1        1
2064        1614        1        1
2117        1693        1        1
2143        1746        1        1
2170        1799        1        1
2196        1852        1        1
2196        1879        1        1
PEN_UP                  0
PEN_DOWN
2355        1085        1        2
2355        1058        1        2
2355        1085        1        2
2355        1111        1        2
2355        1138        1        2
2355        1164        1        2
2355        1191        1        2
2355        1270        1        2
2355        1323        1        2
2355        1429        1        2
2328        1535        1        2
2328        1667        1        2
2302        1826        1        2
2275        1984        1        2
2249        2117        1        2
2223        2249        1        2
2223        2381        1        2
2196        2487        1        2
2223        2566        1        2
2223        2619        1        2
2249        2672        1        2
2302        2699        1        2
2381        2699        1        2
2461        2672        1        2
2566        2646        1        2
2672        2593        1        2
2778        2540        1        2
2884        2487        1        2
2990        2408        1        2
3069        2355        1        2
3122        2275        1        2
3175        2223        1        2
3201        2170        1        2
3228        2117        1        2
3228        2064        1        2
3228        2011        1        2
3201        1958        1        2
3201        1931        1        2
3175        1905        1        2
3149        1879        1        2
3096        1852        1        2
3069        1826        1        2
3016        1826        1        2
PEN_UP                  0
PEN_DOWN
2275        1085        1        3
2302        1058        1        3
2328        1005        1        3
2355         953        1        3
2408         900        1        3
2461         847        1        3
2487         794        1        3
2514         741        1        3
2540         661        1        3
2566         609        1        3
2540         556        1        3
2514         503        1        3
2461         476        1        3
2381         423        1        3
2249         397        1        3
2090         370        1        3
1958         344        1        3
1799         291        1        3
1640         265        1        3
1508         238        1        3
1402         185        1        3
1296         132        1        3
1217          79        1        3
1164          26        1        3
1138           0        1        3
1138         -53        1        3
1138         -79        1        3
1138        -106        1        3
1164        -106        1        3
1191        -106        1        3
1244         -79        1        3
PEN_DOWN
2408        1111        1        4
2461        1085        1        4
2514        1085        1        4
2593        1058        1        4
2699        1032        1        4
2831        1005        1        4
2937        1005        1        4
3069         979        1        4
3201         979        1        4
3307         979        1        4
3387         953        1        4
3493         953        1        4
3545         953        1        4
3598         926        1        4
3625         926        1        4
3651         926        1        4
3678         926        1        4
3678         900        1        4
PEN_UP                  0
END_CHARACTER: NT
