CHARACTER_NAME: MN
STROKE_COUNT: 3
  X           Y   STYLUS_STATE STROKE
PEN_DOWN
2170        1005        1        1
2170        1032        1        1
2143        1032        1        1
2117        1058        1        1
2064        1085        1        1
2011        1111        1        1
1958        1138        1        1
1905        1164        1        1
1852        1191        1        1
1799        1217        1        1
1746        1244        1        1
1693        1270        1        1
1667        1296        1        1
1640        1323        1        1
1614        1323        1        1
1588        1349        1        1
1614        1349        1        1
1640        1323        1        1
1667        1323        1        1
1720        1323        1        1
1773        1296        1        1
1826        1296        1        1
1879        1270        1        1
1958        1270        1        1
2011        1244        1        1
2090        1244        1        1
2143        1244        1        1
2223        1217        1        1
2275        1217        1        1
2328        1217        1        1
2355        1244        1        1
2408        1244        1        1
2434        1270        1        1
2461        1296        1        1
2487        1323        1        1
2514        1349        1        1
2514        1402        1        1
2514        1429        1        1
2514        1482        1        1
2487        1508        1        1
2487        1561        1        1
2461        1588        1        1
2434        1614        1        1
2381        1640        1        1
2355        1667        1        1
2302        1693        1        1
2249        1720        1        1
2223        1720        1        1
2170        1746        1        1
2143        1746        1        1
2117        1720        1        1
2090        1720        1        1
2064        1720        1        1
2064        1693        1        1
2064        1667        1        1
2064        1640        1        1
2090        1614        1        1
2117        1614        1        1
2170        1588        1        1
2196        1561        1        1
2249        1561        1        1
2302        1561        1        1
2381        1561        1        1
2434        1561        1        1
2514        1588        1        1
2593        1614        1        1
2646        1614        1        1
2725        1640        1        1
2778        1667        1        1
2805        1693        1        1
2858        1693        1        1
2884        1720        1        1
2910        1720        1        1
2910        1746        1        1
2937        1746        1        1
PEN_UP                  0
PEN_DOWN
3069        1058        1        2
3069        1032        1        2
3069        1058        1        2
3069        1085        1        2
3069        1111        1        2
3069        1164        1        2
3069        1191        1        2
3069        1244        1        2
3069        1296        1        2
3069        1349        1        2
3069        1429        1        2
3043        1482        1        2
3043        1561        1        2
3043        1614        1        2
3016        1693        1        2
3016        1746        1        2
3016        1799        1        2
3016        1879        1        2
2990        1931        1        2
2990        1984        1        2
2990        2037        1        2
2963        2090        1        2
2963        2143        1        2
2963        2196        1        2
2963        2223        1        2
2963        2275        1        2
2963        2302        1        2
2963        2328        1        2
2963        2355        1        2
2963        2381        1        2
2963        2408        1        2
2937        2381        1        2
2937        2355        1        2
2910        2328        1        2
2884        2302        1        2
2884        2275        1        2
2858        2249        1        2
2831        2223        1        2
2805        2196        1        2
2778        2170        1        2
2752        2170        1        2
2725        2143        1        2
2699        2117        1        2
2672        2090        1        2
2646        2064        1        2
2619        2037        1        2
2593        2037        1        2
2566        2011        1        2
2514        2011        1        2
2487        2011        1        2
2434        1984        1        2
2408        2011        1        2
2355        2011        1        2
2328        2011        1        2
2275        2037        1        2
2223        2064        1        2
2196        2090        1        2
2170        2143        1        2
2117        2170        1        2
2117        2196        1        2
2090        2249        1        2
2064        2275        1        2
2064        2302        1        2
2090        2355        1        2
2090        2381        1        2
2090        2408        1        2
2117        2434        1        2
2143        2434        1        2
2170        2461        1        2
2223        2461        1        2
2249        2461        1        2
2302        2461        1        2
2355        2461        1        2
2381        2434        1        2
2434        2408        1        2
2461        2408        1        2
2487        2381        1        2
2514        2355        1        2
2540        2328        1        2
2514        2302        1        2
2487        2275        1        2
2487        2249        1        2
2461        2249        1        2
2434        2249        1        2
2408        2249        1        2
2381        2249        1        2
2355        2249        1        2
2328        2249        1        2
2302        2275        1        2
2275        2302        1        2
2275        2328        1        2
2275        2355        1        2
2275        2381        1        2
2275        2355        1        2
PEN_UP                  0
PEN_DOWN
2249         926        1        3
2223         953        1        3
2196         953        1        3
2196         979        1        3
2223         979        1        3
2275        1005        1        3
2302        1005        1        3
2355        1005        1        3
2434        1032        1        3
2514        1032        1        3
2619        1032        1        3
2752        1032        1        3
2884        1058        1        3
3016        1058        1        3
3149        1058        1        3
3281        1032        1        3
3413        1058        1        3
3545        1058        1        3
3678        1058        1        3
3810        1058        1        3
3916        1058        1        3
4022        1085        1        3
4128        1085        1        3
4207        1085        1        3
4260        1111        1        3
4313        1111        1        3
4339        1111        1        3
4366        1111        1        3
4392        1111        1        3
4419        1111        1        3
4392        1111        1        3
4366        1111        1        3
4366        1138        1        3
4339        1138        1        3
PEN_UP                  0
END_CHARACTER: MN
