CHARACTER_NAME: GGN
STROKE_COUNT: 3
  X           Y   STYLUS_STATE STROKE
PEN_DOWN
1032        1217        1        1
1058        1217        1        1
1085        1217        1        1
1111        1217        1        1
1164        1217        1        1
1244        1191        1        1
1323        1191        1        1
1402        1191        1        1
1508        1191        1        1
1614        1164        1        1
1746        1164        1        1
1852        1164        1        1
1958        1164        1        1
2090        1138        1        1
2170        1138        1        1
2275        1138        1        1
2355        1138        1        1
2461        1111        1        1
2514        1111        1        1
2593        1111        1        1
2646        1111        1        1
2699        1111        1        1
2725        1111        1        1
2752        1111        1        1
2778        1111        1        1
2805        1111        1        1
2831        1111        1        1
2805        1111        1        1
2805        1085        1        1
PEN_UP                  0
PEN_DOWN
1588        1191        1        2
1588        1217        1        2
1561        1217        1        2
1561        1244        1        2
1561        1270        1        2
1535        1296        1        2
1508        1349        1        2
1482        1376        1        2
1455        1429        1        2
1429        1482        1        2
1402        1535        1        2
1376        1561        1        2
1349        1614        1        2
1323        1640        1        2
1323        1667        1        2
1296        1693        1        2
1296        1720        1        2
1296        1746        1        2
1270        1746        1        2
1296        1746        1        2
1323        1720        1        2
1349        1693        1        2
1376        1667        1        2
1402        1640        1        2
1429        1614        1        2
1455        1614        1        2
1482        1588        1        2
1508        1561        1        2
1535        1535        1        2
1561        1508        1        2
1588        1508        1        2
1614        1482        1        2
1640        1482        1        2
1693        1455        1        2
1720        1455        1        2
1746        1455        1        2
1773        1482        1        2
1799        1482        1        2
1852        1482        1        2
1879        1508        1        2
1905        1508        1        2
1931        1535        1        2
1958        1561        1        2
1984        1561        1        2
2011        1588        1        2
2037        1614        1        2
2037        1640        1        2
2064        1667        1        2
2064        1693        1        2
2064        1720        1        2
2064        1746        1        2
2064        1799        1        2
2037        1826        1        2
2037        1852        1        2
2011        1879        1        2
1984        1905        1        2
1931        1931        1        2
1879        1958        1        2
1826        1984        1        2
1773        2011        1        2
1720        2011        1        2
1667        2037        1        2
1588        2064        1        2
1535        2090        1        2
1482        2090        1        2
1402        2090        1        2
1349        2117        1        2
1296        2117        1        2
1244        2117        1        2
1191        2090        1        2
1138        2090        1        2
1111        2090        1        2
1085        2090        1        2
1058        2064        1        2
1032        2064        1        2
1005        2064        1        2
1005        2037        1        2
 979        2037        1        2
1005        2037        1        2
1032        2037        1        2
PEN_UP                  0
PEN_DOWN
1720        1455        1        3
1693        1429        1        3
1693        1402        1        3
1720        1402        1        3
1720        1376        1        3
1746        1349        1        3
1773        1323        1        3
1799        1296        1        3
1826        1270        1        3
1852        1270        1        3
1879        1244        1        3
1905        1244        1        3
1931        1217        1        3
1958        1217        1        3
1984        1217        1        3
2011        1191        1        3
2037        1191        1        3
2064        1217        1        3
2090        1217        1        3
2117        1244        1        3
2143        1270        1        3
2143        1296        1        3
2170        1296        1        3
2143        1323        1        3
2143        1349        1        3
2143        1402        1        3
2117        1429        1        3
2090        1455        1        3
2064        1508        1        3
2037        1535        1        3
1984        1561        1        3
1958        1588        1        3
1931        1614        1        3
1905        1614        1        3
1905        1640        1        3
1879        1640        1        3
1852        1640        1        3
1879        1614        1        3
1905        1588        1        3
1931        1561        1        3
1958        1535        1        3
1984        1508        1        3
2011        1508        1        3
2037        1482        1        3
2090        1455        1        3
2117        1455        1        3
2143        1429        1        3
2170        1429        1        3
2196        1429        1        3
2223        1402        1        3
2249        1402        1        3
2275        1402        1        3
2302        1402        1        3
2328        1402        1        3
2355        1429        1        3
2381        1455        1        3
2408        1455        1        3
2408        1482        1        3
2434        1508        1        3
2434        1535        1        3
2461        1561        1        3
2461        1588        1        3
2461        1614        1        3
2461        1640        1        3
2461        1667        1        3
2461        1693        1        3
2434        1720        1        3
2434        1746        1        3
2408        1773        1        3
2381        1799        1        3
2355        1826        1        3
2302        1826        1        3
2275        1852        1        3
2223        1879        1        3
2196        1879        1        3
2143        1905        1        3
2117        1905        1        3
2064        1905        1        3
2037        1905        1        3
2011        1905        1        3
1984        1905        1        3
1958        1879        1        3
1931        1879        1        3
1905        1879        1        3
1905        1852        1        3
1879        1852        1        3
END_CHARACTER: GGN
