CHARACTER_NAME: DSR
STROKE_COUNT: 4
  X           Y   STYLUS_STATE STROKE
PEN_DOWN
 873        1323        1        1
 847        1323        1        1
 873        1323        1        1
 900        1296        1        1
 953        1296        1        1
1032        1296        1        1
1138        1296        1        1
1244        1296        1        1
1376        1296        1        1
1508        1270        1        1
1640        1270        1        1
1773        1270        1        1
1879        1270        1        1
2011        1270        1        1
2117        1244        1        1
2196        1244        1        1
2302        1244        1        1
2355        1217        1        1
2434        1217        1        1
2487        1217        1        1
2514        1217        1        1
2540        1217        1        1
2566        1217        1        1
2593        1217        1        1
2566        1217        1        1
2540        1244        1        1
PEN_UP                  0
PEN_DOWN
1799        1323        1        2
1773        1323        1        2
1746        1323        1        2
1720        1323        1        2
1693        1323        1        2
1667        1323        1        2
1640        1323        1        2
1614        1323        1        2
1588        1349        1        2
1561        1349        1        2
1508        1349        1        2
1482        1376        1        2
1455        1402        1        2
1402        1429        1        2
1376        1455        1        2
1349        1482        1        2
1323        1508        1        2
1323        1535        1        2
1323        1588        1        2
1323        1614        1        2
1323        1640        1        2
1349        1667        1        2
1376        1693        1        2
1402        1693        1        2
1455        1693        1        2
1508        1693        1        2
1561        1693        1        2
1614        1667        1        2
1640        1667        1        2
1693        1640        1        2
1720        1640        1        2
1773        1640        1        2
1773        1614        1        2
1799        1614        1        2
1826        1614        1        2
1826        1588        1        2
1799        1588        1        2
1773        1614        1        2
1746        1614        1        2
1720        1640        1        2
1693        1640        1        2
1667        1667        1        2
1640        1693        1        2
1614        1720        1        2
1588        1746        1        2
1561        1773        1        2
1508        1826        1        2
1482        1852        1        2
1429        1905        1        2
1376        1958        1        2
1349        2011        1        2
1296        2064        1        2
1244        2117        1        2
1191        2170        1        2
1164        2223        1        2
1111        2249        1        2
1085        2302        1        2
1058        2328        1        2
1032        2355        1        2
1005        2381        1        2
 979        2408        1        2
 953        2434        1        2
 979        2434        1        2
 979        2408        1        2
PEN_UP                  0
PEN_DOWN
1746        1720        1        3
1746        1693        1        3
1773        1667        1        3
1799        1667        1        3
1826        1667        1        3
1852        1640        1        3
1905        1640        1        3
1931        1640        1        3
1984        1640        1        3
2011        1640        1        3
2037        1667        1        3
2090        1667        1        3
2117        1693        1        3
2143        1693        1        3
2170        1720        1        3
2196        1746        1        3
2223        1746        1        3
2249        1773        1        3
2249        1799        1        3
2275        1799        1        3
PEN_UP                  0
PEN_DOWN
2170        1323        1        4
2170        1296        1        4
2196        1296        1        4
2196        1323        1        4
2223        1349        1        4
2223        1376        1        4
2223        1402        1        4
2249        1429        1        4
2249        1482        1        4
2249        1535        1        4
2275        1561        1        4
2275        1614        1        4
2275        1667        1        4
2275        1693        1        4
2275        1746        1        4
2275        1799        1        4
2275        1826        1        4
2275        1879        1        4
2275        1905        1        4
2275        1958        1        4
2275        1984        1        4
2275        2011        1        4
2275        2037        1        4
2275        2064        1        4
2275        2090        1        4
2249        2064        1        4
2223        2064        1        4
2223        2037        1        4
2196        2011        1        4
2170        2011        1        4
2170        1984        1        4
2143        1984        1        4
2117        1958        1        4
2090        1958        1        4
2064        1931        1        4
2037        1958        1        4
2011        1958        1        4
1984        1958        1        4
1958        1984        1        4
1958        2011        1        4
1931        2011        1        4
1931        2037        1        4
1905        2064        1        4
1905        2117        1        4
1879        2143        1        4
1879        2170        1        4
1879        2196        1        4
1852        2249        1        4
1852        2275        1        4
1826        2328        1        4
1826        2355        1        4
1799        2408        1        4
1799        2434        1        4
1773        2487        1        4
1773        2514        1        4
1746        2566        1        4
1746        2593        1        4
1720        2619        1        4
1693        2672        1        4
1693        2699        1        4
1667        2725        1        4
1640        2778        1        4
1614        2805        1        4
1588        2831        1        4
1561        2858        1        4
1535        2884        1        4
1508        2937        1        4
1482        2963        1        4
1429        2990        1        4
1402        3016        1        4
1349        3043        1        4
1323        3069        1        4
1296        3096        1        4
1244        3122        1        4
1217        3122        1        4
1164        3149        1        4
1138        3149        1        4
1085        3175        1        4
1058        3175        1        4
1005        3175        1        4
 979        3175        1        4
 953        3175        1        4
 926        3175        1        4
 900        3175        1        4
 873        3175        1        4
 847        3175        1        4
 820        3175        1        4
 794        3149        1        4
PEN_UP                  0
END_CHARACTER: DSR
