CHARACTER_NAME: E
STROKE_COUNT: 3
  X           Y   STYLUS_STATE STROKE
PEN_DOWN
1164        2487        1        1
1191        2487        1        1
1217        2461        1        1
1244        2461        1        1
1270        2461        1        1
1296        2461        1        1
1323        2461        1        1
1376        2461        1        1
1429        2434        1        1
1455        2434        1        1
1508        2434        1        1
1561        2434        1        1
1614        2434        1        1
1667        2434        1        1
1720        2408        1        1
1773        2408        1        1
1826        2408        1        1
1879        2408        1        1
1931        2408        1        1
1984        2381        1        1
2037        2381        1        1
2090        2381        1        1
2117        2381        1        1
2170        2381        1        1
2223        2355        1        1
2275        2355        1        1
2302        2355        1        1
2355        2355        1        1
2381        2355        1        1
2408        2355        1        1
2434        2355        1        1
2461        2355        1        1
2487        2328        1        1
2514        2328        1        1
2540        2328        1        1
2540        2355        1        1
2514        2355        1        1
2487        2355        1        1
PEN_UP                  0
PEN_DOWN
1879        2514        1        2
1879        2487        1        2
1905        2487        1        2
1931        2487        1        2
1931        2514        1        2
1931        2540        1        2
1931        2566        1        2
1905        2593        1        2
1905        2619        1        2
1879        2619        1        2
1879        2646        1        2
1852        2646        1        2
1826        2646        1        2
1826        2672        1        2
1799        2672        1        2
1773        2672        1        2
1746        2672        1        2
1720        2672        1        2
1693        2646        1        2
1667        2646        1        2
1667        2619        1        2
1693        2593        1        2
1693        2566        1        2
1720        2566        1        2
1720        2540        1        2
1746        2540        1        2
1773        2514        1        2
1799        2514        1        2
1826        2487        1        2
1852        2487        1        2
1879        2487        1        2
1905        2461        1        2
1931        2461        1        2
1958        2461        1        2
1984        2461        1        2
2011        2461        1        2
2011        2487        1        2
2037        2487        1        2
2037        2514        1        2
2064        2514        1        2
2064        2540        1        2
2064        2566        1        2
2064        2593        1        2
2037        2619        1        2
2037        2646        1        2
2011        2672        1        2
2011        2699        1        2
1984        2725        1        2
1958        2725        1        2
1931        2752        1        2
1905        2778        1        2
1879        2831        1        2
1852        2858        1        2
1826        2884        1        2
1799        2910        1        2
1746        2937        1        2
1720        2963        1        2
1693        2990        1        2
1667        3016        1        2
1614        3043        1        2
1588        3069        1        2
1561        3096        1        2
1535        3122        1        2
1508        3122        1        2
1482        3149        1        2
1455        3175        1        2
1429        3201        1        2
1429        3228        1        2
1402        3228        1        2
1402        3254        1        2
1376        3254        1        2
1402        3228        1        2
1429        3201        1        2
1429        3175        1        2
1455        3175        1        2
1455        3149        1        2
1482        3122        1        2
1508        3122        1        2
1508        3096        1        2
1535        3096        1        2
1561        3069        1        2
1588        3069        1        2
1588        3043        1        2
1614        3043        1        2
1640        3016        1        2
1667        3016        1        2
1693        3016        1        2
1720        3043        1        2
1746        3043        1        2
1773        3043        1        2
1773        3069        1        2
1799        3069        1        2
1826        3069        1        2
1852        3096        1        2
1879        3096        1        2
1905        3096        1        2
1931        3096        1        2
1958        3122        1        2
1984        3122        1        2
2011        3122        1        2
2037        3122        1        2
2064        3122        1        2
2090        3122        1        2
2117        3122        1        2
2143        3096        1        2
2170        3096        1        2
2196        3096        1        2
2223        3096        1        2
2249        3069        1        2
2275        3069        1        2
2302        3069        1        2
2328        3043        1        2
2355        3043        1        2
2381        3043        1        2
2408        3043        1        2
2408        3016        1        2
PEN_UP                  0
PEN_DOWN
1826        2328        1        3
1852        2328        1        3
1852        2302        1        3
1879        2302        1        3
1879        2275        1        3
1905        2249        1        3
1931        2223        1        3
1958        2196        1        3
1958        2170        1        3
1984        2170        1        3
1984        2143        1        3
2011        2143        1        3
2011        2117        1        3
2011        2090        1        3
2037        2090        1        3
2037        2064        1        3
2037        2037        1        3
2011        2037        1        3
1984        2037        1        3
1958        2037        1        3
1931        2037        1        3
1905        2037        1        3
1879        2064        1        3
1852        2064        1        3
1826        2064        1        3
1773        2090        1        3
1720        2090        1        3
1693        2090        1        3
1640        2090        1        3
1588        2090        1        3
1535        2090        1        3
1482        2090        1        3
1455        2090        1        3
1402        2090        1        3
1376        2064        1        3
1323        2064        1        3
1296        2037        1        3
1270        2037        1        3
1244        2037        1        3
1217        2011        1        3
1191        2011        1        3
1164        2011        1        3
1164        1984        1        3
1138        1984        1        3
1111        1984        1        3
1111        1958        1        3
1085        1958        1        3
1085        1931        1        3
1058        1931        1        3
1032        1931        1        3
1032        1905        1        3
1005        1905        1        3
 979        1905        1        3
 979        1879        1        3
 953        1879        1        3
 953        1905        1        3
PEN_UP                  0
END_CHARACTER: E
