CHARACTER_NAME: RA
STROKE_COUNT: 3
  X           Y   STYLUS_STATE STROKE
PEN_DOWN
1746        1349        1        1
1720        1349        1        1
1746        1376        1        1
1773        1376        1        1
1826        1376        1        1
1852        1376        1        1
1905        1376        1        1
1958        1376        1        1
2037        1376        1        1
2117        1376        1        1
2196        1376        1        1
2275        1349        1        1
2355        1349        1        1
2461        1349        1        1
2566        1349        1        1
2672        1349        1        1
2778        1349        1        1
2884        1349        1        1
2963        1349        1        1
3069        1349        1        1
3149        1349        1        1
3254        1349        1        1
3307        1349        1        1
3387        1349        1        1
3440        1349        1        1
3493        1349        1        1
3519        1349        1        1
3545        1349        1        1
3572        1349        1        1
3598        1349        1        1
3625        1349        1        1
3625        1376        1        1
PEN_UP                  0
PEN_DOWN
2672        1349        1        2
2646        1349        1        2
2619        1376        1        2
2593        1376        1        2
2593        1402        1        2
2566        1402        1        2
2540        1429        1        2
2514        1455        1        2
2461        1482        1        2
2434        1508        1        2
2408        1535        1        2
2355        1561        1        2
2328        1614        1        2
2275        1640        1        2
2223        1667        1        2
2170        1693        1        2
2117        1746        1        2
2037        1773        1        2
1984        1799        1        2
1931        1826        1        2
1879        1852        1        2
1826        1879        1        2
1773        1879        1        2
1746        1905        1        2
1720        1905        1        2
1693        1931        1        2
1720        1931        1        2
1746        1931        1        2
1773        1931        1        2
1799        1931        1        2
1826        1931        1        2
1852        1931        1        2
1879        1931        1        2
1905        1931        1        2
1931        1931        1        2
1958        1931        1        2
1984        1931        1        2
2011        1958        1        2
2064        1958        1        2
2090        1958        1        2
2143        1958        1        2
2170        1984        1        2
2223        1984        1        2
2249        1984        1        2
2302        2011        1        2
2328        2011        1        2
2355        2037        1        2
2408        2037        1        2
2434        2064        1        2
2461        2064        1        2
2514        2090        1        2
2540        2090        1        2
2566        2090        1        2
2593        2117        1        2
2619        2117        1        2
2619        2143        1        2
2646        2143        1        2
2672        2143        1        2
2699        2143        1        2
2699        2170        1        2
2725        2170        1        2
2752        2170        1        2
2752        2143        1        2
2778        2143        1        2
2778        2117        1        2
2805        2090        1        2
2805        2064        1        2
2805        2037        1        2
2805        2011        1        2
2805        1984        1        2
2805        1931        1        2
2778        1905        1        2
2778        1852        1        2
2778        1799        1        2
2778        1746        1        2
2778        1693        1        2
2752        1667        1        2
2752        1614        1        2
2752        1561        1        2
2752        1535        1        2
2752        1482        1        2
2752        1455        1        2
2752        1429        1        2
2752        1402        1        2
2752        1376        1        2
2725        1376        1        2
2725        1349        1        2
2725        1376        1        2
2725        1402        1        2
PEN_UP                  0
PEN_DOWN
2355        1667        1        3
2381        1667        1        3
2408        1667        1        3
2434        1667        1        3
2434        1693        1        3
2461        1693        1        3
2487        1693        1        3
2487        1720        1        3
2514        1720        1        3
2540        1720        1        3
2540        1746        1        3
2566        1746        1        3
2593        1773        1        3
2619        1773        1        3
2646        1799        1        3
2672        1826        1        3
2699        1826        1        3
2725        1852        1        3
2725        1879        1        3
2752        1879        1        3
2778        1905        1        3
2805        1905        1        3
2805        1931        1        3
2831        1931        1        3
2858        1931        1        3
2858        1958        1        3
PEN_UP                  0
END_CHARACTER: RA
