CHARACTER_NAME: NT
STROKE_COUNT: 4
  X           Y   STYLUS_STATE STROKE
PEN_DOWN
1852        1349        1        1
1826        1349        1        1
1852        1349        1        1
1852        1376        1        1
1879        1376        1        1
1931        1376        1        1
1958        1376        1        1
2011        1376        1        1
2064        1402        1        1
2117        1402        1        1
2170        1402        1        1
2249        1402        1        1
2302        1402        1        1
2355        1402        1        1
2408        1429        1        1
2461        1429        1        1
2514        1429        1        1
2566        1429        1        1
2619        1429        1        1
2672        1429        1        1
2725        1429        1        1
2778        1429        1        1
2805        1429        1        1
2831        1429        1        1
2858        1429        1        1
2884        1429        1        1
2858        1429        1        1
2858        1455        1        1
PEN_UP                  0
PEN_DOWN
2090        1376        1        2
2064        1376        1        2
2064        1402        1        2
2064        1429        1        2
2037        1429        1        2
2037        1455        1        2
2037        1482        1        2
2037        1508        1        2
2011        1535        1        2
2011        1561        1        2
2011        1588        1        2
1984        1614        1        2
1984        1640        1        2
1984        1667        1        2
1958        1720        1        2
1958        1746        1        2
1958        1799        1        2
1958        1826        1        2
1931        1852        1        2
1931        1905        1        2
1958        1931        1        2
1958        1958        1        2
1958        2011        1        2
1958        2037        1        2
1984        2064        1        2
1984        2090        1        2
2011        2090        1        2
2011        2117        1        2
2037        2143        1        2
2064        2143        1        2
2117        2143        1        2
2143        2170        1        2
2170        2170        1        2
2223        2170        1        2
2249        2143        1        2
2302        2143        1        2
2328        2143        1        2
2355        2117        1        2
2408        2117        1        2
2408        2090        1        2
2434        2090        1        2
2461        2064        1        2
2461        2037        1        2
2487        2011        1        2
2487        1984        1        2
2487        1958        1        2
2461        1931        1        2
2461        1905        1        2
2461        1879        1        2
2434        1852        1        2
2408        1852        1        2
2408        1826        1        2
2381        1826        1        2
2355        1826        1        2
2328        1826        1        2
2302        1826        1        2
2275        1852        1        2
2275        1879        1        2
2249        1879        1        2
2249        1905        1        2
2249        1931        1        2
2275        1931        1        2
2275        1958        1        2
2302        1958        1        2
2328        1984        1        2
2355        1984        1        2
2381        1984        1        2
2408        1984        1        2
2434        1984        1        2
2461        1958        1        2
2487        1958        1        2
2514        1931        1        2
PEN_UP                  0
PEN_DOWN
2143        1349        1        3
2170        1349        1        3
2170        1323        1        3
2196        1323        1        3
2196        1296        1        3
2223        1270        1        3
2249        1244        1        3
2249        1217        1        3
2275        1217        1        3
2275        1191        1        3
2275        1164        1        3
2275        1138        1        3
2302        1138        1        3
2302        1111        1        3
2302        1085        1        3
2275        1085        1        3
2275        1058        1        3
2249        1058        1        3
2223        1058        1        3
2170        1032        1        3
2143        1032        1        3
2090        1032        1        3
2037        1032        1        3
1958        1032        1        3
1879        1032        1        3
1799        1032        1        3
1746        1032        1        3
1667        1032        1        3
1614        1032        1        3
1535        1005        1        3
1482        1005        1        3
1455         979        1        3
1402         979        1        3
1376         953        1        3
1349         926        1        3
1323         926        1        3
1323         900        1        3
1296         900        1        3
1296         873        1        3
1323         900        1        3
1323         926        1        3
PEN_UP                  0
PEN_DOWN
1535        1667        1        4
1508        1693        1        4
1482        1720        1        4
1455        1720        1        4
1429        1720        1        4
1429        1693        1        4
1455        1693        1        4
1455        1667        1        4
1455        1640        1        4
1482        1614        1        4
1482        1588        1        4
1508        1588        1        4
1535        1561        1        4
1561        1561        1        4
1588        1588        1        4
1588        1614        1        4
1561        1614        1        4
1561        1640        1        4
1535        1667        1        4
1535        1693        1        4
1508        1693        1        4
1508        1720        1        4
1482        1720        1        4
1455        1720        1        4
1455        1746        1        4
1429        1746        1        4
1402        1746        1        4
1376        1720        1        4
1376        1693        1        4
1376        1667        1        4
1402        1667        1        4
1402        1640        1        4
1402        1614        1        4
1429        1614        1        4
1429        1588        1        4
1455        1588        1        4
1482        1561        1        4
1508        1561        1        4
1508        1535        1        4
1535        1535        1        4
1561        1535        1        4
1588        1508        1        4
1614        1508        1        4
1640        1508        1        4
1667        1508        1        4
1693        1508        1        4
1720        1508        1        4
1746        1508        1        4
1773        1508        1        4
1799        1535        1        4
1826        1535        1        4
1852        1561        1        4
1879        1561        1        4
1905        1588        1        4
1931        1588        1        4
1958        1614        1        4
1984        1640        1        4
2011        1667        1        4
2037        1693        1        4
2037        1720        1        4
2037        1746        1        4
2037        1773        1        4
2037        1799        1        4
2037        1826        1        4
2011        1826        1        4
PEN_UP                  0
END_CHARACTER: NT
