CHARACTER_NAME: TR
STROKE_COUNT: 2
  X           Y   STYLUS_STATE STROKE
PEN_DOWN
 820        1058        1        1
 847        1058        1        1
 873        1058        1        1
 900        1058        1        1
 953        1032        1        1
 979        1032        1        1
1058        1032        1        1
1111        1005        1        1
1217        1005        1        1
1296        1005        1        1
1429         979        1        1
1561         979        1        1
1693         953        1        1
1826         953        1        1
1984         926        1        1
2117         926        1        1
2223         926        1        1
2355         900        1        1
2461         900        1        1
2540         900        1        1
2619         900        1        1
2699         900        1        1
2752         900        1        1
2805         900        1        1
2858         900        1        1
2884         873        1        1
2910         873        1        1
2937         873        1        1
2963         900        1        1
2937         900        1        1
2910         900        1        1
PEN_UP                  0
PEN_DOWN
1958         953        1        2
1984         953        1        2
2011         979        1        2
2011        1005        1        2
2011        1032        1        2
1984        1058        1        2
1958        1085        1        2
1958        1111        1        2
1931        1138        1        2
1905        1138        1        2
1879        1164        1        2
1852        1191        1        2
1826        1191        1        2
1799        1217        1        2
1773        1217        1        2
1746        1217        1        2
1720        1217        1        2
1693        1217        1        2
1667        1191        1        2
1667        1164        1        2
1667        1138        1        2
1693        1138        1        2
1720        1111        1        2
1720        1085        1        2
1746        1058        1        2
1799        1058        1        2
1826        1032        1        2
1852        1032        1        2
1905        1005        1        2
1931        1005        1        2
1958        1005        1        2
1984        1005        1        2
2011        1005        1        2
2011        1032        1        2
2037        1032        1        2
2064        1032        1        2
2064        1058        1        2
2090        1085        1        2
2090        1111        1        2
2064        1111        1        2
2064        1138        1        2
2037        1164        1        2
2011        1164        1        2
1984        1191        1        2
1958        1191        1        2
1931        1217        1        2
1905        1217        1        2
1852        1217        1        2
1826        1244        1        2
1799        1244        1        2
1773        1244        1        2
1746        1217        1        2
1746        1191        1        2
1773        1164        1        2
1773        1138        1        2
1799        1138        1        2
1826        1111        1        2
1852        1085        1        2
1879        1085        1        2
1931        1058        1        2
1958        1058        1        2
2011        1032        1        2
2037        1032        1        2
2090        1005        1        2
2117        1005        1        2
2143        1005        1        2
2170        1005        1        2
2196        1005        1        2
2223        1005        1        2
2249        1005        1        2
2275        1005        1        2
2302        1032        1        2
2328        1032        1        2
2355        1032        1        2
2355        1058        1        2
2381        1058        1        2
2408        1085        1        2
2434        1085        1        2
2434        1111        1        2
2461        1111        1        2
2461        1138        1        2
2487        1164        1        2
2487        1191        1        2
2514        1217        1        2
2514        1244        1        2
2514        1270        1        2
2514        1296        1        2
2514        1323        1        2
2514        1349        1        2
2514        1402        1        2
2514        1429        1        2
2514        1455        1        2
2514        1508        1        2
2514        1535        1        2
2514        1561        1        2
2514        1588        1        2
2514        1614        1        2
2514        1640        1        2
2514        1667        1        2
2487        1640        1        2
2487        1614        1        2
2487        1588        1        2
2461        1561        1        2
2461        1535        1        2
2461        1508        1        2
2434        1482        1        2
2434        1455        1        2
2408        1455        1        2
2408        1429        1        2
2381        1429        1        2
2381        1402        1        2
2355        1402        1        2
2328        1402        1        2
2302        1402        1        2
2302        1429        1        2
2275        1429        1        2
2275        1455        1        2
2249        1455        1        2
2249        1482        1        2
2249        1508        1        2
2223        1508        1        2
2223        1535        1        2
2223        1588        1        2
2196        1614        1        2
2196        1640        1        2
2196        1667        1        2
2170        1693        1        2
2170        1720        1        2
2170        1746        1        2
2143        1773        1        2
2143        1799        1        2
2117        1826        1        2
2117        1852        1        2
2090        1879        1        2
2090        1905        1        2
2064        1931        1        2
2037        1958        1        2
2011        1958        1        2
1984        1984        1        2
1958        2011        1        2
1931        2011        1        2
1879        2011        1        2
1852        2037        1        2
1799        2037        1        2
1746        2037        1        2
1693        2037        1        2
1640        2011        1        2
1588        2011        1        2
1535        1984        1        2
1482        1984        1        2
1429        1958        1        2
1376        1931        1        2
1323        1905        1        2
1296        1879        1        2
1270        1852        1        2
1244        1799        1        2
1244        1773        1        2
1217        1746        1        2
1244        1720        1        2
1244        1693        1        2
1244        1667        1        2
1244        1640        1        2
1270        1640        1        2
1270        1614        1        2
1270        1640        1        2
PEN_UP                  0
END_CHARACTER: TR
