CHARACTER_NAME: LK
STROKE_COUNT: 5
  X           Y   STYLUS_STATE STROKE
PEN_DOWN
 556         953        1        1
 529         953        1        1
 556         953        1        1
 556         926        1        1
 556         953        1        1
 582         953        1        1
 582         926        1        1
 609         926        1        1
 635         926        1        1
 661         926        1        1
 688         926        1        1
 714         926        1        1
 741         926        1        1
 767         926        1        1
 794         900        1        1
 820         900        1        1
 847         900        1        1
 873         900        1        1
 900         900        1        1
 926         900        1        1
 953         900        1        1
 979         900        1        1
1005         900        1        1
1032         900        1        1
1058         900        1        1
1111         873        1        1
1138         873        1        1
1164         873        1        1
1191         873        1        1
1217         873        1        1
1244         873        1        1
1270         873        1        1
1296         873        1        1
1323         873        1        1
1349         873        1        1
1376         873        1        1
1402         873        1        1
1429         873        1        1
1455         873        1        1
1482         873        1        1
1508         873        1        1
1535         873        1        1
1561         873        1        1
1588         873        1        1
1614         873        1        1
1640         873        1        1
1667         873        1        1
1693         873        1        1
1720         873        1        1
1746         873        1        1
1773         873        1        1
1799         873        1        1
1826         873        1        1
1852         873        1        1
1879         873        1        1
1905         873        1        1
1931         873        1        1
1958         873        1        1
1984         873        1        1
2011         873        1        1
2037         873        1        1
2064         873        1        1
2090         847        1        1
2117         847        1        1
2143         847        1        1
2170         847        1        1
2196         847        1        1
2223         847        1        1
2249         847        1        1
2275         847        1        1
2302         847        1        1
2328         847        1        1
2355         847        1        1
2381         847        1        1
2408         847        1        1
2434         847        1        1
2461         847        1        1
2487         847        1        1
2514         847        1        1
2540         873        1        1
2566         873        1        1
2593         873        1        1
2619         873        1        1
2646         873        1        1
2672         873        1        1
2699         873        1        1
2725         873        1        1
2752         873        1        1
2778         873        1        1
2805         873        1        1
2831         873        1        1
2858         873        1        1
2884         873        1        1
2910         873        1        1
2937         873        1        1
2963         873        1        1
2990         873        1        1
3016         873        1        1
3043         873        1        1
3069         873        1        1
3096         873        1        1
3122         873        1        1
3149         873        1        1
3175         873        1        1
3201         873        1        1
3228         873        1        1
3254         873        1        1
3281         873        1        1
3307         847        1        1
3334         847        1        1
3360         847        1        1
PEN_UP                  0
PEN_DOWN
1667        1640        1        2
1667        1667        1        2
1667        1693        1        2
1640        1693        1        2
1640        1720        1        2
1614        1746        1        2
1614        1773        1        2
1588        1773        1        2
1588        1799        1        2
1561        1799        1        2
1561        1826        1        2
1535        1826        1        2
1508        1852        1        2
1482        1852        1        2
1455        1826        1        2
1429        1826        1        2
1402        1799        1        2
1376        1773        1        2
1376        1746        1        2
1376        1720        1        2
1376        1693        1        2
1402        1667        1        2
1402        1640        1        2
1429        1640        1        2
1429        1614        1        2
1455        1614        1        2
1455        1588        1        2
1455        1561        1        2
1482        1561        1        2
1482        1535        1        2
1508        1535        1        2
1535        1508        1        2
1561        1508        1        2
1588        1482        1        2
1614        1482        1        2
1640        1482        1        2
1667        1455        1        2
1693        1455        1        2
1720        1455        1        2
1746        1429        1        2
1773        1429        1        2
1799        1429        1        2
1826        1429        1        2
1852        1429        1        2
1852        1455        1        2
1879        1455        1        2
1905        1455        1        2
1931        1455        1        2
1958        1482        1        2
1984        1482        1        2
1984        1508        1        2
2011        1508        1        2
2037        1508        1        2
2037        1535        1        2
2064        1535        1        2
2064        1561        1        2
2090        1561        1        2
2090        1588        1        2
2117        1614        1        2
2143        1640        1        2
2143        1667        1        2
2143        1693        1        2
2143        1720        1        2
2143        1746        1        2
2143        1773        1        2
2143        1799        1        2
2117        1799        1        2
2090        1799        1        2
2090        1773        1        2
2117        1746        1        2
2117        1720        1        2
2143        1720        1        2
2143        1693        1        2
2143        1667        1        2
2170        1667        1        2
2170        1640        1        2
2196        1614        1        2
2196        1588        1        2
2223        1588        1        2
2223        1561        1        2
2249        1561        1        2
2249        1535        1        2
2275        1535        1        2
2275        1508        1        2
2302        1508        1        2
2328        1508        1        2
2355        1482        1        2
2381        1482        1        2
2408        1482        1        2
2434        1455        1        2
2461        1455        1        2
2487        1455        1        2
2514        1455        1        2
2540        1455        1        2
2566        1482        1        2
2593        1482        1        2
2619        1482        1        2
2646        1482        1        2
2646        1508        1        2
2672        1508        1        2
2699        1508        1        2
2725        1535        1        2
2752        1561        1        2
2778        1561        1        2
2778        1588        1        2
2805        1588        1        2
2831        1614        1        2
2858        1640        1        2
2858        1667        1        2
2884        1667        1        2
2884        1693        1        2
2910        1720        1        2
2937        1746        1        2
2963        1773        1        2
2937        1746        1        2
PEN_UP                  0
PEN_DOWN
2858         847        1        3
2858         873        1        3
2884         873        1        3
2884         900        1        3
2884         926        1        3
2910         953        1        3
2910         979        1        3
2910        1005        1        3
2910        1032        1        3
2910        1058        1        3
2910        1085        1        3
2910        1111        1        3
2910        1138        1        3
2910        1164        1        3
2910        1191        1        3
2884        1217        1        3
2910        1244        1        3
2884        1270        1        3
2884        1296        1        3
2884        1323        1        3
2884        1349        1        3
2884        1376        1        3
2884        1402        1        3
2884        1429        1        3
2884        1455        1        3
2884        1482        1        3
2884        1508        1        3
2884        1535        1        3
2884        1561        1        3
2884        1588        1        3
2884        1614        1        3
2884        1640        1        3
2884        1667        1        3
2884        1693        1        3
2884        1720        1        3
2884        1746        1        3
2884        1773        1        3
2884        1799        1        3
2884        1826        1        3
2884        1852        1        3
2910        1879        1        3
2910        1905        1        3
2910        1931        1        3
2910        1958        1        3
2910        1984        1        3
2910        2011        1        3
2910        2037        1        3
2910        2064        1        3
2910        2090        1        3
2910        2117        1        3
2937        2117        1        3
2910        2143        1        3
2910        2170        1        3
2937        2170        1        3
2910        2170        1        3
2937        2196        1        3
2937        2223        1        3
2937        2249        1        3
2937        2275        1        3
2963        2275        1        3
2963        2302        1        3
2963        2328        1        3
2963        2355        1        3
2963        2381        1        3
2963        2408        1        3
2963        2434        1        3
2963        2461        1        3
2963        2487        1        3
2963        2514        1        3
2963        2540        1        3
2963        2566        1        3
2963        2593        1        3
2963        2619        1        3
2963        2646        1        3
2937        2646        1        3
2937        2672        1        3
2937        2699        1        3
2937        2725        1        3
2937        2752        1        3
2937        2778        1        3
2937        2805        1        3
2937        2831        1        3
2937        2858        1        3
2937        2884        1        3
2937        2910        1        3
2937        2937        1        3
2937        2963        1        3
2937        2990        1        3
2937        3016        1        3
2937        3043        1        3
2937        3069        1        3
2937        3096        1        3
2937        3122        1        3
2937        3149        1        3
2937        3122        1        3
2937        3096        1        3
PEN_UP                  0
PEN_DOWN
2910        2090        1        4
2884        2090        1        4
2884        2117        1        4
2858        2143        1        4
2858        2170        1        4
2831        2170        1        4
2805        2196        1        4
2778        2223        1        4
2752        2249        1        4
2725        2275        1        4
2672        2302        1        4
2646        2328        1        4
2593        2355        1        4
2540        2381        1        4
2487        2408        1        4
2461        2434        1        4
2408        2461        1        4
2355        2487        1        4
2328        2514        1        4
2275        2540        1        4
2223        2566        1        4
2196        2593        1        4
2143        2646        1        4
2117        2672        1        4
2064        2699        1        4
2037        2699        1        4
2011        2725        1        4
1984        2752        1        4
1958        2778        1        4
1931        2778        1        4
1905        2805        1        4
1879        2831        1        4
1879        2858        1        4
1879        2831        1        4
1905        2831        1        4
1931        2805        1        4
1958        2805        1        4
2011        2805        1        4
2037        2778        1        4
2064        2778        1        4
2117        2752        1        4
2143        2752        1        4
2170        2752        1        4
2196        2752        1        4
2223        2725        1        4
2249        2752        1        4
2275        2752        1        4
2302        2752        1        4
2328        2752        1        4
2355        2752        1        4
2381        2752        1        4
2408        2752        1        4
2434        2752        1        4
2461        2752        1        4
2487        2778        1        4
2514        2778        1        4
2540        2778        1        4
2566        2778        1        4
2593        2805        1        4
2619        2831        1        4
2646        2831        1        4
2646        2858        1        4
2672        2858        1        4
2699        2884        1        4
2725        2910        1        4
2725        2937        1        4
2752        2937        1        4
2752        2963        1        4
2778        2990        1        4
2778        3016        1        4
2805        3016        1        4
2805        3043        1        4
2831        3043        1        4
2831        3069        1        4
2858        3096        1        4
2858        3122        1        4
2884        3122        1        4
2884        3149        1        4
2910        3175        1        4
2910        3201        1        4
2937        3228        1        4
2963        3254        1        4
2963        3281        1        4
2963        3307        1        4
2990        3307        1        4
2990        3334        1        4
2990        3360        1        4
2990        3334        1        4
PEN_UP                  0
PEN_DOWN
2963        2381        1        5
2963        2408        1        5
2963        2381        1        5
2990        2381        1        5
2990        2355        1        5
3016        2355        1        5
3016        2328        1        5
3043        2328        1        5
3069        2302        1        5
3096        2302        1        5
3096        2275        1        5
3122        2249        1        5
3149        2249        1        5
3175        2223        1        5
3201        2223        1        5
3228        2196        1        5
3254        2196        1        5
3281        2170        1        5
3307        2170        1        5
3334        2170        1        5
3360        2170        1        5
3360        2196        1        5
3387        2196        1        5
3413        2196        1        5
3440        2223        1        5
3440        2249        1        5
3466        2249        1        5
3466        2275        1        5
3493        2302        1        5
3493        2328        1        5
3519        2355        1        5
3519        2381        1        5
3519        2408        1        5
3519        2434        1        5
3519        2461        1        5
3519        2487        1        5
3519        2514        1        5
3493        2540        1        5
3493        2566        1        5
3493        2593        1        5
3493        2619        1        5
3466        2619        1        5
3466        2646        1        5
3466        2672        1        5
3440        2699        1        5
3440        2725        1        5
3413        2725        1        5
3413        2752        1        5
3387        2752        1        5
3387        2778        1        5
3360        2778        1        5
3360        2805        1        5
3334        2778        1        5
3307        2778        1        5
3307        2752        1        5
3281        2725        1        5
3281        2699        1        5
3281        2672        1        5
3281        2646        1        5
3307        2619        1        5
3307        2593        1        5
3334        2593        1        5
3334        2566        1        5
3360        2566        1        5
3387        2566        1        5
3413        2566        1        5
3440        2566        1        5
3440        2593        1        5
3466        2593        1        5
3466        2619        1        5
3493        2619        1        5
3493        2646        1        5
PEN_UP                  0
END_CHARACTER: LK
