CHARACTER_NAME: DHRR
STROKE_COUNT: 3
  X           Y   STYLUS_STATE STROKE
PEN_DOWN
1561        1138        1        1
1588        1138        1        1
1614        1111        1        1
1640        1085        1        1
1667        1058        1        1
1667        1032        1        1
1640        1032        1        1
1640        1005        1        1
1614         979        1        1
1614         953        1        1
1588         953        1        1
1561         926        1        1
1535         926        1        1
1508         926        1        1
1482         926        1        1
1455         953        1        1
1429         953        1        1
1402         979        1        1
1376         979        1        1
1349        1005        1        1
1349        1032        1        1
1323        1058        1        1
1296        1058        1        1
1296        1085        1        1
1270        1111        1        1
1270        1138        1        1
1244        1138        1        1
1244        1164        1        1
1217        1191        1        1
1244        1217        1        1
1244        1244        1        1
1244        1270        1        1
1270        1296        1        1
1270        1323        1        1
1296        1349        1        1
1296        1376        1        1
1323        1402        1        1
1349        1429        1        1
1376        1429        1        1
1402        1455        1        1
1429        1455        1        1
1455        1455        1        1
1482        1482        1        1
1508        1482        1        1
1535        1482        1        1
1561        1482        1        1
1588        1455        1        1
1614        1455        1        1
1667        1455        1        1
1693        1455        1        1
1720        1455        1        1
1746        1455        1        1
1799        1429        1        1
1826        1429        1        1
1852        1429        1        1
1879        1429        1        1
1905        1402        1        1
1931        1402        1        1
1984        1376        1        1
2011        1376        1        1
2037        1376        1        1
2064        1349        1        1
2090        1349        1        1
2117        1349        1        1
2143        1323        1        1
2143        1349        1        1
2117        1349        1        1
2117        1376        1        1
2090        1376        1        1
2090        1402        1        1
2064        1402        1        1
2037        1429        1        1
2011        1455        1        1
1984        1482        1        1
1958        1508        1        1
1905        1535        1        1
1879        1588        1        1
1852        1614        1        1
1799        1667        1        1
1773        1693        1        1
1720        1720        1        1
1693        1773        1        1
1667        1799        1        1
1640        1826        1        1
1614        1852        1        1
1614        1879        1        1
1588        1905        1        1
1561        1931        1        1
1535        1958        1        1
1508        1984        1        1
1508        2011        1        1
1482        2011        1        1
1482        2037        1        1
1455        2064        1        1
1429        2064        1        1
1429        2090        1        1
1402        2090        1        1
1402        2117        1        1
1376        2117        1        1
1376        2143        1        1
1349        2143        1        1
1349        2170        1        1
1349        2196        1        1
1349        2170        1        1
1376        2170        1        1
1376        2143        1        1
1402        2143        1        1
1402        2117        1        1
1429        2117        1        1
1455        2090        1        1
1482        2090        1        1
1508        2090        1        1
1508        2064        1        1
1535        2064        1        1
1561        2037        1        1
1588        2037        1        1
1614        2011        1        1
1640        2011        1        1
1667        2011        1        1
1693        1984        1        1
1720        1984        1        1
1746        1984        1        1
1773        1984        1        1
1799        1984        1        1
1826        1984        1        1
1852        2011        1        1
1879        2037        1        1
1905        2064        1        1
1931        2090        1        1
1958        2090        1        1
1958        2117        1        1
1958        2143        1        1
1984        2143        1        1
1984        2170        1        1
2011        2196        1        1
2037        2223        1        1
2037        2249        1        1
2064        2275        1        1
2064        2302        1        1
2090        2302        1        1
2090        2328        1        1
2117        2355        1        1
2117        2381        1        1
2143        2408        1        1
2143        2434        1        1
2170        2461        1        1
2170        2487        1        1
2170        2461        1        1
2170        2434        1        1
2170        2408        1        1
2170        2381        1        1
2170        2355        1        1
2170        2328        1        1
2170        2302        1        1
2170        2249        1        1
2170        2223        1        1
2170        2170        1        1
2170        2143        1        1
2170        2090        1        1
2170        2064        1        1
2170        2037        1        1
2170        1984        1        1
2143        1958        1        1
2143        1931        1        1
2143        1905        1        1
2143        1852        1        1
2143        1826        1        1
2143        1799        1        1
2143        1773        1        1
2143        1746        1        1
2143        1693        1        1
2143        1667        1        1
2143        1640        1        1
2143        1614        1        1
2143        1588        1        1
2143        1561        1        1
2143        1535        1        1
2143        1508        1        1
2143        1482        1        1
2143        1455        1        1
2143        1429        1        1
2143        1402        1        1
2117        1376        1        1
PEN_UP                  0
PEN_DOWN
2196        1455        1        2
2223        1455        1        2
2223        1482        1        2
2249        1482        1        2
2275        1482        1        2
2302        1482        1        2
2328        1455        1        2
2355        1455        1        2
2381        1455        1        2
2408        1455        1        2
2434        1429        1        2
PEN_UP                  0
PEN_DOWN
2196        2487        1        3
2196        2514        1        3
2196        2487        1        3
2170        2461        1        3
2170        2434        1        3
2143        2434        1        3
2117        2434        1        3
2117        2408        1        3
2090        2408        1        3
2064        2434        1        3
2037        2434        1        3
2011        2434        1        3
1984        2461        1        3
1958        2461        1        3
1931        2461        1        3
1931        2487        1        3
1905        2487        1        3
1879        2514        1        3
1852        2514        1        3
1826        2540        1        3
1799        2540        1        3
1773        2566        1        3
1746        2593        1        3
1720        2619        1        3
1693        2646        1        3
1693        2672        1        3
1667        2699        1        3
1640        2725        1        3
1640        2752        1        3
1640        2778        1        3
1614        2805        1        3
1614        2831        1        3
1588        2831        1        3
1588        2858        1        3
1588        2884        1        3
1561        2884        1        3
1561        2910        1        3
1535        2910        1        3
1508        2937        1        3
1482        2937        1        3
1455        2910        1        3
1402        2910        1        3
1376        2910        1        3
1349        2884        1        3
1296        2884        1        3
1270        2858        1        3
1244        2831        1        3
1217        2805        1        3
1191        2805        1        3
1164        2778        1        3
1138        2778        1        3
1138        2752        1        3
1111        2752        1        3
1138        2725        1        3
1164        2725        1        3
PEN_UP                  0
END_CHARACTER: DHRR
