CHARACTER_NAME: REE
STROKE_COUNT: 2
  X           Y   STYLUS_STATE STROKE
PEN_DOWN
 900        1376        1        1
 926        1402        1        1
 926        1429        1        1
 953        1429        1        1
 953        1455        1        1
 979        1455        1        1
 979        1482        1        1
1005        1482        1        1
1032        1508        1        1
1058        1508        1        1
1085        1508        1        1
1085        1535        1        1
1111        1535        1        1
1138        1535        1        1
1164        1535        1        1
1191        1535        1        1
1217        1535        1        1
1244        1535        1        1
1270        1535        1        1
1296        1535        1        1
1323        1535        1        1
1349        1508        1        1
1376        1508        1        1
1402        1508        1        1
1429        1508        1        1
1455        1508        1        1
1482        1482        1        1
1508        1482        1        1
1535        1482        1        1
1535        1455        1        1
1561        1455        1        1
1588        1455        1        1
1588        1429        1        1
1614        1429        1        1
1640        1402        1        1
1667        1376        1        1
1667        1349        1        1
1693        1349        1        1
1693        1323        1        1
1693        1296        1        1
1693        1270        1        1
1667        1296        1        1
1693        1296        1        1
1693        1323        1        1
1720        1323        1        1
1720        1349        1        1
1746        1349        1        1
1746        1376        1        1
1773        1376        1        1
1799        1402        1        1
1826        1402        1        1
1852        1402        1        1
1879        1402        1        1
1879        1429        1        1
1905        1429        1        1
1931        1429        1        1
1958        1429        1        1
1984        1429        1        1
2011        1429        1        1
2037        1455        1        1
2064        1455        1        1
2090        1455        1        1
2117        1455        1        1
2143        1455        1        1
2170        1455        1        1
2196        1455        1        1
2223        1455        1        1
2249        1429        1        1
2302        1429        1        1
2328        1429        1        1
2355        1429        1        1
2381        1429        1        1
2408        1402        1        1
2434        1402        1        1
2461        1402        1        1
2487        1402        1        1
2514        1402        1        1
2514        1376        1        1
2540        1376        1        1
2540        1349        1        1
2566        1349        1        1
2593        1323        1        1
2619        1323        1        1
2619        1296        1        1
2646        1296        1        1
2672        1296        1        1
2646        1296        1        1
2646        1323        1        1
2619        1323        1        1
2593        1349        1        1
2566        1349        1        1
2566        1376        1        1
2540        1376        1        1
2514        1402        1        1
2487        1402        1        1
2487        1429        1        1
2461        1455        1        1
2434        1455        1        1
2408        1482        1        1
2408        1508        1        1
2381        1535        1        1
2328        1561        1        1
2302        1588        1        1
2275        1614        1        1
2249        1640        1        1
2223        1667        1        1
2196        1693        1        1
2170        1720        1        1
2170        1746        1        1
2143        1746        1        1
2117        1773        1        1
2090        1799        1        1
2064        1826        1        1
2064        1852        1        1
2037        1852        1        1
2011        1879        1        1
2011        1905        1        1
1984        1931        1        1
1958        1958        1        1
1931        1958        1        1
1931        1984        1        1
1905        2011        1        1
1879        2037        1        1
1852        2064        1        1
1852        2090        1        1
1826        2090        1        1
1799        2117        1        1
1773        2143        1        1
1773        2170        1        1
1746        2196        1        1
1720        2223        1        1
1693        2249        1        1
1667        2275        1        1
1640        2302        1        1
1614        2328        1        1
1614        2355        1        1
1588        2355        1        1
1561        2381        1        1
1535        2408        1        1
1508        2434        1        1
1482        2434        1        1
1482        2461        1        1
1455        2461        1        1
1455        2487        1        1
1429        2487        1        1
1429        2514        1        1
1402        2514        1        1
1402        2540        1        1
1376        2566        1        1
1349        2593        1        1
1323        2593        1        1
1323        2619        1        1
1323        2646        1        1
1296        2646        1        1
1323        2646        1        1
1349        2619        1        1
1376        2619        1        1
1402        2593        1        1
1429        2593        1        1
1455        2593        1        1
1482        2566        1        1
1508        2566        1        1
1535        2566        1        1
1588        2566        1        1
1614        2566        1        1
1640        2540        1        1
1667        2540        1        1
1720        2540        1        1
1746        2540        1        1
1773        2540        1        1
1826        2540        1        1
1852        2540        1        1
1879        2540        1        1
1931        2566        1        1
1958        2566        1        1
2011        2566        1        1
2037        2566        1        1
2064        2593        1        1
2117        2593        1        1
2143        2619        1        1
2170        2619        1        1
2196        2619        1        1
2223        2646        1        1
2249        2646        1        1
2275        2646        1        1
2302        2672        1        1
2328        2699        1        1
2355        2725        1        1
2381        2752        1        1
2381        2778        1        1
2408        2805        1        1
2434        2831        1        1
2461        2858        1        1
2461        2884        1        1
2487        2910        1        1
2487        2937        1        1
2514        2963        1        1
2514        2990        1        1
2540        3016        1        1
2540        3043        1        1
2566        3069        1        1
2593        3096        1        1
2593        3122        1        1
2619        3149        1        1
2646        3175        1        1
2646        3201        1        1
2672        3201        1        1
2672        3228        1        1
2699        3254        1        1
2699        3281        1        1
2725        3281        1        1
2725        3307        1        1
2725        3334        1        1
2725        3360        1        1
2752        3360        1        1
2752        3387        1        1
2752        3413        1        1
2778        3413        1        1
2752        3413        1        1
2752        3387        1        1
2725        3360        1        1
2725        3334        1        1
2725        3307        1        1
2725        3281        1        1
2699        3254        1        1
2699        3228        1        1
2699        3201        1        1
2672        3175        1        1
2672        3149        1        1
2672        3122        1        1
2672        3096        1        1
2646        3096        1        1
2646        3069        1        1
2646        3043        1        1
2646        3016        1        1
2619        2990        1        1
2619        2963        1        1
2619        2937        1        1
2593        2910        1        1
2593        2884        1        1
2593        2858        1        1
2593        2831        1        1
2593        2805        1        1
2593        2778        1        1
2593        2752        1        1
2566        2725        1        1
2566        2699        1        1
2566        2672        1        1
2566        2646        1        1
2566        2619        1        1
2566        2593        1        1
2566        2566        1        1
2566        2540        1        1
2566        2514        1        1
2566        2487        1        1
2540        2461        1        1
2540        2434        1        1
2540        2408        1        1
2540        2381        1        1
2540        2355        1        1
2540        2328        1        1
2540        2302        1        1
2540        2275        1        1
2540        2249        1        1
2540        2223        1        1
2540        2196        1        1
2540        2170        1        1
2540        2143        1        1
2540        2117        1        1
2540        2090        1        1
2514        2064        1        1
2540        2037        1        1
2514        2011        1        1
2540        1984        1        1
2540        1958        1        1
2540        1931        1        1
2540        1905        1        1
2540        1879        1        1
2540        1852        1        1
2540        1826        1        1
2540        1799        1        1
2540        1773        1        1
2540        1746        1        1
2540        1720        1        1
2540        1693        1        1
2540        1667        1        1
2540        1640        1        1
2540        1614        1        1
2566        1588        1        1
2566        1561        1        1
2566        1535        1        1
2593        1508        1        1
2593        1482        1        1
2593        1455        1        1
2619        1455        1        1
2619        1429        1        1
2619        1402        1        1
2646        1402        1        1
2646        1376        1        1
2646        1349        1        1
2646        1323        1        1
2672        1323        1        1
2672        1296        1        1
PEN_UP                  0
PEN_DOWN
2672        2619        1        2
2699        2619        1        2
2725        2619        1        2
2752        2619        1        2
2778        2619        1        2
2805        2619        1        2
2805        2646        1        2
2831        2646        1        2
2858        2672        1        2
2884        2672        1        2
2910        2699        1        2
2937        2699        1        2
2937        2725        1        2
2963        2725        1        2
2990        2752        1        2
2990        2778        1        2
3016        2778        1        2
3016        2805        1        2
3043        2831        1        2
3043        2858        1        2
3043        2884        1        2
3069        2884        1        2
3069        2910        1        2
3096        2937        1        2
3096        2963        1        2
3096        2990        1        2
3096        3016        1        2
3122        3043        1        2
3122        3069        1        2
3122        3096        1        2
3149        3122        1        2
3149        3149        1        2
3149        3175        1        2
3175        3201        1        2
3175        3228        1        2
3175        3254        1        2
3201        3281        1        2
3201        3307        1        2
3201        3334        1        2
3228        3360        1        2
3228        3387        1        2
3254        3413        1        2
3254        3440        1        2
3254        3466        1        2
3254        3493        1        2
3281        3493        1        2
3281        3519        1        2
3254        3493        1        2
3254        3466        1        2
3254        3440        1        2
3228        3440        1        2
3228        3413        1        2
3228        3387        1        2
3201        3360        1        2
3201        3334        1        2
3201        3307        1        2
3201        3281        1        2
3201        3254        1        2
3175        3228        1        2
3175        3175        1        2
3175        3149        1        2
3175        3096        1        2
3175        3069        1        2
3175        3043        1        2
3175        3016        1        2
3175        2963        1        2
3175        2937        1        2
3175        2910        1        2
3175        2884        1        2
3175        2858        1        2
3175        2805        1        2
3175        2778        1        2
3175        2752        1        2
3175        2725        1        2
3175        2699        1        2
3149        2646        1        2
3149        2619        1        2
3149        2593        1        2
3149        2566        1        2
3149        2540        1        2
3149        2514        1        2
3122        2487        1        2
3122        2461        1        2
3122        2434        1        2
3122        2408        1        2
3122        2381        1        2
3122        2355        1        2
3149        2328        1        2
3122        2302        1        2
3122        2275        1        2
3149        2249        1        2
3149        2223        1        2
3149        2196        1        2
3149        2143        1        2
3149        2117        1        2
3149        2090        1        2
3149        2064        1        2
3149        2037        1        2
3149        1984        1        2
3149        1958        1        2
3149        1931        1        2
3149        1905        1        2
3149        1879        1        2
3149        1852        1        2
3149        1826        1        2
3149        1773        1        2
3149        1746        1        2
3149        1720        1        2
3149        1693        1        2
3149        1667        1        2
3175        1640        1        2
3175        1614        1        2
3175        1588        1        2
3175        1561        1        2
3175        1535        1        2
3175        1508        1        2
3175        1482        1        2
3175        1455        1        2
3175        1429        1        2
3175        1402        1        2
3175        1376        1        2
3175        1349        1        2
3175        1323        1        2
3175        1296        1        2
3175        1270        1        2
3201        1270        1        2
3228        1270        1        2
3254        1270        1        2
3281        1270        1        2
3307        1270        1        2
3334        1270        1        2
3360        1296        1        2
3387        1296        1        2
3413        1296        1        2
3440        1270        1        2
3466        1270        1        2
3493        1270        1        2
3519        1270        1        2
PEN_UP                  0
END_CHARACTER: REE
