CHARACTER_NAME: MM
STROKE_COUNT: 3
  X           Y   STYLUS_STATE STROKE
PEN_DOWN
 767         953        1        1
 794         953        1        1
 820         953        1        1
 847         953        1        1
 873         953        1        1
 900         953        1        1
 926         953        1        1
 979         953        1        1
1005         953        1        1
1032         953        1        1
1085         953        1        1
1111         953        1        1
1164         953        1        1
1191         953        1        1
1244         953        1        1
1270         953        1        1
1296         953        1        1
1323         953        1        1
1376         953        1        1
1402         953        1        1
1429         953        1        1
1482         953        1        1
1508         953        1        1
1535         953        1        1
1588         953        1        1
1614         953        1        1
1640         953        1        1
1667         953        1        1
1693         979        1        1
1720         979        1        1
1746         979        1        1
1773         979        1        1
1799         979        1        1
1826         979        1        1
1852         979        1        1
1879         979        1        1
1905         979        1        1
1931         979        1        1
1958         979        1        1
1984         979        1        1
2011         979        1        1
2037         979        1        1
2064         979        1        1
2090         979        1        1
2143         979        1        1
2170         979        1        1
2196        1005        1        1
2249        1005        1        1
2275        1005        1        1
2328        1005        1        1
2381        1005        1        1
2434        1005        1        1
2487        1005        1        1
2540        1005        1        1
2619        1005        1        1
2646        1005        1        1
2699        1005        1        1
2725        1005        1        1
2778        1005        1        1
2805        1005        1        1
2831        1005        1        1
2858        1005        1        1
2884        1005        1        1
2910        1005        1        1
2937        1005        1        1
2963        1005        1        1
2990        1005        1        1
3016        1005        1        1
3043        1005        1        1
3069        1005        1        1
3096        1005        1        1
PEN_UP                  0
PEN_DOWN
1958         953        1        2
1931         953        1        2
1905         953        1        2
1879         953        1        2
1879         979        1        2
1852         979        1        2
1826         979        1        2
1799         979        1        2
1773        1005        1        2
1746        1005        1        2
1720        1032        1        2
1693        1032        1        2
1667        1058        1        2
1640        1058        1        2
1614        1085        1        2
1588        1085        1        2
1561        1111        1        2
1535        1138        1        2
1508        1164        1        2
1482        1191        1        2
1482        1217        1        2
1455        1217        1        2
1455        1244        1        2
1429        1270        1        2
1429        1296        1        2
1429        1323        1        2
1455        1349        1        2
1482        1349        1        2
1508        1376        1        2
1535        1376        1        2
1561        1376        1        2
1614        1402        1        2
1640        1402        1        2
1667        1402        1        2
1720        1402        1        2
1746        1402        1        2
1773        1402        1        2
1799        1402        1        2
1799        1429        1        2
1826        1429        1        2
1852        1429        1        2
1852        1455        1        2
1879        1455        1        2
1905        1482        1        2
1905        1508        1        2
1905        1535        1        2
1905        1561        1        2
1905        1588        1        2
1879        1614        1        2
1852        1640        1        2
1826        1667        1        2
1799        1693        1        2
1773        1720        1        2
1746        1746        1        2
1693        1773        1        2
1667        1799        1        2
1614        1826        1        2
1588        1826        1        2
1561        1852        1        2
1535        1852        1        2
1508        1852        1        2
1482        1852        1        2
1455        1852        1        2
1455        1826        1        2
1455        1799        1        2
1455        1773        1        2
1482        1773        1        2
1482        1746        1        2
1508        1720        1        2
1535        1693        1        2
1561        1667        1        2
1588        1667        1        2
1640        1640        1        2
1667        1614        1        2
1693        1614        1        2
1720        1588        1        2
1773        1588        1        2
1799        1588        1        2
1826        1588        1        2
1852        1561        1        2
1905        1561        1        2
1931        1561        1        2
1958        1561        1        2
1984        1588        1        2
2011        1588        1        2
2064        1588        1        2
2090        1588        1        2
2117        1588        1        2
2143        1614        1        2
2170        1614        1        2
2196        1640        1        2
2223        1640        1        2
2249        1667        1        2
2275        1667        1        2
2302        1693        1        2
2328        1693        1        2
2355        1720        1        2
2355        1746        1        2
2381        1746        1        2
2408        1773        1        2
2408        1799        1        2
2434        1826        1        2
2434        1852        1        2
2461        1879        1        2
2461        1905        1        2
2487        1931        1        2
2487        1958        1        2
2487        1984        1        2
2487        2011        1        2
2487        2037        1        2
2514        2037        1        2
2514        2011        1        2
2487        1984        1        2
2514        1958        1        2
2514        1931        1        2
2514        1879        1        2
2514        1852        1        2
2514        1826        1        2
2514        1799        1        2
2514        1773        1        2
2514        1720        1        2
2514        1693        1        2
2514        1667        1        2
2514        1614        1        2
2514        1561        1        2
2514        1535        1        2
2514        1482        1        2
2540        1455        1        2
2540        1402        1        2
2540        1376        1        2
2540        1349        1        2
2514        1323        1        2
2514        1296        1        2
2514        1270        1        2
2487        1244        1        2
2487        1217        1        2
2487        1191        1        2
2487        1164        1        2
2487        1138        1        2
2487        1111        1        2
2487        1085        1        2
2487        1058        1        2
2487        1032        1        2
2487        1005        1        2
2487         979        1        2
PEN_UP                  0
PEN_DOWN
2566        1984        1        3
2540        1958        1        3
2514        1958        1        3
2514        1984        1        3
2487        1984        1        3
2461        1984        1        3
2461        2011        1        3
2434        2011        1        3
2408        2011        1        3
2408        2037        1        3
2381        2037        1        3
2381        2064        1        3
2355        2064        1        3
2355        2090        1        3
2328        2090        1        3
2328        2117        1        3
2328        2143        1        3
2355        2170        1        3
2355        2196        1        3
2381        2196        1        3
2408        2223        1        3
2434        2223        1        3
2434        2249        1        3
2461        2249        1        3
2461        2275        1        3
2487        2275        1        3
2487        2302        1        3
2487        2328        1        3
2487        2355        1        3
2461        2381        1        3
2434        2408        1        3
2434        2434        1        3
2408        2461        1        3
2381        2487        1        3
2328        2514        1        3
2302        2514        1        3
2275        2540        1        3
2223        2566        1        3
2196        2566        1        3
2143        2593        1        3
2117        2593        1        3
2090        2593        1        3
2090        2619        1        3
2064        2593        1        3
2037        2593        1        3
2037        2566        1        3
2064        2540        1        3
2064        2514        1        3
2090        2487        1        3
2117        2461        1        3
2143        2434        1        3
2196        2434        1        3
2223        2408        1        3
2249        2408        1        3
2302        2381        1        3
2328        2381        1        3
2355        2355        1        3
2408        2355        1        3
2434        2355        1        3
2461        2328        1        3
2514        2328        1        3
2540        2328        1        3
2566        2328        1        3
2593        2328        1        3
2619        2328        1        3
2646        2328        1        3
2672        2328        1        3
2699        2328        1        3
2725        2355        1        3
2752        2355        1        3
2778        2355        1        3
2805        2381        1        3
2831        2381        1        3
2858        2408        1        3
2884        2434        1        3
2884        2461        1        3
2910        2487        1        3
2937        2514        1        3
2937        2540        1        3
2937        2566        1        3
2963        2566        1        3
2963        2593        1        3
2963        2619        1        3
2963        2593        1        3
2963        2566        1        3
2963        2540        1        3
2963        2514        1        3
2963        2487        1        3
2963        2461        1        3
2963        2434        1        3
2963        2408        1        3
2963        2381        1        3
2963        2355        1        3
2963        2328        1        3
2937        2302        1        3
2937        2275        1        3
2937        2249        1        3
2937        2223        1        3
2910        2196        1        3
2910        2170        1        3
2910        2143        1        3
2910        2117        1        3
2910        2090        1        3
2910        2064        1        3
2910        2037        1        3
2910        2011        1        3
2910        1984        1        3
2910        1958        1        3
2910        1931        1        3
2910        1905        1        3
2910        1879        1        3
2910        1852        1        3
2910        1826        1        3
2910        1799        1        3
2910        1773        1        3
2910        1746        1        3
2910        1720        1        3
2910        1693        1        3
2910        1667        1        3
2910        1640        1        3
2910        1614        1        3
2910        1588        1        3
2910        1561        1        3
2910        1535        1        3
2884        1508        1        3
2884        1482        1        3
2884        1455        1        3
2884        1429        1        3
2884        1402        1        3
2884        1376        1        3
2884        1349        1        3
2858        1323        1        3
2858        1296        1        3
2858        1270        1        3
2858        1244        1        3
2858        1217        1        3
2858        1191        1        3
2858        1164        1        3
2858        1138        1        3
2858        1111        1        3
2858        1085        1        3
2858        1058        1        3
2858        1032        1        3
2858        1005        1        3
2884        1005        1        3
PEN_UP                  0
END_CHARACTER: MM
