CHARACTER_NAME: O
STROKE_COUNT: 1
  X           Y   STYLUS_STATE STROKE
PEN_DOWN
2064        1482        1        1
2064        1455        1        1
2090        1429        1        1
2090        1402        1        1
2090        1376        1        1
2117        1376        1        1
2143        1349        1        1
2170        1323        1        1
2196        1323        1        1
2223        1296        1        1
2249        1296        1        1
2302        1296        1        1
2328        1270        1        1
2381        1296        1        1
2408        1296        1        1
2434        1296        1        1
2487        1296        1        1
2514        1323        1        1
2540        1323        1        1
2566        1349        1        1
2593        1376        1        1
2593        1402        1        1
2619        1429        1        1
2619        1455        1        1
2619        1482        1        1
2646        1535        1        1
2646        1561        1        1
2646        1614        1        1
2646        1640        1        1
2646        1667        1        1
2619        1720        1        1
2619        1746        1        1
2619        1773        1        1
2593        1826        1        1
2593        1852        1        1
2566        1879        1        1
2566        1905        1        1
2540        1931        1        1
2514        1958        1        1
2487        1984        1        1
2461        2011        1        1
2434        2037        1        1
2408        2064        1        1
2355        2090        1        1
2328        2117        1        1
2275        2117        1        1
2249        2143        1        1
2196        2170        1        1
2143        2170        1        1
2117        2170        1        1
2090        2196        1        1
2037        2196        1        1
2011        2196        1        1
1984        2196        1        1
1958        2196        1        1
1931        2196        1        1
1905        2196        1        1
1931        2170        1        1
1958        2143        1        1
1984        2143        1        1
2011        2143        1        1
2064        2117        1        1
2090        2117        1        1
2117        2117        1        1
2170        2090        1        1
2223        2090        1        1
2275        2090        1        1
2328        2090        1        1
2381        2117        1        1
2434        2117        1        1
2461        2117        1        1
2514        2117        1        1
2540        2143        1        1
2566        2143        1        1
2593        2170        1        1
2619        2196        1        1
2646        2196        1        1
2672        2223        1        1
2699        2275        1        1
2725        2302        1        1
2752        2328        1        1
2778        2381        1        1
2778        2408        1        1
2805        2434        1        1
2805        2487        1        1
2831        2514        1        1
2831        2540        1        1
2831        2593        1        1
2831        2619        1        1
2831        2646        1        1
2831        2672        1        1
2831        2699        1        1
2805        2725        1        1
2805        2778        1        1
2805        2805        1        1
2805        2831        1        1
2778        2858        1        1
2778        2884        1        1
2752        2937        1        1
2752        2963        1        1
2725        2990        1        1
2699        3016        1        1
2672        3016        1        1
2646        3043        1        1
2619        3069        1        1
2593        3069        1        1
2566        3096        1        1
2540        3096        1        1
2487        3122        1        1
2461        3122        1        1
2434        3149        1        1
2381        3149        1        1
2355        3149        1        1
2302        3175        1        1
2275        3175        1        1
2223        3175        1        1
2196        3175        1        1
2143        3175        1        1
2117        3149        1        1
2090        3149        1        1
2064        3149        1        1
2037        3122        1        1
2011        3122        1        1
1958        3096        1        1
1931        3069        1        1
1905        3043        1        1
1852        3016        1        1
1826        2963        1        1
1799        2910        1        1
1773        2858        1        1
1746        2805        1        1
1720        2752        1        1
1693        2699        1        1
1693        2619        1        1
1667        2566        1        1
1640        2487        1        1
1640        2434        1        1
1614        2381        1        1
1614        2302        1        1
1588        2249        1        1
1588        2196        1        1
1561        2143        1        1
1535        2090        1        1
1535        2037        1        1
1508        2011        1        1
1482        1958        1        1
1455        1931        1        1
1455        1905        1        1
1429        1905        1        1
1402        1879        1        1
1376        1852        1        1
1349        1852        1        1
1323        1852        1        1
1296        1826        1        1
1270        1826        1        1
1244        1826        1        1
1217        1826        1        1
1191        1826        1        1
1191        1852        1        1
1164        1852        1        1
PEN_UP                  0
END_CHARACTER: O
