CHARACTER_NAME: SB
STROKE_COUNT: 3
  X           Y   STYLUS_STATE STROKE
PEN_DOWN
1058        1746        1        1
1085        1720        1        1
1138        1720        1        1
1164        1720        1        1
1217        1693        1        1
1244        1693        1        1
1296        1693        1        1
1376        1693        1        1
1429        1693        1        1
1482        1693        1        1
1508        1693        1        1
1561        1720        1        1
1588        1720        1        1
1614        1746        1        1
1640        1773        1        1
1667        1826        1        1
1693        1852        1        1
1693        1879        1        1
1720        1931        1        1
1720        1958        1        1
1720        1984        1        1
1746        2037        1        1
1746        2064        1        1
1746        2090        1        1
1746        2117        1        1
1720        2143        1        1
1720        2170        1        1
1693        2170        1        1
1667        2196        1        1
1640        2196        1        1
1614        2223        1        1
1588        2223        1        1
1561        2223        1        1
1508        2223        1        1
1482        2196        1        1
1455        2196        1        1
1429        2170        1        1
1429        2143        1        1
1402        2117        1        1
1402        2090        1        1
1402        2037        1        1
1402        2011        1        1
1429        1984        1        1
1455        1958        1        1
1482        1905        1        1
1508        1879        1        1
1535        1852        1        1
1588        1852        1        1
1640        1826        1        1
1693        1826        1        1
1746        1799        1        1
1799        1799        1        1
1852        1799        1        1
1879        1799        1        1
1931        1799        1        1
1958        1799        1        1
1984        1826        1        1
2011        1826        1        1
2037        1852        1        1
2064        1852        1        1
2090        1879        1        1
2117        1905        1        1
2143        1905        1        1
2143        1931        1        1
2170        1958        1        1
2170        1984        1        1
2196        2011        1        1
2196        2037        1        1
2196        2064        1        1
2223        2064        1        1
2223        2090        1        1
2223        2117        1        1
2223        2143        1        1
2223        2170        1        1
2196        2170        1        1
2196        2196        1        1
2170        2196        1        1
2143        2196        1        1
2117        2196        1        1
2090        2170        1        1
2064        2170        1        1
2011        2170        1        1
1984        2143        1        1
1958        2117        1        1
1931        2090        1        1
1905        2064        1        1
1879        2037        1        1
1879        2011        1        1
1879        1984        1        1
1879        1958        1        1
1879        1931        1        1
1879        1905        1        1
1905        1879        1        1
1905        1852        1        1
1931        1826        1        1
1958        1799        1        1
1984        1799        1        1
2037        1773        1        1
2064        1773        1        1
2090        1773        1        1
2143        1773        1        1
2170        1773        1        1
2223        1799        1        1
2249        1799        1        1
2302        1826        1        1
2328        1852        1        1
2381        1879        1        1
2408        1905        1        1
2434        1931        1        1
2461        1958        1        1
2487        1984        1        1
PEN_UP                  0
PEN_DOWN
2461        1614        1        2
2461        1588        1        2
2461        1614        1        2
2461        1640        1        2
2461        1667        1        2
2461        1720        1        2
2461        1773        1        2
2461        1826        1        2
2461        1879        1        2
2487        1931        1        2
2487        1984        1        2
2487        2037        1        2
2487        2064        1        2
2514        2117        1        2
2514        2143        1        2
2514        2170        1        2
2514        2196        1        2
2487        2223        1        2
2461        2249        1        2
2408        2275        1        2
2381        2302        1        2
2328        2328        1        2
2275        2355        1        2
2223        2381        1        2
2196        2434        1        2
2143        2461        1        2
2117        2487        1        2
2090        2514        1        2
2064        2540        1        2
2064        2566        1        2
2064        2593        1        2
2064        2619        1        2
2090        2619        1        2
2090        2646        1        2
2117        2646        1        2
2170        2646        1        2
2196        2672        1        2
2249        2672        1        2
2302        2672        1        2
2328        2672        1        2
2381        2672        1        2
2408        2672        1        2
2434        2699        1        2
2461        2699        1        2
2487        2699        1        2
2487        2725        1        2
2514        2725        1        2
2514        2752        1        2
2540        2752        1        2
2540        2778        1        2
2566        2778        1        2
2566        2752        1        2
2566        2725        1        2
2566        2699        1        2
2540        2646        1        2
2540        2593        1        2
2540        2540        1        2
2514        2487        1        2
2514        2434        1        2
2487        2355        1        2
2487        2302        1        2
2487        2275        1        2
2461        2223        1        2
2461        2196        1        2
2461        2170        1        2
2434        2143        1        2
2434        2117        1        2
PEN_UP                  0
PEN_DOWN
2355        1614        1        3
2381        1640        1        3
2408        1640        1        3
2434        1640        1        3
2514        1640        1        3
2566        1640        1        3
2646        1667        1        3
2752        1667        1        3
2831        1667        1        3
2937        1667        1        3
2990        1667        1        3
3069        1667        1        3
3122        1667        1        3
3149        1667        1        3
3175        1667        1        3
3201        1667        1        3
3228        1667        1        3
3228        1693        1        3
PEN_UP                  0
END_CHARACTER: SB
