CHARACTER_NAME: NGJ
STROKE_COUNT: 2
  X           Y   STYLUS_STATE STROKE
PEN_DOWN
1640         979        1        1
1640        1005        1        1
1640         979        1        1
1640         953        1        1
1614         953        1        1
1614         926        1        1
1640         926        1        1
1640         900        1        1
1667         900        1        1
1667         873        1        1
1693         873        1        1
1720         873        1        1
1746         847        1        1
1773         847        1        1
1799         847        1        1
1826         847        1        1
1852         847        1        1
1879         847        1        1
1931         873        1        1
1958         873        1        1
1984         873        1        1
2011         873        1        1
2011         900        1        1
2037         900        1        1
2064         900        1        1
2064         926        1        1
2090         926        1        1
2090         953        1        1
2117         953        1        1
2117         979        1        1
2143         979        1        1
2143        1005        1        1
2170        1032        1        1
2170        1058        1        1
2196        1058        1        1
2196        1085        1        1
2196        1111        1        1
2223        1111        1        1
2223        1138        1        1
2196        1138        1        1
2196        1164        1        1
2196        1191        1        1
2196        1217        1        1
2170        1244        1        1
2143        1270        1        1
2143        1296        1        1
2117        1323        1        1
2090        1323        1        1
2064        1349        1        1
2037        1376        1        1
2011        1402        1        1
1984        1402        1        1
1958        1429        1        1
1905        1455        1        1
1879        1455        1        1
1852        1482        1        1
1852        1508        1        1
1826        1508        1        1
1799        1535        1        1
1773        1535        1        1
1773        1561        1        1
1746        1561        1        1
1746        1588        1        1
1720        1588        1        1
1720        1614        1        1
1693        1640        1        1
1693        1667        1        1
1667        1693        1        1
1667        1720        1        1
1640        1720        1        1
1640        1746        1        1
1640        1773        1        1
1640        1799        1        1
1640        1826        1        1
1640        1852        1        1
1640        1879        1        1
1667        1879        1        1
1667        1905        1        1
1693        1931        1        1
1720        1931        1        1
1720        1958        1        1
1746        1958        1        1
1773        1958        1        1
1773        1984        1        1
1799        1984        1        1
1826        1984        1        1
1852        1984        1        1
1879        1984        1        1
1905        1958        1        1
1931        1958        1        1
1958        1958        1        1
1984        1958        1        1
2011        1958        1        1
2037        1958        1        1
2064        1931        1        1
2090        1931        1        1
2117        1905        1        1
2143        1905        1        1
2143        1879        1        1
2170        1852        1        1
2170        1826        1        1
2196        1826        1        1
2196        1799        1        1
2196        1773        1        1
2223        1773        1        1
2223        1746        1        1
2223        1720        1        1
2223        1693        1        1
2249        1667        1        1
2223        1667        1        1
2223        1640        1        1
2223        1614        1        1
2223        1588        1        1
2196        1588        1        1
2196        1561        1        1
2170        1535        1        1
2196        1535        1        1
2196        1561        1        1
2223        1561        1        1
2249        1561        1        1
2275        1561        1        1
2302        1561        1        1
2355        1588        1        1
2408        1588        1        1
2434        1614        1        1
2487        1614        1        1
2514        1614        1        1
2540        1640        1        1
2566        1640        1        1
2566        1667        1        1
2593        1693        1        1
2593        1720        1        1
2593        1746        1        1
2566        1746        1        1
2566        1773        1        1
2540        1799        1        1
2514        1799        1        1
2514        1826        1        1
2487        1826        1        1
2461        1852        1        1
2434        1852        1        1
2408        1852        1        1
2381        1852        1        1
2328        1852        1        1
2302        1852        1        1
2249        1852        1        1
2223        1879        1        1
2196        1879        1        1
2170        1879        1        1
2143        1879        1        1
2117        1879        1        1
2090        1905        1        1
2064        1905        1        1
2064        1931        1        1
2037        1931        1        1
2064        1931        1        1
2090        1931        1        1
2117        1958        1        1
2143        1984        1        1
2196        2011        1        1
2249        2037        1        1
2302        2064        1        1
2355        2117        1        1
2434        2170        1        1
2487        2196        1        1
2540        2249        1        1
2593        2302        1        1
2646        2328        1        1
2672        2355        1        1
2699        2381        1        1
2725        2381        1        1
2725        2408        1        1
2725        2381        1        1
2725        2355        1        1
PEN_UP                  0
PEN_DOWN
2223        1032        1        2
2223        1005        1        2
2249        1005        1        2
2249         979        1        2
2275         953        1        2
2302         926        1        2
2328         926        1        2
2328         900        1        2
2355         873        1        2
2408         873        1        2
2434         847        1        2
2461         847        1        2
2487         847        1        2
2540         847        1        2
2566         847        1        2
2593         847        1        2
2619         847        1        2
2646         847        1        2
2672         847        1        2
2672         873        1        2
2699         873        1        2
2699         900        1        2
2699         926        1        2
2672         953        1        2
2646         979        1        2
2619        1005        1        2
2593        1032        1        2
2566        1058        1        2
2540        1058        1        2
2514        1058        1        2
2514        1085        1        2
2487        1085        1        2
2461        1085        1        2
2487        1085        1        2
2514        1058        1        2
2566        1058        1        2
2593        1058        1        2
2646        1032        1        2
2672        1032        1        2
2725        1032        1        2
2752        1058        1        2
2778        1058        1        2
2805        1058        1        2
2831        1058        1        2
2831        1085        1        2
2831        1111        1        2
2831        1138        1        2
2805        1164        1        2
2805        1191        1        2
2805        1217        1        2
2778        1244        1        2
2752        1244        1        2
2725        1270        1        2
2725        1296        1        2
2699        1296        1        2
2646        1323        1        2
2619        1323        1        2
2593        1349        1        2
2566        1349        1        2
2540        1323        1        2
2487        1323        1        2
2461        1323        1        2
2434        1323        1        2
2381        1323        1        2
2355        1296        1        2
2328        1296        1        2
2328        1270        1        2
2302        1270        1        2
2275        1244        1        2
2275        1217        1        2
2249        1191        1        2
PEN_UP                  0
END_CHARACTER: NGJ
