CHARACTER_NAME: NGKH
STROKE_COUNT: 3
  X           Y   STYLUS_STATE STROKE
PEN_DOWN
1349        1482        1        1
1376        1482        1        1
1402        1508        1        1
1429        1535        1        1
1455        1535        1        1
1482        1561        1        1
1508        1588        1        1
1561        1588        1        1
1588        1614        1        1
1640        1614        1        1
1693        1614        1        1
1746        1640        1        1
1773        1614        1        1
1826        1614        1        1
1879        1614        1        1
1905        1614        1        1
1931        1588        1        1
1958        1588        1        1
2011        1561        1        1
2037        1535        1        1
2064        1508        1        1
2064        1482        1        1
2064        1455        1        1
2090        1429        1        1
2064        1402        1        1
2064        1376        1        1
2037        1349        1        1
2011        1349        1        1
1984        1349        1        1
1958        1349        1        1
1905        1349        1        1
1879        1349        1        1
1852        1376        1        1
1826        1402        1        1
1826        1429        1        1
1799        1482        1        1
1799        1508        1        1
1773        1535        1        1
1773        1588        1        1
1799        1614        1        1
1799        1667        1        1
1826        1693        1        1
1826        1720        1        1
1852        1720        1        1
1879        1746        1        1
1931        1746        1        1
1958        1773        1        1
2011        1746        1        1
2037        1746        1        1
2090        1746        1        1
2143        1720        1        1
2170        1720        1        1
2196        1693        1        1
2223        1693        1        1
2249        1667        1        1
2275        1667        1        1
2302        1640        1        1
2275        1667        1        1
2275        1693        1        1
2249        1693        1        1
2249        1720        1        1
2223        1746        1        1
2223        1773        1        1
2196        1799        1        1
2196        1826        1        1
2170        1852        1        1
2170        1879        1        1
2143        1905        1        1
2143        1958        1        1
2117        1984        1        1
2090        1984        1        1
2064        2011        1        1
2037        2037        1        1
2011        2064        1        1
1984        2090        1        1
1958        2090        1        1
1905        2117        1        1
1852        2117        1        1
1799        2143        1        1
1746        2143        1        1
1720        2170        1        1
1667        2170        1        1
1588        2170        1        1
1535        2170        1        1
1482        2170        1        1
1429        2143        1        1
1376        2143        1        1
1349        2117        1        1
1296        2090        1        1
1270        2064        1        1
1244        2037        1        1
1217        1984        1        1
PEN_UP                  0
PEN_DOWN
2805        1270        1        2
2778        1270        1        2
2752        1270        1        2
2725        1296        1        2
2699        1323        1        2
2646        1349        1        2
2593        1376        1        2
2540        1402        1        2
2487        1429        1        2
2461        1482        1        2
2408        1508        1        2
2355        1561        1        2
2328        1588        1        2
2275        1614        1        2
2249        1614        1        2
2223        1640        1        2
2196        1667        1        2
2170        1667        1        2
2170        1693        1        2
2143        1693        1        2
2117        1720        1        2
2090        1720        1        2
2064        1720        1        2
2090        1720        1        2
2117        1720        1        2
2143        1693        1        2
2170        1693        1        2
2196        1693        1        2
2223        1693        1        2
2249        1693        1        2
2302        1693        1        2
2328        1720        1        2
2355        1720        1        2
2381        1746        1        2
2408        1773        1        2
2434        1799        1        2
2434        1826        1        2
2461        1852        1        2
2461        1879        1        2
2461        1905        1        2
2461        1931        1        2
2434        1958        1        2
2434        1984        1        2
2408        2011        1        2
2381        2037        1        2
2328        2037        1        2
2302        2064        1        2
2275        2064        1        2
2249        2064        1        2
2223        2090        1        2
2196        2064        1        2
2170        2064        1        2
2170        2037        1        2
2196        2011        1        2
2196        1984        1        2
2223        1984        1        2
2249        1958        1        2
2275        1958        1        2
2328        1931        1        2
2355        1931        1        2
2381        1931        1        2
2434        1931        1        2
2461        1931        1        2
2487        1958        1        2
2514        1958        1        2
2514        1984        1        2
2540        2011        1        2
2566        2037        1        2
2566        2064        1        2
2566        2117        1        2
2566        2143        1        2
2566        2170        1        2
2566        2196        1        2
2566        2223        1        2
2540        2249        1        2
2540        2275        1        2
2514        2302        1        2
2487        2328        1        2
2461        2328        1        2
2434        2355        1        2
2408        2355        1        2
2381        2355        1        2
2355        2355        1        2
2328        2328        1        2
2328        2302        1        2
2328        2275        1        2
2328        2249        1        2
2355        2223        1        2
2381        2196        1        2
2408        2170        1        2
2434        2143        1        2
2461        2143        1        2
2514        2117        1        2
2566        2090        1        2
2593        2090        1        2
2646        2090        1        2
2699        2090        1        2
2725        2117        1        2
2752        2117        1        2
2805        2143        1        2
2831        2143        1        2
2831        2170        1        2
2858        2196        1        2
2884        2196        1        2
2884        2223        1        2
2910        2223        1        2
2910        2249        1        2
2937        2249        1        2
2937        2275        1        2
2937        2249        1        2
2937        2223        1        2
2937        2170        1        2
2937        2117        1        2
2937        2064        1        2
2937        2011        1        2
2937        1958        1        2
2937        1905        1        2
2937        1852        1        2
2937        1799        1        2
2937        1773        1        2
2937        1720        1        2
2937        1693        1        2
2937        1667        1        2
2910        1614        1        2
2910        1588        1        2
2910        1561        1        2
2884        1561        1        2
2884        1535        1        2
2858        1535        1        2
2831        1535        1        2
2805        1561        1        2
2778        1588        1        2
2752        1614        1        2
2725        1640        1        2
2725        1667        1        2
2725        1693        1        2
2725        1720        1        2
2752        1746        1        2
2778        1773        1        2
2805        1799        1        2
2831        1799        1        2
2884        1826        1        2
2937        1826        1        2
2990        1826        1        2
3043        1826        1        2
3122        1826        1        2
3175        1826        1        2
3228        1852        1        2
3254        1852        1        2
3307        1852        1        2
3360        1879        1        2
3387        1879        1        2
3413        1879        1        2
3440        1905        1        2
3466        1931        1        2
3493        1958        1        2
3519        1984        1        2
3545        2011        1        2
3545        2037        1        2
3545        2064        1        2
3572        2090        1        2
3545        2117        1        2
3545        2143        1        2
3519        2170        1        2
3519        2196        1        2
3493        2196        1        2
3466        2223        1        2
3440        2223        1        2
3413        2223        1        2
3387        2196        1        2
3360        2196        1        2
3360        2170        1        2
3360        2143        1        2
3387        2117        1        2
3387        2090        1        2
PEN_UP                  0
PEN_DOWN
2249        1296        1        3
2249        1323        1        3
2275        1296        1        3
2302        1296        1        3
2328        1296        1        3
2381        1296        1        3
2461        1270        1        3
2514        1270        1        3
2619        1270        1        3
2699        1270        1        3
2805        1244        1        3
2884        1244        1        3
2963        1244        1        3
3016        1217        1        3
3069        1217        1        3
3096        1217        1        3
3122        1217        1        3
3149        1217        1        3
3175        1217        1        3
PEN_UP                  0
END_CHARACTER: NGKH
