CHARACTER_NAME: DRR
STROKE_COUNT: 2
  X           Y   STYLUS_STATE STROKE
PEN_DOWN
1429        1402        1        1
1402        1402        1        1
1429        1402        1        1
1455        1429        1        1
1508        1429        1        1
1588        1429        1        1
1667        1402        1        1
1773        1402        1        1
1879        1402        1        1
1984        1402        1        1
2090        1402        1        1
2223        1402        1        1
2328        1402        1        1
2408        1376        1        1
2487        1376        1        1
2566        1376        1        1
2619        1376        1        1
2646        1376        1        1
2672        1376        1        1
2699        1376        1        1
2725        1376        1        1
PEN_UP                  0
PEN_DOWN
2196        1402        1        2
2170        1402        1        2
2170        1429        1        2
2170        1455        1        2
2143        1482        1        2
2143        1508        1        2
2143        1561        1        2
2143        1588        1        2
2143        1640        1        2
2117        1693        1        2
2117        1746        1        2
2117        1799        1        2
2117        1852        1        2
2117        1905        1        2
2117        1958        1        2
2117        1984        1        2
2117        2011        1        2
2117        2037        1        2
2143        2011        1        2
2143        1984        1        2
2170        1958        1        2
2196        1905        1        2
2223        1879        1        2
2249        1852        1        2
2275        1826        1        2
2328        1799        1        2
2381        1799        1        2
2434        1773        1        2
2487        1773        1        2
2514        1746        1        2
2566        1746        1        2
2619        1746        1        2
2646        1720        1        2
2672        1720        1        2
2699        1720        1        2
2725        1720        1        2
2752        1720        1        2
2778        1720        1        2
2752        1720        1        2
2725        1746        1        2
2699        1773        1        2
2672        1799        1        2
2646        1826        1        2
2593        1852        1        2
2566        1905        1        2
2540        1958        1        2
2514        1984        1        2
2487        2037        1        2
2487        2090        1        2
2461        2143        1        2
2461        2170        1        2
2434        2223        1        2
2434        2249        1        2
2461        2275        1        2
2461        2302        1        2
2461        2328        1        2
2487        2355        1        2
2487        2381        1        2
2514        2381        1        2
2514        2408        1        2
2540        2408        1        2
2566        2434        1        2
2593        2434        1        2
2593        2461        1        2
2619        2461        1        2
2593        2434        1        2
2566        2408        1        2
2540        2381        1        2
2514        2381        1        2
2487        2355        1        2
2461        2328        1        2
2434        2302        1        2
2381        2302        1        2
2355        2275        1        2
2328        2275        1        2
2275        2275        1        2
2249        2275        1        2
2223        2302        1        2
2170        2302        1        2
2143        2302        1        2
2117        2328        1        2
2090        2355        1        2
2037        2381        1        2
2011        2408        1        2
1984        2434        1        2
1958        2461        1        2
1905        2487        1        2
1879        2514        1        2
1852        2540        1        2
1826        2566        1        2
1773        2593        1        2
1746        2593        1        2
1693        2593        1        2
1667        2593        1        2
1614        2593        1        2
1588        2593        1        2
1535        2566        1        2
1508        2566        1        2
1455        2540        1        2
1429        2514        1        2
1402        2487        1        2
1376        2461        1        2
1349        2461        1        2
1349        2434        1        2
1323        2434        1        2
1323        2408        1        2
1323        2381        1        2
1349        2381        1        2
1376        2355        1        2
PEN_UP                  0
END_CHARACTER: DRR
