CHARACTER_NAME: CA
STROKE_COUNT: 2
  X           Y   STYLUS_STATE STROKE
PEN_DOWN
 873        1746        1        1
 900        1746        1        1
 926        1746        1        1
 979        1746        1        1
1005        1746        1        1
1058        1720        1        1
1138        1720        1        1
1217        1693        1        1
1296        1693        1        1
1376        1667        1        1
1482        1667        1        1
1588        1640        1        1
1693        1640        1        1
1799        1614        1        1
1879        1614        1        1
1984        1588        1        1
2064        1588        1        1
2170        1588        1        1
2249        1561        1        1
2328        1561        1        1
2408        1561        1        1
2487        1561        1        1
2540        1561        1        1
2593        1535        1        1
2646        1535        1        1
2699        1535        1        1
2725        1535        1        1
2752        1535        1        1
2778        1535        1        1
2752        1535        1        1
PEN_UP                  0
PEN_DOWN
1667        1746        1        2
1693        1773        1        2
1693        1799        1        2
1693        1852        1        2
1720        1879        1        2
1720        1905        1        2
1720        1958        1        2
1746        2011        1        2
1746        2064        1        2
1773        2117        1        2
1773        2170        1        2
1773        2223        1        2
1799        2275        1        2
1799        2355        1        2
1799        2408        1        2
1799        2487        1        2
1826        2540        1        2
1826        2593        1        2
1826        2672        1        2
1826        2725        1        2
1852        2778        1        2
1852        2831        1        2
1852        2884        1        2
1879        2910        1        2
1879        2963        1        2
1879        2990        1        2
1879        3043        1        2
1879        3069        1        2
1905        3096        1        2
1905        3122        1        2
1905        3149        1        2
1931        3175        1        2
1931        3201        1        2
1931        3228        1        2
1958        3254        1        2
1984        3254        1        2
2011        3281        1        2
2037        3281        1        2
2064        3281        1        2
2090        3281        1        2
2143        3254        1        2
2170        3254        1        2
2196        3254        1        2
2249        3228        1        2
2275        3228        1        2
2328        3201        1        2
2355        3175        1        2
2381        3149        1        2
2434        3122        1        2
2461        3096        1        2
2487        3069        1        2
2487        3016        1        2
2514        2990        1        2
2540        2963        1        2
2540        2937        1        2
2566        2910        1        2
2593        2858        1        2
2593        2831        1        2
2619        2805        1        2
2619        2778        1        2
2619        2752        1        2
2646        2725        1        2
2646        2699        1        2
2646        2672        1        2
2646        2646        1        2
2646        2593        1        2
2619        2566        1        2
2619        2540        1        2
2593        2514        1        2
2593        2487        1        2
2566        2487        1        2
2540        2461        1        2
2540        2434        1        2
2514        2434        1        2
2487        2408        1        2
2461        2408        1        2
2434        2381        1        2
2408        2381        1        2
2381        2408        1        2
2355        2408        1        2
2328        2408        1        2
2302        2408        1        2
2275        2408        1        2
2249        2408        1        2
2223        2408        1        2
2196        2434        1        2
2170        2434        1        2
2143        2434        1        2
2117        2461        1        2
2090        2461        1        2
2064        2487        1        2
2037        2487        1        2
2011        2487        1        2
2011        2514        1        2
1984        2514        1        2
1958        2540        1        2
1931        2566        1        2
1931        2593        1        2
1905        2593        1        2
1905        2619        1        2
1879        2646        1        2
1852        2672        1        2
1852        2699        1        2
1826        2699        1        2
PEN_UP                  0
END_CHARACTER: CA
