CHARACTER_NAME: THA
STROKE_COUNT: 3
  X           Y   STYLUS_STATE STROKE
PEN_DOWN
1032        1746        1        1
1032        1773        1        1
1032        1799        1        1
1032        1826        1        1
1005        1826        1        1
1005        1852        1        1
1005        1879        1        1
 979        1879        1        1
 979        1905        1        1
 953        1905        1        1
 953        1931        1        1
 926        1931        1        1
 900        1931        1        1
 873        1931        1        1
 847        1931        1        1
 820        1905        1        1
 794        1905        1        1
 794        1879        1        1
 794        1852        1        1
 767        1852        1        1
 794        1826        1        1
 794        1799        1        1
 820        1799        1        1
 820        1773        1        1
 847        1773        1        1
 873        1746        1        1
 900        1746        1        1
 926        1746        1        1
 953        1746        1        1
 953        1773        1        1
 979        1773        1        1
1005        1773        1        1
1032        1773        1        1
1032        1799        1        1
1058        1799        1        1
1058        1826        1        1
1085        1826        1        1
1085        1852        1        1
1111        1852        1        1
1111        1879        1        1
1111        1905        1        1
1111        1931        1        1
1111        1958        1        1
1138        1984        1        1
1111        2011        1        1
1111        2037        1        1
1111        2064        1        1
1085        2090        1        1
1085        2117        1        1
1085        2143        1        1
1058        2170        1        1
1058        2196        1        1
1032        2223        1        1
1005        2249        1        1
 979        2275        1        1
 979        2302        1        1
 953        2328        1        1
 926        2355        1        1
 900        2381        1        1
 873        2408        1        1
 847        2434        1        1
 820        2461        1        1
 794        2461        1        1
 794        2487        1        1
 767        2487        1        1
 741        2514        1        1
 714        2540        1        1
 688        2540        1        1
 661        2566        1        1
 635        2593        1        1
 609        2593        1        1
 609        2619        1        1
 582        2619        1        1
 556        2619        1        1
 556        2646        1        1
 529        2646        1        1
 503        2672        1        1
 476        2672        1        1
 476        2699        1        1
 476        2672        1        1
 476        2646        1        1
 503        2619        1        1
 503        2593        1        1
 529        2593        1        1
 556        2566        1        1
 582        2540        1        1
 609        2514        1        1
 661        2487        1        1
 688        2487        1        1
 741        2461        1        1
 794        2461        1        1
 847        2461        1        1
 900        2434        1        1
 953        2434        1        1
1005        2434        1        1
1032        2434        1        1
1085        2461        1        1
1138        2461        1        1
1191        2461        1        1
1217        2487        1        1
1270        2514        1        1
1296        2540        1        1
1349        2566        1        1
1376        2593        1        1
1402        2619        1        1
1455        2646        1        1
1482        2672        1        1
1508        2699        1        1
1535        2752        1        1
1561        2778        1        1
1588        2805        1        1
1614        2805        1        1
1614        2831        1        1
1640        2858        1        1
1667        2858        1        1
1693        2858        1        1
PEN_UP                  0
PEN_DOWN
1588        1667        1        2
1588        1693        1        2
1588        1720        1        2
1614        1773        1        2
1614        1799        1        2
1614        1852        1        2
1614        1905        1        2
1614        1958        1        2
1640        2011        1        2
1640        2064        1        2
1640        2143        1        2
1640        2196        1        2
1640        2275        1        2
1667        2328        1        2
1667        2408        1        2
1667        2461        1        2
1667        2514        1        2
1667        2566        1        2
1667        2619        1        2
1667        2646        1        2
1667        2699        1        2
1693        2725        1        2
1693        2752        1        2
1693        2778        1        2
1693        2805        1        2
1667        2805        1        2
1667        2778        1        2
1640        2778        1        2
PEN_UP                  0
PEN_DOWN
1614        1588        1        3
1614        1614        1        3
1640        1614        1        3
1667        1614        1        3
1693        1614        1        3
1746        1614        1        3
1799        1640        1        3
1852        1614        1        3
1905        1614        1        3
1958        1614        1        3
2011        1614        1        3
2037        1614        1        3
2064        1614        1        3
2090        1614        1        3
2117        1614        1        3
2143        1614        1        3
PEN_UP                  0
END_CHARACTER: THA
