CHARACTER_NAME: KM
STROKE_COUNT: 3
  X           Y   STYLUS_STATE STROKE
PEN_DOWN
 794        1852        1        1
 794        1879        1        1
 820        1879        1        1
 847        1879        1        1
 900        1879        1        1
 953        1879        1        1
1032        1879        1        1
1111        1852        1        1
1217        1852        1        1
1323        1852        1        1
1429        1826        1        1
1535        1826        1        1
1640        1826        1        1
1720        1826        1        1
1799        1826        1        1
1879        1826        1        1
1931        1826        1        1
1958        1799        1        1
1984        1799        1        1
2011        1799        1        1
1984        1826        1        1
1958        1826        1        1
PEN_UP                  0
PEN_DOWN
1561        1852        1        2
1535        1852        1        2
1508        1879        1        2
1482        1905        1        2
1429        1931        1        2
1402        1958        1        2
1349        2011        1        2
1270        2037        1        2
1217        2090        1        2
1164        2143        1        2
1085        2196        1        2
1032        2249        1        2
 979        2302        1        2
 926        2355        1        2
 873        2408        1        2
 847        2461        1        2
 820        2487        1        2
 794        2514        1        2
 767        2540        1        2
 767        2566        1        2
 741        2566        1        2
 767        2566        1        2
 794        2566        1        2
 820        2566        1        2
 847        2540        1        2
 900        2540        1        2
 953        2540        1        2
1005        2540        1        2
1058        2566        1        2
1138        2566        1        2
1191        2566        1        2
1244        2566        1        2
1296        2593        1        2
1349        2619        1        2
1402        2619        1        2
1429        2646        1        2
1455        2672        1        2
1482        2699        1        2
1508        2725        1        2
1508        2752        1        2
1535        2752        1        2
1561        2778        1        2
1561        2805        1        2
1588        2805        1        2
1561        2805        1        2
1561        2778        1        2
1535        2752        1        2
1535        2699        1        2
1535        2646        1        2
1508        2593        1        2
1482        2514        1        2
1455        2461        1        2
1455        2381        1        2
1429        2302        1        2
1429        2249        1        2
1429        2196        1        2
1429        2143        1        2
1429        2117        1        2
1455        2090        1        2
1455        2064        1        2
1482        2064        1        2
1508        2037        1        2
1535        2037        1        2
1561        2037        1        2
1614        2064        1        2
1667        2064        1        2
1720        2090        1        2
1746        2117        1        2
1799        2143        1        2
1826        2170        1        2
1852        2196        1        2
1879        2223        1        2
1879        2249        1        2
1879        2302        1        2
1879        2328        1        2
1879        2355        1        2
1852        2381        1        2
1826        2408        1        2
1799        2408        1        2
1773        2408        1        2
1746        2381        1        2
1720        2355        1        2
1746        2328        1        2
1746        2302        1        2
1773        2275        1        2
1799        2249        1        2
1799        2223        1        2
1826        2196        1        2
PEN_UP                  0
PEN_DOWN
1667        3016        1        3
1667        3043        1        3
1693        3069        1        3
1693        3096        1        3
1693        3122        1        3
1693        3149        1        3
1693        3175        1        3
1667        3201        1        3
1667        3228        1        3
1640        3228        1        3
1614        3254        1        3
1588        3254        1        3
1561        3254        1        3
1535        3254        1        3
1508        3228        1        3
1482        3228        1        3
1455        3201        1        3
1455        3175        1        3
1429        3149        1        3
1429        3122        1        3
1455        3096        1        3
1455        3069        1        3
1482        3043        1        3
1482        3016        1        3
1508        2990        1        3
1535        2990        1        3
1561        2963        1        3
1588        2963        1        3
1640        2937        1        3
1667        2937        1        3
1693        2937        1        3
1720        2910        1        3
1746        2910        1        3
1799        2910        1        3
1826        2910        1        3
1852        2910        1        3
1879        2910        1        3
1905        2937        1        3
1931        2937        1        3
1958        2937        1        3
2011        2963        1        3
2037        2963        1        3
2064        2990        1        3
2090        3016        1        3
2090        3043        1        3
2117        3043        1        3
2143        3069        1        3
2170        3096        1        3
2196        3122        1        3
2223        3122        1        3
2223        3096        1        3
2223        3069        1        3
2196        3043        1        3
2196        3016        1        3
2196        2990        1        3
2196        2963        1        3
2170        2937        1        3
2170        2884        1        3
2170        2858        1        3
2170        2831        1        3
2143        2778        1        3
2143        2752        1        3
2143        2699        1        3
2117        2672        1        3
2117        2646        1        3
2117        2593        1        3
2117        2566        1        3
2090        2540        1        3
2090        2487        1        3
2090        2461        1        3
2064        2408        1        3
2064        2381        1        3
2064        2355        1        3
2064        2328        1        3
2064        2275        1        3
2064        2249        1        3
2064        2223        1        3
2064        2196        1        3
2064        2170        1        3
2064        2143        1        3
2064        2117        1        3
2064        2090        1        3
2064        2064        1        3
2064        2037        1        3
2064        2011        1        3
2064        1984        1        3
2064        1958        1        3
2064        1931        1        3
2037        1905        1        3
2064        1879        1        3
2064        1852        1        3
2064        1826        1        3
2064        1799        1        3
2037        1773        1        3
2064        1773        1        3
2064        1746        1        3
2037        1773        1        3
PEN_UP                  0
END_CHARACTER: KM
