CHARACTER_NAME: JJ
STROKE_COUNT: 4
  X           Y   STYLUS_STATE STROKE
PEN_DOWN
1879        1588        1        1
1852        1614        1        1
1826        1614        1        1
1799        1667        1        1
1773        1693        1        1
1746        1746        1        1
1720        1773        1        1
1693        1826        1        1
1667        1879        1        1
1640        1905        1        1
1614        1958        1        1
1588        1984        1        1
1561        1984        1        1
1561        2011        1        1
1561        2037        1        1
1588        2037        1        1
1640        2037        1        1
1693        2011        1        1
1746        2011        1        1
1773        2011        1        1
1826        2011        1        1
1852        2011        1        1
1879        2011        1        1
1905        2037        1        1
1931        2037        1        1
1958        2064        1        1
1931        2064        1        1
1931        2090        1        1
1931        2117        1        1
1905        2143        1        1
1879        2170        1        1
1852        2196        1        1
1799        2223        1        1
1773        2249        1        1
1720        2275        1        1
1667        2275        1        1
1614        2302        1        1
1535        2302        1        1
1482        2302        1        1
1429        2275        1        1
1376        2275        1        1
1296        2249        1        1
1244        2223        1        1
1191        2170        1        1
1164        2143        1        1
1111        2090        1        1
1085        2064        1        1
1058        2037        1        1
1058        1984        1        1
1058        1958        1        1
1058        1931        1        1
PEN_UP                  0
PEN_DOWN
1931        1614        1        2
1958        1614        1        2
1958        1640        1        2
1984        1640        1        2
2011        1667        1        2
2037        1693        1        2
2064        1746        1        2
2117        1773        1        2
2170        1799        1        2
2223        1852        1        2
2275        1879        1        2
2328        1905        1        2
2381        1958        1        2
2434        1984        1        2
2487        2011        1        2
2514        2011        1        2
2540        2037        1        2
2566        2037        1        2
2593        2064        1        2
2566        2090        1        2
2540        2090        1        2
2487        2117        1        2
2461        2143        1        2
2408        2170        1        2
2355        2196        1        2
2328        2223        1        2
2302        2249        1        2
2249        2275        1        2
2249        2302        1        2
2223        2328        1        2
2196        2355        1        2
2223        2381        1        2
2249        2408        1        2
2275        2408        1        2
2302        2408        1        2
2328        2408        1        2
2355        2408        1        2
2408        2408        1        2
2461        2408        1        2
2514        2408        1        2
2540        2381        1        2
2593        2381        1        2
2646        2381        1        2
2672        2381        1        2
2699        2381        1        2
2725        2381        1        2
2752        2381        1        2
2725        2408        1        2
2725        2434        1        2
2699        2461        1        2
2699        2487        1        2
2699        2514        1        2
2672        2540        1        2
2672        2566        1        2
2646        2619        1        2
2619        2646        1        2
2593        2672        1        2
2566        2699        1        2
2540        2725        1        2
2514        2725        1        2
2461        2752        1        2
2434        2752        1        2
2381        2752        1        2
2328        2725        1        2
2275        2699        1        2
2223        2672        1        2
2170        2646        1        2
2117        2593        1        2
2064        2540        1        2
2037        2487        1        2
2011        2434        1        2
1984        2408        1        2
1984        2355        1        2
1958        2328        1        2
1984        2328        1        2
PEN_UP                  0
PEN_DOWN
2699        2090        1        3
2699        2117        1        3
2725        2143        1        3
2752        2170        1        3
2778        2196        1        3
2805        2196        1        3
2831        2223        1        3
2858        2249        1        3
2910        2249        1        3
2937        2275        1        3
2990        2275        1        3
3016        2302        1        3
3069        2302        1        3
3096        2302        1        3
3122        2302        1        3
3149        2302        1        3
3175        2302        1        3
3149        2302        1        3
3149        2328        1        3
3122        2328        1        3
3096        2381        1        3
3069        2408        1        3
3069        2461        1        3
3043        2514        1        3
3016        2566        1        3
3016        2619        1        3
2990        2672        1        3
3016        2752        1        3
3016        2805        1        3
3043        2831        1        3
3069        2884        1        3
3122        2910        1        3
3175        2937        1        3
3228        2937        1        3
3281        2963        1        3
3334        2937        1        3
3387        2937        1        3
3413        2910        1        3
PEN_UP                  0
PEN_DOWN
1085        1693        1        4
1058        1693        1        4
1085        1693        1        4
1111        1693        1        4
1164        1693        1        4
1217        1693        1        4
1296        1667        1        4
1402        1667        1        4
1535        1667        1        4
1667        1640        1        4
1799        1640        1        4
1958        1640        1        4
2090        1640        1        4
2223        1614        1        4
2328        1614        1        4
2434        1614        1        4
2514        1614        1        4
2566        1588        1        4
2619        1588        1        4
2646        1588        1        4
2672        1588        1        4
2699        1588        1        4
2725        1588        1        4
2752        1588        1        4
PEN_UP                  0
END_CHARACTER: JJ
