CHARACTER_NAME: JB
STROKE_COUNT: 3
  X           Y   STYLUS_STATE STROKE
PEN_DOWN
2302        1429        1        1
2275        1455        1        1
2249        1482        1        1
2223        1508        1        1
2170        1561        1        1
2143        1588        1        1
2090        1640        1        1
2037        1720        1        1
1984        1773        1        1
1931        1826        1        1
1905        1879        1        1
1879        1931        1        1
1852        1958        1        1
1852        1984        1        1
1852        2011        1        1
1879        2037        1        1
1905        2037        1        1
1931        2064        1        1
1984        2064        1        1
2037        2037        1        1
2090        2037        1        1
2143        2037        1        1
2223        2037        1        1
2249        2011        1        1
2302        2011        1        1
2328        2011        1        1
2355        2011        1        1
2355        2037        1        1
2381        2064        1        1
2355        2064        1        1
2355        2090        1        1
2355        2117        1        1
2328        2143        1        1
2302        2170        1        1
2275        2196        1        1
2223        2223        1        1
2196        2249        1        1
2117        2275        1        1
2064        2302        1        1
1984        2328        1        1
1879        2328        1        1
1799        2328        1        1
1693        2328        1        1
1588        2328        1        1
1482        2302        1        1
1376        2275        1        1
1296        2249        1        1
1244        2223        1        1
1164        2170        1        1
1138        2143        1        1
1111        2090        1        1
1111        2064        1        1
1111        2011        1        1
PEN_UP                  0
PEN_DOWN
2355        1561        1        2
2355        1588        1        2
2381        1614        1        2
2408        1640        1        2
2434        1667        1        2
2461        1720        1        2
2514        1746        1        2
2566        1773        1        2
2619        1799        1        2
2672        1826        1        2
2725        1879        1        2
2752        1905        1        2
2805        1905        1        2
2831        1931        1        2
2858        1958        1        2
2858        1984        1        2
2884        2011        1        2
2884        2037        1        2
2858        2064        1        2
2858        2090        1        2
2831        2117        1        2
2805        2143        1        2
2778        2170        1        2
2752        2223        1        2
2699        2249        1        2
2619        2302        1        2
2566        2355        1        2
2514        2381        1        2
2461        2434        1        2
2408        2461        1        2
2355        2514        1        2
2328        2540        1        2
2302        2566        1        2
2275        2566        1        2
2275        2593        1        2
2275        2619        1        2
2302        2646        1        2
2328        2646        1        2
2355        2672        1        2
2381        2672        1        2
2434        2672        1        2
2487        2699        1        2
2514        2699        1        2
2566        2699        1        2
2619        2725        1        2
2646        2725        1        2
2699        2725        1        2
2725        2752        1        2
2752        2752        1        2
2778        2752        1        2
2805        2778        1        2
2831        2778        1        2
2858        2778        1        2
2884        2805        1        2
2884        2778        1        2
2884        2725        1        2
2884        2699        1        2
2858        2619        1        2
2858        2566        1        2
2858        2487        1        2
2831        2408        1        2
2831        2355        1        2
2831        2302        1        2
2831        2249        1        2
2831        2223        1        2
2805        2196        1        2
2805        2170        1        2
2778        2196        1        2
PEN_UP                  0
PEN_DOWN
1164        1614        1        3
1191        1614        1        3
1244        1614        1        3
1270        1614        1        3
1349        1614        1        3
1429        1614        1        3
1535        1614        1        3
1667        1588        1        3
1799        1588        1        3
1958        1588        1        3
2117        1561        1        3
2275        1561        1        3
2408        1561        1        3
2540        1535        1        3
2646        1535        1        3
2725        1535        1        3
2805        1508        1        3
2831        1508        1        3
2884        1508        1        3
2910        1508        1        3
2937        1535        1        3
PEN_UP                  0
END_CHARACTER: JB
