CHARACTER_NAME: NN
STROKE_COUNT: 4
  X           Y   STYLUS_STATE STROKE
PEN_DOWN
1667        2064        1        1
1667        2090        1        1
1667        2117        1        1
1693        2143        1        1
1693        2170        1        1
1693        2223        1        1
1693        2249        1        1
1693        2275        1        1
1693        2328        1        1
1693        2355        1        1
1667        2381        1        1
1667        2408        1        1
1640        2434        1        1
1614        2461        1        1
1561        2487        1        1
1535        2487        1        1
1508        2487        1        1
1482        2487        1        1
1429        2461        1        1
1429        2434        1        1
1402        2408        1        1
1376        2381        1        1
1376        2328        1        1
1402        2302        1        1
1402        2275        1        1
1429        2249        1        1
1455        2223        1        1
1508        2196        1        1
1561        2170        1        1
1640        2170        1        1
1693        2143        1        1
1746        2143        1        1
1826        2170        1        1
1879        2170        1        1
1931        2196        1        1
1958        2223        1        1
2011        2249        1        1
PEN_UP                  0
PEN_DOWN
2223        1826        1        2
2223        1879        1        2
2223        1931        1        2
2249        1984        1        2
2249        2064        1        2
2249        2143        1        2
2275        2223        1        2
2275        2328        1        2
2302        2408        1        2
2302        2487        1        2
2302        2566        1        2
2302        2619        1        2
2302        2672        1        2
2328        2699        1        2
2328        2725        1        2
2328        2752        1        2
2328        2778        1        2
2302        2752        1        2
2275        2725        1        2
2275        2699        1        2
2223        2646        1        2
2196        2619        1        2
2143        2593        1        2
2090        2566        1        2
2037        2540        1        2
1984        2540        1        2
1931        2540        1        2
1879        2566        1        2
1826        2593        1        2
1773        2646        1        2
1746        2672        1        2
1720        2725        1        2
1720        2805        1        2
1720        2858        1        2
1720        2910        1        2
1746        2963        1        2
1773        3016        1        2
1799        3069        1        2
1852        3096        1        2
1879        3122        1        2
1931        3122        1        2
1958        3122        1        2
1984        3122        1        2
2011        3096        1        2
2011        3069        1        2
2011        3016        1        2
2011        2990        1        2
1984        2963        1        2
1958        2963        1        2
1905        2937        1        2
1879        2937        1        2
1852        2937        1        2
1826        2963        1        2
1799        2963        1        2
1773        2990        1        2
PEN_UP                  0
PEN_DOWN
2011        2223        1        3
2037        2223        1        3
2064        2223        1        3
2090        2249        1        3
2117        2249        1        3
2143        2249        1        3
2170        2275        1        3
2196        2275        1        3
2223        2275        1        3
2249        2302        1        3
2275        2302        1        3
2302        2328        1        3
2328        2328        1        3
2328        2355        1        3
2355        2355        1        3
2381        2381        1        3
2408        2381        1        3
2408        2408        1        3
2434        2408        1        3
PEN_UP                  0
PEN_DOWN
2117        1799        1        4
2170        1799        1        4
2223        1799        1        4
2275        1799        1        4
2355        1799        1        4
2434        1773        1        4
2514        1773        1        4
2566        1773        1        4
2646        1773        1        4
2725        1773        1        4
2778        1773        1        4
2805        1773        1        4
2858        1773        1        4
2884        1773        1        4
2910        1773        1        4
2937        1773        1        4
PEN_UP                  0
END_CHARACTER: NN
