CHARACTER_NAME: A
STROKE_COUNT: 3
  X           Y   STYLUS_STATE STROKE
PEN_DOWN
 529         661        1        1
 529         688        1        1
 556         688        1        1
 582         688        1        1
 609         688        1        1
 635         688        1        1
 661         688        1        1
 661         714        1        1
 688         714        1        1
 714         714        1        1
 741         714        1        1
 767         714        1        1
 794         714        1        1
 820         714        1        1
 847         714        1        1
 873         714        1        1
 900         714        1        1
 926         714        1        1
 926         688        1        1
 953         688        1        1
 979         688        1        1
1005         688        1        1
1032         688        1        1
1058         688        1        1
1085         688        1        1
1111         688        1        1
1138         688        1        1
1164         688        1        1
1191         688        1        1
1217         688        1        1
1244         688        1        1
1270         688        1        1
1296         661        1        1
1349         661        1        1
1376         661        1        1
1402         661        1        1
1429         661        1        1
1455         661        1        1
1482         661        1        1
1508         661        1        1
1535         661        1        1
1561         661        1        1
1588         661        1        1
1640         635        1        1
1667         635        1        1
1693         635        1        1
1720         635        1        1
1746         635        1        1
1799         635        1        1
1826         635        1        1
1852         635        1        1
1879         635        1        1
1931         635        1        1
1958         635        1        1
1984         635        1        1
2037         635        1        1
2064         635        1        1
2117         635        1        1
2143         635        1        1
2170         635        1        1
2223         609        1        1
2275         609        1        1
2302         609        1        1
2355         609        1        1
2381         609        1        1
2434         609        1        1
2461         609        1        1
2514         582        1        1
2593         582        1        1
2646         582        1        1
2699         582        1        1
2752         582        1        1
2805         582        1        1
2858         582        1        1
2910         582        1        1
2963         582        1        1
3016         582        1        1
3069         582        1        1
3096         556        1        1
3149         556        1        1
3175         556        1        1
3228         556        1        1
3281         556        1        1
3307         556        1        1
3360         556        1        1
3387         556        1        1
3440         556        1        1
3466         529        1        1
3493         529        1        1
3519         529        1        1
3545         529        1        1
3572         529        1        1
3572         556        1        1
3545         556        1        1
PEN_UP                  0
PEN_DOWN
2302        1138        1        2
2275        1111        1        2
2275        1085        1        2
2302        1085        1        2
2302        1058        1        2
2302        1032        1        2
2328        1032        1        2
2328        1005        1        2
2355        1005        1        2
2355         979        1        2
2381         979        1        2
2381         953        1        2
2408         953        1        2
2408         926        1        2
2434         926        1        2
2461         926        1        2
2487         900        1        2
2514         900        1        2
2540         900        1        2
2566         900        1        2
2593         900        1        2
2619         900        1        2
2646         900        1        2
2672         900        1        2
2699         900        1        2
2725         900        1        2
2752         926        1        2
2778         926        1        2
2805         926        1        2
2805         953        1        2
2831         953        1        2
2858         979        1        2
2884         979        1        2
2884        1005        1        2
2910        1005        1        2
2910        1032        1        2
2937        1058        1        2
2937        1085        1        2
2963        1111        1        2
2963        1138        1        2
2963        1164        1        2
2990        1191        1        2
2990        1217        1        2
2990        1244        1        2
2963        1270        1        2
2963        1296        1        2
2963        1323        1        2
2937        1349        1        2
2937        1376        1        2
2910        1376        1        2
2910        1402        1        2
2884        1429        1        2
2858        1455        1        2
2831        1482        1        2
2805        1508        1        2
2778        1508        1        2
2752        1535        1        2
2725        1561        1        2
2699        1561        1        2
2672        1588        1        2
2619        1614        1        2
2593        1614        1        2
2540        1640        1        2
2514        1640        1        2
2461        1640        1        2
2434        1667        1        2
2408        1667        1        2
2355        1667        1        2
2328        1667        1        2
2302        1667        1        2
2275        1667        1        2
2249        1667        1        2
2223        1667        1        2
2170        1667        1        2
2143        1667        1        2
2117        1667        1        2
2090        1640        1        2
2037        1640        1        2
2011        1640        1        2
1958        1640        1        2
1931        1614        1        2
1879        1588        1        2
1826        1588        1        2
1799        1561        1        2
1773        1561        1        2
1720        1535        1        2
1693        1535        1        2
1667        1508        1        2
1640        1482        1        2
1614        1482        1        2
1588        1455        1        2
1561        1455        1        2
1535        1429        1        2
1508        1402        1        2
1455        1402        1        2
1429        1376        1        2
1402        1349        1        2
1376        1349        1        2
1376        1323        1        2
1349        1296        1        2
1323        1296        1        2
1296        1270        1        2
1270        1270        1        2
1244        1244        1        2
1217        1244        1        2
1217        1217        1        2
1191        1217        1        2
1164        1191        1        2
1138        1191        1        2
1138        1164        1        2
1111        1164        1        2
1111        1138        1        2
1085        1138        1        2
1058        1111        1        2
1032        1111        1        2
1032        1085        1        2
1005        1085        1        2
 979        1058        1        2
 953        1058        1        2
 953        1032        1        2
 926        1032        1        2
 900        1005        1        2
 873         979        1        2
 900         979        1        2
PEN_UP                  0
PEN_DOWN
3016        1429        1        3
2990        1429        1        3
2990        1402        1        3
3016        1402        1        3
3016        1429        1        3
3043        1429        1        3
3069        1429        1        3
3096        1455        1        3
3122        1455        1        3
3149        1482        1        3
3175        1482        1        3
3201        1482        1        3
3228        1508        1        3
3254        1508        1        3
3254        1535        1        3
3281        1535        1        3
3307        1561        1        3
3334        1588        1        3
3334        1614        1        3
3360        1614        1        3
3360        1640        1        3
3387        1667        1        3
3387        1693        1        3
3413        1693        1        3
3413        1720        1        3
3440        1720        1        3
3440        1746        1        3
3440        1773        1        3
3466        1746        1        3
3466        1720        1        3
3466        1693        1        3
3466        1667        1        3
3466        1614        1        3
3466        1588        1        3
3466        1561        1        3
3466        1508        1        3
3466        1482        1        3
3466        1455        1        3
3466        1429        1        3
3466        1402        1        3
3466        1376        1        3
3466        1349        1        3
3466        1323        1        3
3466        1296        1        3
3466        1270        1        3
3466        1244        1        3
3466        1217        1        3
3466        1191        1        3
3466        1164        1        3
3466        1138        1        3
3466        1111        1        3
3466        1085        1        3
3466        1058        1        3
3466        1032        1        3
3440        1005        1        3
3466        1005        1        3
3466         979        1        3
3440         953        1        3
3440         926        1        3
3440         900        1        3
3440         873        1        3
3466         847        1        3
3440         820        1        3
3440         794        1        3
3440         767        1        3
3466         767        1        3
3466         741        1        3
3466         714        1        3
3466         688        1        3
3440         688        1        3
3440         661        1        3
3466         661        1        3
3466         635        1        3
3466         609        1        3
3466         582        1        3
3466         556        1        3
3466         582        1        3
PEN_UP                  0
END_CHARACTER: A
