CHARACTER_NAME: LP
STROKE_COUNT: 5
  X           Y   STYLUS_STATE STROKE
PEN_DOWN
1217        1005        1        1
1244        1005        1        1
1296        1005        1        1
1376        1005        1        1
1455         979        1        1
1561         979        1        1
1667         979        1        1
1799         979        1        1
1905         979        1        1
2037         953        1        1
2143         953        1        1
2223         953        1        1
2302         953        1        1
2381         953        1        1
2434         953        1        1
2461         953        1        1
2487         953        1        1
2514         953        1        1
2540         953        1        1
2540         926        1        1
2540         953        1        1
PEN_UP                  0
PEN_DOWN
2196        1111        1        2
2196        1164        1        2
2196        1191        1        2
2196        1244        1        2
2196        1323        1        2
2170        1376        1        2
2170        1455        1        2
2170        1535        1        2
2170        1588        1        2
2170        1667        1        2
2170        1746        1        2
2170        1826        1        2
2143        1879        1        2
2143        1931        1        2
2143        1984        1        2
2143        2011        1        2
2143        2037        1        2
2143        2064        1        2
2143        2090        1        2
2143        2064        1        2
2143        2037        1        2
PEN_UP                  0
PEN_DOWN
1058        1905        1        3
1058        1879        1        3
1032        1879        1        3
1032        1852        1        3
1058        1852        1        3
1058        1826        1        3
1058        1799        1        3
1085        1773        1        3
1111        1746        1        3
1138        1720        1        3
1164        1693        1        3
1217        1667        1        3
1270        1640        1        3
1296        1640        1        3
1349        1614        1        3
1402        1614        1        3
1455        1614        1        3
1508        1614        1        3
1561        1614        1        3
1588        1640        1        3
1640        1667        1        3
1667        1693        1        3
1693        1746        1        3
1720        1773        1        3
1746        1773        1        3
1746        1799        1        3
1773        1826        1        3
1799        1852        1        3
1799        1826        1        3
1773        1826        1        3
PEN_UP                  0
PEN_DOWN
1376        1693        1        4
1376        1667        1        4
1376        1693        1        4
1376        1720        1        4
1376        1746        1        4
1376        1773        1        4
1376        1826        1        4
1376        1852        1        4
1349        1905        1        4
1349        1931        1        4
1349        1984        1        4
1349        2011        1        4
1349        2037        1        4
1349        2064        1        4
1349        2090        1        4
1349        2117        1        4
1349        2143        1        4
1349        2117        1        4
1376        2117        1        4
1376        2090        1        4
1402        2064        1        4
1429        2037        1        4
1455        2011        1        4
1508        1984        1        4
1535        1958        1        4
1588        1931        1        4
1640        1905        1        4
1693        1879        1        4
1720        1879        1        4
1773        1852        1        4
1799        1852        1        4
1826        1826        1        4
1879        1826        1        4
1905        1826        1        4
1958        1799        1        4
1984        1799        1        4
2011        1799        1        4
2037        1799        1        4
2064        1799        1        4
2090        1826        1        4
2117        1826        1        4
2117        1852        1        4
2143        1852        1        4
2170        1879        1        4
2170        1905        1        4
2196        1905        1        4
2196        1931        1        4
2196        1958        1        4
2223        1958        1        4
2223        1984        1        4
2223        1958        1        4
PEN_UP                  0
PEN_DOWN
1455        1455        1        5
1429        1482        1        5
1429        1455        1        5
1402        1455        1        5
1402        1429        1        5
1376        1429        1        5
1376        1402        1        5
1349        1402        1        5
1349        1376        1        5
1349        1349        1        5
1376        1323        1        5
1376        1296        1        5
1402        1270        1        5
1429        1244        1        5
1455        1244        1        5
1508        1217        1        5
1535        1217        1        5
1588        1217        1        5
1614        1217        1        5
1667        1217        1        5
1693        1217        1        5
1720        1244        1        5
1746        1244        1        5
1773        1270        1        5
1799        1296        1        5
1799        1323        1        5
1826        1376        1        5
1826        1402        1        5
1852        1429        1        5
1852        1455        1        5
1826        1455        1        5
1826        1429        1        5
1826        1402        1        5
1799        1402        1        5
1799        1376        1        5
1799        1349        1        5
1826        1323        1        5
1826        1296        1        5
1852        1270        1        5
1879        1244        1        5
1931        1217        1        5
1958        1217        1        5
1984        1191        1        5
2011        1191        1        5
2037        1191        1        5
2090        1191        1        5
2117        1191        1        5
2143        1217        1        5
2170        1217        1        5
2196        1244        1        5
2196        1270        1        5
2223        1296        1        5
2223        1323        1        5
2223        1349        1        5
2249        1349        1        5
PEN_UP                  0
END_CHARACTER: LP
