CHARACTER_NAME: SC
STROKE_COUNT: 2
  X           Y   STYLUS_STATE STROKE
PEN_DOWN
1032        1323        1        1
1032        1296        1        1
1058        1270        1        1
1085        1270        1        1
1085        1244        1        1
1111        1217        1        1
1138        1191        1        1
1164        1191        1        1
1191        1191        1        1
1191        1164        1        1
1217        1164        1        1
1244        1164        1        1
1270        1164        1        1
1296        1164        1        1
1323        1191        1        1
1349        1191        1        1
1376        1191        1        1
1376        1217        1        1
1402        1217        1        1
1402        1244        1        1
1402        1270        1        1
1402        1296        1        1
1402        1323        1        1
1376        1323        1        1
1376        1349        1        1
1376        1376        1        1
1349        1376        1        1
1323        1402        1        1
1296        1429        1        1
1270        1429        1        1
1244        1429        1        1
1244        1402        1        1
1217        1376        1        1
1217        1349        1        1
1217        1323        1        1
1244        1323        1        1
1244        1296        1        1
1270        1296        1        1
1270        1270        1        1
1296        1244        1        1
1323        1244        1        1
1323        1217        1        1
1349        1217        1        1
1376        1191        1        1
1402        1191        1        1
1429        1191        1        1
1455        1191        1        1
1482        1191        1        1
1508        1191        1        1
1535        1191        1        1
1561        1217        1        1
1588        1217        1        1
1614        1244        1        1
1614        1270        1        1
1640        1296        1        1
1614        1323        1        1
1614        1349        1        1
1588        1349        1        1
1588        1376        1        1
1561        1376        1        1
1535        1402        1        1
1508        1402        1        1
1482        1402        1        1
1455        1402        1        1
1429        1376        1        1
1402        1376        1        1
1402        1349        1        1
1402        1323        1        1
1429        1296        1        1
1455        1270        1        1
1482        1244        1        1
1508        1244        1        1
1508        1217        1        1
1535        1217        1        1
1561        1191        1        1
1588        1191        1        1
1614        1164        1        1
1640        1164        1        1
1667        1164        1        1
1693        1164        1        1
1720        1164        1        1
1746        1164        1        1
1773        1164        1        1
1799        1164        1        1
1826        1191        1        1
1852        1191        1        1
1879        1217        1        1
1905        1217        1        1
1931        1244        1        1
1931        1270        1        1
1958        1270        1        1
1958        1296        1        1
1984        1296        1        1
1984        1323        1        1
2011        1323        1        1
2011        1349        1        1
2011        1376        1        1
2011        1349        1        1
2011        1323        1        1
2011        1296        1        1
2011        1270        1        1
2011        1244        1        1
1984        1217        1        1
1984        1191        1        1
1984        1164        1        1
1984        1138        1        1
1984        1111        1        1
1984        1138        1        1
1984        1164        1        1
1984        1191        1        1
1984        1217        1        1
1984        1244        1        1
1984        1270        1        1
1984        1296        1        1
1984        1349        1        1
1984        1402        1        1
1984        1429        1        1
1958        1482        1        1
1958        1561        1        1
1958        1614        1        1
1931        1667        1        1
1931        1720        1        1
1905        1773        1        1
1905        1799        1        1
1879        1852        1        1
1879        1905        1        1
1879        1931        1        1
1852        1958        1        1
1852        1984        1        1
1852        2011        1        1
1852        2037        1        1
1852        2064        1        1
1852        2090        1        1
1852        2064        1        1
1879        2064        1        1
1905        2064        1        1
1931        2064        1        1
1984        2064        1        1
2011        2037        1        1
2064        2037        1        1
2090        2037        1        1
2143        2037        1        1
2196        2011        1        1
2223        1984        1        1
2249        1984        1        1
2302        1958        1        1
2302        1931        1        1
2328        1931        1        1
2355        1905        1        1
2355        1879        1        1
2355        1852        1        1
2355        1826        1        1
2355        1799        1        1
2328        1773        1        1
2328        1746        1        1
2302        1720        1        1
2275        1720        1        1
2249        1693        1        1
2223        1693        1        1
2170        1667        1        1
2143        1667        1        1
2117        1667        1        1
2090        1667        1        1
2064        1667        1        1
2037        1667        1        1
2064        1667        1        1
2090        1640        1        1
PEN_UP                  0
PEN_DOWN
1799        1058        1        2
1826        1058        1        2
1852        1058        1        2
1905        1058        1        2
1984        1058        1        2
2064        1058        1        2
2143        1032        1        2
2249        1032        1        2
2355        1032        1        2
2461        1032        1        2
2540        1032        1        2
2593        1032        1        2
2619        1032        1        2
2672        1032        1        2
2699        1032        1        2
2725        1032        1        2
2752        1032        1        2
2752        1005        1        2
PEN_UP                  0
END_CHARACTER: SC
