CHARACTER_NAME: SSN
STROKE_COUNT: 3
  X           Y   STYLUS_STATE STROKE
PEN_DOWN
1058         847        1        1
1111         847        1        1
1191         847        1        1
1270         847        1        1
1349         847        1        1
1455         847        1        1
1588         820        1        1
1693         820        1        1
1799         820        1        1
1905         820        1        1
2011         820        1        1
2090         820        1        1
2170         820        1        1
2223         820        1        1
2302         820        1        1
2355         794        1        1
2408         794        1        1
2461         794        1        1
2514         820        1        1
2540         794        1        1
2566         820        1        1
2593         794        1        1
2619         794        1        1
2646         820        1        1
2646         794        1        1
2646         820        1        1
PEN_UP                  0
PEN_DOWN
1244         979        1        2
1270         953        1        2
1296         926        1        2
1323         926        1        2
1349         926        1        2
1376         900        1        2
1402         900        1        2
1429         900        1        2
1455         900        1        2
1482         873        1        2
1508         873        1        2
1535         873        1        2
1535         900        1        2
1535         926        1        2
1561         953        1        2
1561         979        1        2
1561        1005        1        2
1561        1032        1        2
1535        1058        1        2
1535        1085        1        2
1508        1111        1        2
1482        1138        1        2
1455        1138        1        2
1429        1164        1        2
1402        1191        1        2
1376        1191        1        2
1349        1217        1        2
1323        1217        1        2
1296        1244        1        2
1270        1244        1        2
1244        1244        1        2
1270        1244        1        2
1323        1244        1        2
1349        1244        1        2
1402        1244        1        2
1455        1244        1        2
1482        1244        1        2
1535        1217        1        2
1588        1217        1        2
1614        1217        1        2
1640        1191        1        2
1667        1164        1        2
1667        1138        1        2
1667        1111        1        2
1667        1138        1        2
1667        1164        1        2
1693        1191        1        2
1720        1191        1        2
1746        1217        1        2
1773        1217        1        2
1826        1244        1        2
1852        1244        1        2
1905        1217        1        2
1931        1217        1        2
1958        1191        1        2
1984        1191        1        2
2011        1164        1        2
2037        1138        1        2
2037        1111        1        2
2037        1085        1        2
2064        1058        1        2
2064        1032        1        2
2064        1005        1        2
2037         979        1        2
2037         953        1        2
2011         953        1        2
1984         953        1        2
1984         979        1        2
1958         979        1        2
1958        1005        1        2
PEN_UP                  0
PEN_DOWN
1720        1773        1        3
1746        1746        1        3
1773        1746        1        3
1799        1773        1        3
1799        1799        1        3
1773        1826        1        3
1746        1852        1        3
1720        1879        1        3
1693        1879        1        3
1667        1905        1        3
1614        1931        1        3
1588        1931        1        3
1561        1958        1        3
1535        1958        1        3
1482        1958        1        3
1455        1931        1        3
1429        1931        1        3
1429        1905        1        3
1402        1879        1        3
1402        1852        1        3
1402        1826        1        3
1429        1799        1        3
1455        1773        1        3
1482        1746        1        3
1535        1720        1        3
1588        1693        1        3
1667        1667        1        3
1720        1667        1        3
1773        1667        1        3
1826        1667        1        3
1879        1693        1        3
1931        1693        1        3
1958        1720        1        3
1984        1746        1        3
2011        1773        1        3
2037        1826        1        3
2064        1826        1        3
2064        1852        1        3
2090        1879        1        3
2090        1905        1        3
2117        1905        1        3
2117        1879        1        3
2143        1879        1        3
2143        1852        1        3
2143        1826        1        3
2143        1799        1        3
2143        1773        1        3
2143        1746        1        3
2143        1720        1        3
2143        1667        1        3
2117        1614        1        3
2117        1561        1        3
2117        1508        1        3
2117        1482        1        3
2090        1429        1        3
2090        1376        1        3
2090        1349        1        3
2090        1296        1        3
2064        1270        1        3
2064        1244        1        3
2064        1217        1        3
2064        1191        1        3
2064        1164        1        3
2064        1138        1        3
2064        1111        1        3
2064        1085        1        3
2064        1058        1        3
2064        1032        1        3
PEN_UP                  0
END_CHARACTER: SSN
