CHARACTER_NAME: GGU
STROKE_COUNT: 1
  X           Y   STYLUS_STATE STROKE
PEN_DOWN
1164        1640        1        1
1138        1640        1        1
1138        1667        1        1
1164        1667        1        1
1191        1667        1        1
1217        1693        1        1
1270        1667        1        1
1323        1667        1        1
1349        1667        1        1
1429        1640        1        1
1482        1640        1        1
1535        1614        1        1
1561        1614        1        1
1614        1588        1        1
1640        1561        1        1
1640        1535        1        1
1667        1508        1        1
1667        1482        1        1
1667        1455        1        1
1667        1429        1        1
1640        1429        1        1
1640        1402        1        1
1640        1376        1        1
1614        1376        1        1
1588        1349        1        1
1561        1349        1        1
1535        1349        1        1
1508        1349        1        1
1455        1349        1        1
1429        1349        1        1
1402        1349        1        1
1376        1323        1        1
1349        1323        1        1
1323        1323        1        1
1323        1296        1        1
1323        1270        1        1
1349        1244        1        1
1376        1217        1        1
1402        1191        1        1
1455        1164        1        1
1508        1138        1        1
1535        1138        1        1
1588        1111        1        1
1640        1111        1        1
1693        1111        1        1
1746        1111        1        1
1799        1138        1        1
1826        1164        1        1
1879        1191        1        1
1905        1217        1        1
1931        1270        1        1
1958        1323        1        1
1984        1376        1        1
2011        1402        1        1
2011        1455        1        1
2011        1482        1        1
2011        1508        1        1
2011        1535        1        1
2011        1561        1        1
1984        1535        1        1
1958        1508        1        1
1958        1482        1        1
1958        1455        1        1
1958        1429        1        1
1984        1402        1        1
1984        1349        1        1
1984        1323        1        1
2011        1296        1        1
2037        1270        1        1
2064        1244        1        1
2090        1217        1        1
2117        1191        1        1
2143        1164        1        1
2170        1138        1        1
2196        1138        1        1
2196        1111        1        1
2223        1111        1        1
2249        1111        1        1
2275        1111        1        1
2302        1111        1        1
2328        1138        1        1
2355        1138        1        1
2381        1164        1        1
2408        1191        1        1
2408        1217        1        1
2408        1270        1        1
2408        1296        1        1
2408        1349        1        1
2381        1429        1        1
2328        1482        1        1
2275        1561        1        1
2223        1614        1        1
2170        1693        1        1
2090        1746        1        1
2037        1799        1        1
1984        1852        1        1
1931        1879        1        1
1905        1905        1        1
1879        1931        1        1
1852        1931        1        1
1826        1905        1        1
1826        1879        1        1
1852        1852        1        1
1879        1852        1        1
1931        1826        1        1
1984        1799        1        1
2037        1799        1        1
2090        1799        1        1
2143        1799        1        1
2196        1826        1        1
2223        1826        1        1
2249        1879        1        1
2249        1905        1        1
2249        1958        1        1
2223        2011        1        1
2196        2064        1        1
2170        2117        1        1
2117        2143        1        1
2090        2196        1        1
2037        2223        1        1
1984        2275        1        1
1958        2275        1        1
1905        2302        1        1
1852        2328        1        1
1799        2328        1        1
1746        2328        1        1
1693        2302        1        1
1640        2302        1        1
1561        2275        1        1
1508        2223        1        1
1482        2196        1        1
1429        2170        1        1
1402        2143        1        1
1376        2117        1        1
1376        2090        1        1
1376        2064        1        1
1376        2037        1        1
1429        2037        1        1
1455        2037        1        1
PEN_UP                  0
END_CHARACTER: GGU
