CHARACTER_NAME: SL
STROKE_COUNT: 3
  X           Y   STYLUS_STATE STROKE
PEN_DOWN
 476         820        1        1
 503         820        1        1
 503         794        1        1
 529         794        1        1
 556         767        1        1
 582         767        1        1
 609         741        1        1
 635         741        1        1
 661         741        1        1
 688         741        1        1
 714         741        1        1
 741         741        1        1
 767         767        1        1
 794         767        1        1
 794         794        1        1
 820         794        1        1
 820         820        1        1
 847         820        1        1
 847         847        1        1
 847         873        1        1
 847         900        1        1
 820         926        1        1
 820         953        1        1
 794         953        1        1
 794         979        1        1
 767         979        1        1
 741         979        1        1
 741         953        1        1
 714         953        1        1
 714         926        1        1
 741         900        1        1
 767         873        1        1
 794         873        1        1
 820         847        1        1
 847         847        1        1
 873         820        1        1
 900         820        1        1
 926         820        1        1
 953         794        1        1
 979         794        1        1
1005         794        1        1
1032         820        1        1
1058         820        1        1
1085         820        1        1
1111         847        1        1
1138         847        1        1
1164         873        1        1
1191         900        1        1
1164         926        1        1
1164         953        1        1
1138         953        1        1
1111         979        1        1
1085         979        1        1
1058         979        1        1
1058         953        1        1
1032         953        1        1
1005         953        1        1
1005         926        1        1
 979         926        1        1
1005         900        1        1
1005         873        1        1
1032         873        1        1
1032         847        1        1
1058         847        1        1
1085         847        1        1
1111         820        1        1
1138         820        1        1
1164         820        1        1
1191         794        1        1
1217         794        1        1
1244         794        1        1
1270         767        1        1
1296         767        1        1
1323         767        1        1
1349         767        1        1
1349         794        1        1
1376         794        1        1
1402         794        1        1
1402         820        1        1
1429         820        1        1
1429         847        1        1
1455         847        1        1
1455         873        1        1
1482         900        1        1
1482         926        1        1
1508         953        1        1
1508         979        1        1
1508        1005        1        1
1508        1032        1        1
1508        1058        1        1
1535        1058        1        1
1535        1032        1        1
1508        1058        1        1
1508        1085        1        1
1508        1111        1        1
1482        1138        1        1
1482        1164        1        1
1482        1191        1        1
1482        1217        1        1
1482        1244        1        1
1455        1270        1        1
1455        1296        1        1
1455        1323        1        1
1455        1376        1        1
1429        1402        1        1
1429        1429        1        1
1429        1455        1        1
1429        1482        1        1
1429        1508        1        1
1402        1508        1        1
1402        1535        1        1
1402        1508        1        1
PEN_UP                  0
PEN_DOWN
 767        1535        1        2
 741        1535        1        2
 714        1535        1        2
 714        1508        1        2
 688        1508        1        2
 688        1482        1        2
 661        1455        1        2
 688        1429        1        2
 688        1402        1        2
 714        1402        1        2
 714        1376        1        2
 741        1376        1        2
 741        1349        1        2
 767        1349        1        2
 794        1323        1        2
 847        1323        1        2
 873        1323        1        2
 900        1323        1        2
 926        1323        1        2
 953        1349        1        2
 953        1376        1        2
 953        1402        1        2
 953        1429        1        2
 953        1455        1        2
 953        1429        1        2
 953        1402        1        2
 953        1376        1        2
 953        1349        1        2
 979        1323        1        2
1005        1323        1        2
1032        1296        1        2
1058        1270        1        2
1111        1270        1        2
1138        1270        1        2
1164        1270        1        2
1217        1270        1        2
1244        1296        1        2
1270        1296        1        2
1296        1323        1        2
1296        1349        1        2
1323        1349        1        2
1349        1376        1        2
1349        1402        1        2
1376        1402        1        2
1376        1376        1        2
1402        1376        1        2
PEN_UP                  0
PEN_DOWN
1561        1058        1        3
1588        1058        1        3
1588        1032        1        3
1588        1005        1        3
1588         979        1        3
1614         953        1        3
1614         926        1        3
1614         900        1        3
1614         873        1        3
1614         847        1        3
1640         820        1        3
1667         820        1        3
1693         794        1        3
1720         794        1        3
1773         794        1        3
1826         794        1        3
1905         794        1        3
1958         794        1        3
2037         767        1        3
2090         767        1        3
2117         767        1        3
2170         767        1        3
2196         767        1        3
PEN_UP                  0
END_CHARACTER: SL
