CHARACTER_NAME: MNA
STROKE_COUNT: 1
  X           Y   STYLUS_STATE STROKE
PEN_DOWN
1667        1958        1        1
1667        1984        1        1
1640        1984        1        1
1614        2011        1        1
1588        2037        1        1
1561        2037        1        1
1535        2037        1        1
1535        2064        1        1
1508        2064        1        1
1508        2037        1        1
1482        2037        1        1
1482        2011        1        1
1455        2011        1        1
1455        1984        1        1
1455        1958        1        1
1455        1931        1        1
1455        1905        1        1
1455        1879        1        1
1455        1852        1        1
1455        1826        1        1
1482        1826        1        1
1482        1799        1        1
1508        1799        1        1
1508        1773        1        1
1535        1773        1        1
1535        1746        1        1
1561        1720        1        1
1561        1693        1        1
1588        1693        1        1
1614        1667        1        1
1640        1667        1        1
1640        1640        1        1
1667        1640        1        1
1693        1640        1        1
1693        1614        1        1
1720        1614        1        1
1746        1614        1        1
1773        1614        1        1
1799        1614        1        1
1826        1614        1        1
1852        1614        1        1
1879        1614        1        1
1905        1614        1        1
1931        1614        1        1
1958        1614        1        1
1984        1614        1        1
2011        1614        1        1
2011        1640        1        1
2037        1640        1        1
2064        1640        1        1
2064        1667        1        1
2090        1667        1        1
2117        1667        1        1
2143        1693        1        1
2170        1693        1        1
2196        1693        1        1
2196        1720        1        1
2223        1720        1        1
2223        1746        1        1
2249        1746        1        1
2249        1773        1        1
2275        1773        1        1
2275        1799        1        1
2275        1826        1        1
2302        1852        1        1
2302        1879        1        1
2328        1905        1        1
2328        1931        1        1
2355        1931        1        1
2355        1958        1        1
2355        1984        1        1
2381        1984        1        1
2381        2011        1        1
2381        2037        1        1
2381        2064        1        1
2408        2064        1        1
2408        2090        1        1
2408        2117        1        1
2408        2143        1        1
2408        2170        1        1
2408        2196        1        1
2408        2223        1        1
2408        2249        1        1
2408        2275        1        1
2408        2302        1        1
2408        2328        1        1
2408        2355        1        1
2408        2381        1        1
2408        2408        1        1
2408        2434        1        1
2408        2461        1        1
2408        2487        1        1
2408        2514        1        1
2408        2540        1        1
2408        2566        1        1
2408        2593        1        1
2408        2619        1        1
2408        2646        1        1
2408        2672        1        1
2381        2699        1        1
2381        2725        1        1
2381        2752        1        1
2381        2778        1        1
2381        2805        1        1
2381        2831        1        1
2381        2858        1        1
2381        2884        1        1
2381        2910        1        1
2381        2937        1        1
2381        2963        1        1
2381        2937        1        1
2408        2937        1        1
2408        2910        1        1
2408        2884        1        1
2408        2858        1        1
2408        2831        1        1
2434        2805        1        1
2434        2778        1        1
2434        2752        1        1
2461        2725        1        1
2461        2699        1        1
2461        2672        1        1
2461        2646        1        1
2461        2619        1        1
2461        2593        1        1
2487        2566        1        1
2487        2514        1        1
2487        2487        1        1
2487        2461        1        1
2487        2434        1        1
2487        2408        1        1
2487        2381        1        1
2487        2355        1        1
2514        2328        1        1
2514        2302        1        1
2514        2275        1        1
2514        2249        1        1
2514        2223        1        1
2514        2196        1        1
2514        2170        1        1
2514        2143        1        1
2540        2143        1        1
2540        2117        1        1
2514        2090        1        1
2540        2090        1        1
2540        2064        1        1
2540        2037        1        1
2540        2011        1        1
2540        1984        1        1
2540        1958        1        1
2540        1931        1        1
2540        1905        1        1
2540        1879        1        1
2540        1852        1        1
2540        1826        1        1
2540        1799        1        1
2540        1773        1        1
2566        1773        1        1
2540        1773        1        1
2540        1746        1        1
2540        1720        1        1
2540        1693        1        1
2566        1693        1        1
2540        1693        1        1
2540        1667        1        1
2540        1640        1        1
2540        1614        1        1
2566        1614        1        1
2593        1614        1        1
2619        1614        1        1
2646        1588        1        1
2672        1588        1        1
2699        1588        1        1
2725        1588        1        1
2752        1588        1        1
2778        1588        1        1
2805        1588        1        1
2805        1614        1        1
PEN_UP                  0
END_CHARACTER: MNA
