CHARACTER_NAME: TT
STROKE_COUNT: 4
  X           Y   STYLUS_STATE STROKE
PEN_DOWN
 979        1005        1        1
1005        1005        1        1
1058        1005        1        1
1085        1005        1        1
1111        1005        1        1
1138        1005        1        1
1164        1005        1        1
1191        1005        1        1
1217        1005        1        1
1244        1005        1        1
1270        1005        1        1
1296        1005        1        1
1323        1005        1        1
1376        1005        1        1
1402        1005        1        1
1455        1005        1        1
1508        1005        1        1
1535        1005        1        1
1588        1005        1        1
1614        1005        1        1
1640        1005        1        1
1667        1005        1        1
1720        1005        1        1
1746        1005        1        1
1799         979        1        1
1826         979        1        1
1879         979        1        1
1931         979        1        1
1984         979        1        1
2011         979        1        1
2064         979        1        1
2117         979        1        1
2170         979        1        1
2196         979        1        1
2249         979        1        1
2275         953        1        1
2328         953        1        1
2355         953        1        1
2408         953        1        1
2461         953        1        1
2514         953        1        1
2566         953        1        1
2593         953        1        1
2646         953        1        1
2699         926        1        1
2725         926        1        1
2778         926        1        1
2805         926        1        1
2858         926        1        1
2884         926        1        1
2910         926        1        1
2963         926        1        1
2990         926        1        1
3016         926        1        1
3043         926        1        1
3069         926        1        1
PEN_UP                  0
PEN_DOWN
1773        1032        1        2
1773        1058        1        2
1773        1085        1        2
1773        1111        1        2
1799        1138        1        2
1799        1164        1        2
1799        1191        1        2
1773        1191        1        2
1773        1217        1        2
1773        1244        1        2
1773        1270        1        2
1773        1296        1        2
1773        1323        1        2
1746        1323        1        2
1746        1349        1        2
1746        1376        1        2
1746        1402        1        2
1746        1429        1        2
1746        1455        1        2
1746        1482        1        2
1746        1508        1        2
1746        1535        1        2
1746        1561        1        2
1746        1588        1        2
1746        1614        1        2
1746        1640        1        2
1746        1667        1        2
1773        1693        1        2
1773        1720        1        2
1773        1746        1        2
1773        1773        1        2
1773        1799        1        2
1773        1826        1        2
1799        1826        1        2
1799        1852        1        2
1826        1852        1        2
1826        1879        1        2
1852        1879        1        2
1879        1905        1        2
1905        1905        1        2
1931        1905        1        2
1958        1905        1        2
1984        1905        1        2
2011        1905        1        2
2037        1905        1        2
2064        1905        1        2
2117        1879        1        2
2143        1879        1        2
2170        1879        1        2
2196        1852        1        2
2223        1852        1        2
2249        1852        1        2
2275        1826        1        2
2302        1826        1        2
2328        1826        1        2
2328        1799        1        2
2355        1799        1        2
2381        1773        1        2
2408        1746        1        2
2434        1720        1        2
2434        1693        1        2
2461        1667        1        2
2461        1640        1        2
2461        1614        1        2
2461        1588        1        2
2461        1561        1        2
2461        1535        1        2
2434        1508        1        2
2434        1482        1        2
2408        1455        1        2
2381        1455        1        2
2381        1429        1        2
2355        1429        1        2
2328        1402        1        2
2302        1402        1        2
2275        1429        1        2
2249        1429        1        2
2223        1455        1        2
PEN_UP                  0
PEN_DOWN
1323         370        1        3
1323         344        1        3
1296         370        1        3
1270         370        1        3
1244         397        1        3
1217         397        1        3
1191         423        1        3
1164         450        1        3
1164         476        1        3
1164         503        1        3
1164         529        1        3
1191         529        1        3
1191         556        1        3
1217         582        1        3
1244         582        1        3
1244         609        1        3
1270         609        1        3
1296         635        1        3
1349         635        1        3
1376         635        1        3
1402         635        1        3
1429         661        1        3
1455         661        1        3
1508         661        1        3
1535         688        1        3
1561         688        1        3
1588         688        1        3
1614         688        1        3
1667         714        1        3
1693         714        1        3
1746         714        1        3
1773         714        1        3
1799         741        1        3
1852         741        1        3
1879         741        1        3
1905         741        1        3
1931         767        1        3
1958         767        1        3
1984         794        1        3
2011         794        1        3
2037         820        1        3
2037         847        1        3
2064         847        1        3
2064         873        1        3
2090         873        1        3
2090         900        1        3
2117         900        1        3
2117         926        1        3
2117         953        1        3
2117         979        1        3
2117        1005        1        3
2117        1032        1        3
2117        1058        1        3
2090        1058        1        3
2090        1085        1        3
PEN_UP                  0
PEN_DOWN
2275        1905        1        4
2302        1905        1        4
2328        1905        1        4
2355        1931        1        4
2381        1931        1        4
2408        1958        1        4
2434        1984        1        4
2434        2011        1        4
2434        2037        1        4
2408        2037        1        4
2408        2064        1        4
2381        2090        1        4
2381        2117        1        4
2355        2143        1        4
2328        2170        1        4
2302        2196        1        4
2275        2196        1        4
2249        2223        1        4
2223        2223        1        4
2196        2223        1        4
2170        2223        1        4
2143        2249        1        4
2117        2249        1        4
2090        2249        1        4
2064        2249        1        4
2037        2249        1        4
2011        2249        1        4
1984        2249        1        4
1958        2249        1        4
1931        2223        1        4
1905        2223        1        4
1879        2223        1        4
1852        2223        1        4
1826        2196        1        4
1799        2196        1        4
1773        2196        1        4
1746        2170        1        4
1720        2170        1        4
1693        2143        1        4
1667        2143        1        4
1667        2117        1        4
1640        2090        1        4
1614        2090        1        4
1614        2064        1        4
1588        2064        1        4
1561        2037        1        4
1535        2037        1        4
1535        2011        1        4
1508        2011        1        4
1535        2011        1        4
PEN_UP                  0
END_CHARACTER: TT
