CHARACTER_NAME: TM
STROKE_COUNT: 3
  X           Y   STYLUS_STATE STROKE
PEN_DOWN
1005        1085        1        1
1032        1085        1        1
1058        1085        1        1
1111        1085        1        1
1164        1058        1        1
1217        1058        1        1
1296        1058        1        1
1376        1058        1        1
1455        1058        1        1
1561        1058        1        1
1640        1058        1        1
1720        1058        1        1
1826        1058        1        1
1905        1058        1        1
1984        1058        1        1
2037        1058        1        1
2117        1058        1        1
2170        1058        1        1
2249        1058        1        1
2328        1058        1        1
2381        1058        1        1
2461        1058        1        1
2540        1058        1        1
2619        1058        1        1
2725        1058        1        1
2805        1058        1        1
2884        1058        1        1
2990        1032        1        1
3069        1032        1        1
3122        1032        1        1
3201        1032        1        1
3254        1032        1        1
3307        1032        1        1
3360        1032        1        1
3387        1005        1        1
3413        1005        1        1
3440        1005        1        1
3466        1005        1        1
3493        1005        1        1
3519        1005        1        1
3545        1005        1        1
3545        1032        1        1
3519        1032        1        1
PEN_UP                  0
PEN_DOWN
1879        1323        1        2
1852        1323        1        2
1852        1349        1        2
1826        1349        1        2
1799        1349        1        2
1773        1349        1        2
1746        1349        1        2
1720        1349        1        2
1693        1349        1        2
1693        1323        1        2
1720        1296        1        2
1720        1270        1        2
1746        1270        1        2
1746        1244        1        2
1773        1244        1        2
1773        1217        1        2
1799        1217        1        2
1826        1217        1        2
1852        1191        1        2
1879        1191        1        2
1905        1191        1        2
1931        1191        1        2
1931        1164        1        2
1958        1191        1        2
1984        1191        1        2
2011        1191        1        2
2037        1191        1        2
2037        1217        1        2
2064        1217        1        2
2090        1217        1        2
2090        1244        1        2
2117        1244        1        2
2117        1270        1        2
2117        1296        1        2
2143        1296        1        2
2143        1323        1        2
2143        1349        1        2
2143        1376        1        2
2143        1402        1        2
2143        1429        1        2
2143        1455        1        2
2117        1482        1        2
2117        1508        1        2
2090        1535        1        2
2090        1561        1        2
2064        1588        1        2
2037        1588        1        2
2011        1614        1        2
2011        1640        1        2
1984        1640        1        2
1958        1640        1        2
1931        1667        1        2
1931        1640        1        2
1905        1640        1        2
1879        1640        1        2
1852        1640        1        2
1826        1640        1        2
1799        1614        1        2
1746        1614        1        2
1720        1588        1        2
1693        1588        1        2
1640        1561        1        2
1614        1561        1        2
1588        1535        1        2
1561        1535        1        2
1535        1508        1        2
1508        1482        1        2
1482        1455        1        2
1455        1455        1        2
1455        1429        1        2
1429        1402        1        2
1402        1402        1        2
1402        1376        1        2
1376        1349        1        2
1349        1323        1        2
1349        1296        1        2
1323        1296        1        2
1323        1270        1        2
1296        1270        1        2
1296        1244        1        2
1296        1217        1        2
1296        1244        1        2
PEN_UP                  0
PEN_DOWN
2117        1640        1        3
2090        1640        1        3
2064        1640        1        3
2037        1640        1        3
2011        1667        1        3
1984        1667        1        3
1958        1667        1        3
1931        1667        1        3
1931        1693        1        3
1905        1693        1        3
1905        1720        1        3
1905        1746        1        3
1931        1773        1        3
1958        1773        1        3
1984        1799        1        3
2011        1799        1        3
2037        1826        1        3
2090        1826        1        3
2117        1852        1        3
2143        1879        1        3
2117        1905        1        3
2117        1931        1        3
2090        1958        1        3
2064        1984        1        3
2037        2011        1        3
2011        2037        1        3
1984        2037        1        3
1958        2037        1        3
1931        2064        1        3
1905        2064        1        3
1879        2037        1        3
1852        2011        1        3
1879        2011        1        3
1879        1984        1        3
1905        1958        1        3
1931        1931        1        3
1958        1905        1        3
2011        1905        1        3
2064        1879        1        3
2117        1852        1        3
2170        1852        1        3
2223        1852        1        3
2275        1852        1        3
2328        1852        1        3
2381        1852        1        3
2408        1852        1        3
2461        1879        1        3
2487        1879        1        3
2540        1905        1        3
2566        1931        1        3
2593        1931        1        3
2593        1958        1        3
2619        1984        1        3
2646        1984        1        3
2646        2011        1        3
2672        2011        1        3
2699        2011        1        3
2699        2037        1        3
2725        2037        1        3
2752        2037        1        3
2752        2011        1        3
2752        1984        1        3
2752        1958        1        3
2778        1931        1        3
2778        1905        1        3
2778        1852        1        3
2778        1826        1        3
2778        1773        1        3
2805        1720        1        3
2805        1667        1        3
2805        1614        1        3
2805        1561        1        3
2805        1508        1        3
2805        1482        1        3
2805        1429        1        3
2778        1402        1        3
2778        1376        1        3
2805        1349        1        3
2778        1323        1        3
2778        1296        1        3
2778        1270        1        3
2778        1244        1        3
2778        1217        1        3
2778        1191        1        3
2778        1164        1        3
2778        1138        1        3
2752        1138        1        3
PEN_UP                  0
END_CHARACTER: TM
