CHARACTER_NAME: NTT
STROKE_COUNT: 3
  X           Y   STYLUS_STATE STROKE
PEN_DOWN
1058         582        1        1
1085         582        1        1
1111         582        1        1
1164         582        1        1
1217         582        1        1
1296         582        1        1
1402         582        1        1
1508         582        1        1
1614         556        1        1
1720         556        1        1
1826         556        1        1
1931         556        1        1
2011         529        1        1
2117         529        1        1
2196         529        1        1
2275         529        1        1
2355         529        1        1
2434         529        1        1
2514         529        1        1
2593         529        1        1
2699         529        1        1
2778         529        1        1
2858         529        1        1
2937         556        1        1
2990         556        1        1
3016         556        1        1
3043         529        1        1
3069         529        1        1
3096         556        1        1
3122         529        1        1
3122         556        1        1
3149         556        1        1
3175         556        1        1
3201         556        1        1
3228         556        1        1
3254         556        1        1
3281         556        1        1
PEN_UP                  0
PEN_DOWN
1905        1085        1        2
1879        1111        1        2
1852        1138        1        2
1799        1138        1        2
1773        1164        1        2
1746        1164        1        2
1693        1191        1        2
1667        1191        1        2
1640        1191        1        2
1614        1191        1        2
1588        1164        1        2
1561        1164        1        2
1535        1138        1        2
1508        1111        1        2
1535        1085        1        2
1561        1058        1        2
1588        1032        1        2
1640        1032        1        2
1667        1005        1        2
1720        1005        1        2
1799        1005        1        2
1852        1005        1        2
1905        1005        1        2
1931        1032        1        2
1984        1032        1        2
2037        1058        1        2
2064        1085        1        2
2090        1111        1        2
2117        1111        1        2
2143        1138        1        2
2170        1164        1        2
2196        1191        1        2
2223        1217        1        2
2249        1217        1        2
2249        1244        1        2
2275        1217        1        2
2275        1191        1        2
2275        1164        1        2
2275        1138        1        2
2302        1111        1        2
2302        1058        1        2
2302        1032        1        2
2302        1005        1        2
2302         979        1        2
2302         926        1        2
2302         900        1        2
2302         873        1        2
2302         847        1        2
2302         820        1        2
2302         794        1        2
2275         767        1        2
2275         741        1        2
2275         714        1        2
2275         688        1        2
2275         661        1        2
2275         635        1        2
2249         609        1        2
PEN_UP                  0
PEN_DOWN
2249        1296        1        3
2249        1323        1        3
2223        1323        1        3
2223        1349        1        3
2223        1376        1        3
2196        1376        1        3
2170        1376        1        3
2170        1349        1        3
2170        1323        1        3
2170        1296        1        3
2196        1296        1        3
2196        1270        1        3
2223        1270        1        3
2223        1244        1        3
2249        1244        1        3
2249        1217        1        3
2275        1217        1        3
2302        1217        1        3
2328        1191        1        3
2355        1191        1        3
2381        1191        1        3
2408        1191        1        3
2434        1191        1        3
2461        1191        1        3
2487        1191        1        3
2514        1191        1        3
2540        1217        1        3
2566        1217        1        3
2593        1217        1        3
2619        1244        1        3
2646        1270        1        3
2672        1296        1        3
2672        1323        1        3
2672        1349        1        3
2672        1376        1        3
2699        1402        1        3
2699        1429        1        3
2672        1455        1        3
2672        1508        1        3
2646        1535        1        3
2646        1561        1        3
2619        1614        1        3
2593        1640        1        3
2566        1667        1        3
2540        1693        1        3
2514        1720        1        3
2487        1746        1        3
2461        1746        1        3
2434        1773        1        3
2381        1773        1        3
2355        1773        1        3
2328        1773        1        3
2275        1773        1        3
2249        1773        1        3
2196        1746        1        3
2170        1746        1        3
2117        1720        1        3
2064        1720        1        3
2011        1693        1        3
1958        1667        1        3
1905        1667        1        3
1852        1640        1        3
1799        1614        1        3
1773        1588        1        3
1720        1561        1        3
1667        1508        1        3
1640        1482        1        3
1588        1455        1        3
1561        1429        1        3
1535        1402        1        3
1482        1376        1        3
1455        1376        1        3
1455        1349        1        3
1429        1349        1        3
1402        1349        1        3
1402        1323        1        3
1402        1349        1        3
1429        1349        1        3
PEN_UP                  0
END_CHARACTER: NTT
