CHARACTER_NAME: MV
STROKE_COUNT: 2
  X           Y   STYLUS_STATE STROKE
PEN_DOWN
1164         926        1        1
1191         926        1        1
1244         926        1        1
1349         926        1        1
1508         900        1        1
1667         900        1        1
1852         900        1        1
2011         873        1        1
2170         873        1        1
2302         873        1        1
2408         847        1        1
2514         847        1        1
2566         847        1        1
2619         847        1        1
2646         847        1        1
2672         847        1        1
2699         847        1        1
2725         847        1        1
PEN_UP                  0
PEN_DOWN
1799        1032        1        2
1826        1032        1        2
1826        1005        1        2
1799        1032        1        2
1773        1032        1        2
1746        1032        1        2
1693        1058        1        2
1667        1058        1        2
1640        1085        1        2
1640        1111        1        2
1667        1138        1        2
1693        1164        1        2
1720        1191        1        2
1746        1217        1        2
1746        1244        1        2
1746        1296        1        2
1720        1323        1        2
1693        1376        1        2
1640        1402        1        2
1614        1429        1        2
1561        1429        1        2
1535        1455        1        2
1508        1429        1        2
1482        1429        1        2
1482        1402        1        2
1482        1376        1        2
1508        1349        1        2
1561        1323        1        2
1614        1296        1        2
1693        1296        1        2
1746        1296        1        2
1826        1323        1        2
1905        1323        1        2
1984        1349        1        2
2037        1376        1        2
2064        1402        1        2
2117        1402        1        2
2143        1429        1        2
2170        1429        1        2
2170        1455        1        2
2196        1429        1        2
2196        1402        1        2
2196        1376        1        2
2196        1349        1        2
2223        1296        1        2
2223        1270        1        2
2249        1217        1        2
2249        1164        1        2
2249        1138        1        2
2275        1085        1        2
2275        1058        1        2
2275        1005        1        2
2275         979        1        2
2249        1005        1        2
2249        1032        1        2
2249        1058        1        2
2249        1111        1        2
2249        1164        1        2
2249        1217        1        2
2249        1270        1        2
2223        1323        1        2
2223        1349        1        2
2223        1402        1        2
2223        1429        1        2
2223        1455        1        2
2223        1482        1        2
2223        1508        1        2
2196        1508        1        2
2196        1535        1        2
2196        1561        1        2
2196        1588        1        2
2223        1588        1        2
2223        1614        1        2
2249        1588        1        2
2249        1561        1        2
2223        1535        1        2
2196        1508        1        2
2170        1508        1        2
2143        1508        1        2
2117        1508        1        2
2090        1535        1        2
2064        1535        1        2
2037        1561        1        2
2011        1588        1        2
1984        1614        1        2
1984        1640        1        2
1958        1667        1        2
1958        1693        1        2
1984        1720        1        2
2011        1720        1        2
2037        1720        1        2
2090        1720        1        2
2143        1720        1        2
2170        1720        1        2
2223        1693        1        2
2249        1667        1        2
2302        1667        1        2
2328        1640        1        2
2355        1640        1        2
2381        1614        1        2
2408        1614        1        2
2461        1614        1        2
2487        1614        1        2
2514        1640        1        2
2540        1640        1        2
2566        1667        1        2
2566        1693        1        2
2566        1746        1        2
2566        1773        1        2
2540        1799        1        2
2514        1852        1        2
2487        1905        1        2
2434        1931        1        2
2381        1984        1        2
2328        2011        1        2
2249        2037        1        2
2196        2064        1        2
2117        2090        1        2
2037        2117        1        2
1958        2117        1        2
1852        2090        1        2
1773        2064        1        2
1667        2037        1        2
1588        1984        1        2
1535        1931        1        2
1482        1879        1        2
1429        1826        1        2
1429        1799        1        2
1429        1746        1        2
1429        1720        1        2
1455        1693        1        2
1482        1667        1        2
1535        1667        1        2
1561        1667        1        2
1588        1693        1        2
PEN_UP                  0
END_CHARACTER: MV
