CHARACTER_NAME: MB
STROKE_COUNT: 2
  X           Y   STYLUS_STATE STROKE
PEN_DOWN
1614        1191        1        1
1588        1191        1        1
1614        1217        1        1
1640        1217        1        1
1667        1244        1        1
1693        1244        1        1
1720        1244        1        1
1746        1244        1        1
1773        1244        1        1
1799        1217        1        1
1826        1217        1        1
1852        1217        1        1
1826        1244        1        1
1799        1244        1        1
1773        1244        1        1
1773        1270        1        1
1746        1270        1        1
1746        1296        1        1
1720        1323        1        1
1693        1349        1        1
1667        1349        1        1
1667        1376        1        1
1640        1402        1        1
1614        1402        1        1
1614        1429        1        1
1588        1429        1        1
1614        1429        1        1
1640        1429        1        1
1640        1402        1        1
1667        1402        1        1
1693        1402        1        1
1720        1402        1        1
1746        1402        1        1
1773        1376        1        1
1799        1376        1        1
1826        1376        1        1
1852        1376        1        1
1879        1376        1        1
1905        1402        1        1
1931        1402        1        1
1931        1429        1        1
1958        1455        1        1
1958        1482        1        1
1958        1508        1        1
1984        1535        1        1
1958        1561        1        1
1958        1588        1        1
1958        1614        1        1
1958        1640        1        1
1931        1667        1        1
1905        1693        1        1
1879        1720        1        1
1852        1720        1        1
1826        1746        1        1
1799        1746        1        1
1773        1746        1        1
1746        1746        1        1
1746        1720        1        1
1720        1720        1        1
1720        1693        1        1
1746        1693        1        1
1746        1667        1        1
1773        1640        1        1
1826        1640        1        1
1852        1614        1        1
1879        1614        1        1
1931        1588        1        1
1958        1588        1        1
1984        1588        1        1
2011        1588        1        1
2037        1588        1        1
2064        1588        1        1
2090        1614        1        1
2117        1614        1        1
2117        1640        1        1
2143        1667        1        1
2143        1693        1        1
2170        1693        1        1
2196        1720        1        1
2196        1746        1        1
2223        1746        1        1
2223        1773        1        1
2249        1746        1        1
2249        1720        1        1
2249        1693        1        1
2249        1667        1        1
2249        1640        1        1
2223        1640        1        1
2223        1614        1        1
2223        1588        1        1
2223        1561        1        1
2223        1535        1        1
2223        1508        1        1
2223        1482        1        1
2223        1455        1        1
2223        1429        1        1
2223        1402        1        1
2223        1376        1        1
2196        1349        1        1
2196        1323        1        1
2196        1296        1        1
2196        1270        1        1
2196        1244        1        1
2196        1217        1        1
2196        1191        1        1
2223        1217        1        1
2249        1217        1        1
2275        1217        1        1
2302        1217        1        1
2328        1217        1        1
2355        1217        1        1
2381        1191        1        1
2408        1191        1        1
2461        1191        1        1
2487        1191        1        1
2514        1191        1        1
2540        1191        1        1
2566        1191        1        1
2593        1191        1        1
PEN_UP                  0
PEN_DOWN
2328        1826        1        2
2302        1826        1        2
2275        1826        1        2
2275        1852        1        2
2249        1852        1        2
2223        1852        1        2
2223        1879        1        2
2196        1879        1        2
2170        1905        1        2
2143        1905        1        2
2117        1905        1        2
2090        1931        1        2
2064        1931        1        2
2037        1958        1        2
2037        1984        1        2
2011        1984        1        2
1984        2011        1        2
1958        2037        1        2
1958        2064        1        2
1931        2090        1        2
1931        2117        1        2
1931        2143        1        2
1931        2170        1        2
1905        2196        1        2
1931        2196        1        2
1958        2196        1        2
1984        2196        1        2
1984        2170        1        2
2011        2170        1        2
2037        2170        1        2
2064        2170        1        2
2090        2170        1        2
2117        2170        1        2
2143        2196        1        2
2170        2196        1        2
2170        2223        1        2
2196        2223        1        2
2196        2249        1        2
2223        2249        1        2
2223        2275        1        2
2249        2275        1        2
2275        2275        1        2
2302        2302        1        2
2328        2328        1        2
2355        2302        1        2
2355        2275        1        2
2355        2249        1        2
2355        2223        1        2
2355        2196        1        2
2355        2170        1        2
2355        2143        1        2
2355        2117        1        2
2328        2117        1        2
2328        2090        1        2
2328        2064        1        2
2328        2037        1        2
2328        2011        1        2
2328        1984        1        2
2328        1958        1        2
2328        1931        1        2
2328        1905        1        2
2302        1879        1        2
2302        1852        1        2
2302        1826        1        2
PEN_UP                  0
END_CHARACTER: MB
