CHARACTER_NAME: FN
STROKE_COUNT: 4
  X           Y   STYLUS_STATE STROKE
PEN_DOWN
1429        1535        1        1
1455        1508        1        1
1455        1482        1        1
1482        1482        1        1
1508        1455        1        1
1535        1455        1        1
1561        1455        1        1
1588        1455        1        1
1614        1429        1        1
1640        1429        1        1
1667        1429        1        1
1693        1429        1        1
1693        1402        1        1
1720        1429        1        1
1746        1402        1        1
1773        1429        1        1
1799        1429        1        1
1826        1429        1        1
1852        1429        1        1
1879        1429        1        1
1905        1429        1        1
1931        1429        1        1
1958        1429        1        1
1984        1455        1        1
2011        1455        1        1
2037        1429        1        1
2064        1429        1        1
2090        1429        1        1
2117        1429        1        1
2143        1429        1        1
2170        1429        1        1
2196        1429        1        1
2223        1429        1        1
2249        1429        1        1
2275        1429        1        1
2302        1402        1        1
2328        1402        1        1
2355        1402        1        1
2381        1402        1        1
2408        1402        1        1
2434        1402        1        1
2461        1402        1        1
2487        1402        1        1
2514        1402        1        1
2540        1402        1        1
2566        1402        1        1
2593        1402        1        1
2619        1376        1        1
2646        1376        1        1
2672        1376        1        1
2699        1376        1        1
PEN_UP                  0
PEN_DOWN
1826        1508        1        2
1799        1508        1        2
1826        1535        1        2
1826        1561        1        2
1852        1561        1        2
1852        1588        1        2
1879        1588        1        2
1905        1588        1        2
1931        1614        1        2
1958        1614        1        2
1984        1614        1        2
2011        1614        1        2
2037        1614        1        2
2011        1640        1        2
1984        1667        1        2
1984        1693        1        2
1958        1720        1        2
1931        1746        1        2
1905        1799        1        2
1852        1826        1        2
1826        1852        1        2
1799        1905        1        2
1773        1931        1        2
1746        1958        1        2
1720        1984        1        2
1720        2011        1        2
1693        2037        1        2
1693        2064        1        2
1693        2090        1        2
1693        2117        1        2
1693        2143        1        2
1720        2143        1        2
1720        2170        1        2
1746        2170        1        2
1773        2143        1        2
1799        2143        1        2
1826        2117        1        2
1852        2117        1        2
1879        2090        1        2
1905        2064        1        2
1931        2064        1        2
1958        2037        1        2
1984        2037        1        2
2011        2037        1        2
2037        2011        1        2
2064        2011        1        2
2090        2037        1        2
2117        2037        1        2
2143        2064        1        2
2170        2064        1        2
2196        2064        1        2
2223        2090        1        2
2223        2117        1        2
2249        2117        1        2
2275        2143        1        2
2302        2170        1        2
2328        2196        1        2
2355        2196        1        2
2355        2223        1        2
2381        2223        1        2
2381        2196        1        2
2381        2170        1        2
2381        2143        1        2
2381        2117        1        2
2355        2090        1        2
2355        2064        1        2
2355        2037        1        2
2355        2011        1        2
2355        1958        1        2
2328        1931        1        2
2328        1905        1        2
2328        1852        1        2
2328        1826        1        2
2328        1773        1        2
2328        1746        1        2
2328        1720        1        2
2328        1693        1        2
2355        1640        1        2
2355        1614        1        2
2355        1588        1        2
2328        1588        1        2
2355        1561        1        2
2328        1535        1        2
2328        1508        1        2
2328        1482        1        2
2328        1455        1        2
PEN_UP                  0
PEN_DOWN
2064        1667        1        3
2090        1667        1        3
2117        1667        1        3
2143        1667        1        3
2170        1667        1        3
2196        1693        1        3
2223        1693        1        3
2249        1720        1        3
2275        1746        1        3
2302        1773        1        3
2328        1799        1        3
2328        1826        1        3
2355        1826        1        3
2355        1852        1        3
2381        1879        1        3
2408        1879        1        3
2408        1905        1        3
PEN_UP                  0
PEN_DOWN
2434        1746        1        4
2461        1746        1        4
2461        1720        1        4
2461        1693        1        4
2487        1667        1        4
2487        1640        1        4
2514        1640        1        4
2540        1640        1        4
2540        1614        1        4
2566        1640        1        4
2593        1640        1        4
2619        1640        1        4
2646        1667        1        4
2672        1667        1        4
2672        1693        1        4
2699        1693        1        4
2699        1720        1        4
2699        1746        1        4
2672        1746        1        4
2672        1773        1        4
2646        1773        1        4
2619        1799        1        4
2593        1799        1        4
2619        1799        1        4
2646        1773        1        4
2672        1773        1        4
2699        1773        1        4
2725        1773        1        4
2752        1773        1        4
2778        1773        1        4
2805        1773        1        4
2831        1773        1        4
2831        1799        1        4
2858        1799        1        4
2884        1826        1        4
2858        1826        1        4
2858        1852        1        4
2831        1879        1        4
2831        1905        1        4
2805        1931        1        4
2805        1958        1        4
2778        1984        1        4
2752        1984        1        4
2725        2011        1        4
2699        2037        1        4
2672        2037        1        4
2619        2064        1        4
2566        2064        1        4
2540        2064        1        4
2487        2064        1        4
2434        2037        1        4
2408        2011        1        4
2381        1984        1        4
2355        1958        1        4
PEN_UP                  0
END_CHARACTER: FN
