CHARACTER_NAME: TRU
STROKE_COUNT: 3
  X           Y   STYLUS_STATE STROKE
PEN_DOWN
1588        1323        1        1
1588        1349        1        1
1614        1323        1        1
1640        1323        1        1
1667        1323        1        1
1693        1323        1        1
1720        1323        1        1
1746        1323        1        1
1773        1323        1        1
1799        1323        1        1
1826        1323        1        1
1852        1323        1        1
1879        1323        1        1
1905        1323        1        1
1931        1323        1        1
1958        1323        1        1
1984        1323        1        1
2011        1323        1        1
2037        1323        1        1
2064        1296        1        1
2090        1296        1        1
2117        1296        1        1
2143        1296        1        1
2170        1296        1        1
2196        1296        1        1
2223        1296        1        1
2249        1296        1        1
2275        1296        1        1
2302        1296        1        1
2328        1270        1        1
2355        1270        1        1
2381        1270        1        1
2408        1270        1        1
2434        1270        1        1
2461        1270        1        1
2487        1270        1        1
2514        1270        1        1
2540        1270        1        1
2566        1270        1        1
2593        1270        1        1
2619        1270        1        1
2646        1244        1        1
2672        1244        1        1
2699        1244        1        1
2725        1244        1        1
2752        1244        1        1
2778        1244        1        1
2805        1244        1        1
2831        1244        1        1
2858        1244        1        1
2884        1244        1        1
2910        1244        1        1
2937        1244        1        1
2963        1244        1        1
2990        1244        1        1
3016        1244        1        1
3043        1244        1        1
3069        1244        1        1
3096        1217        1        1
3122        1217        1        1
3149        1217        1        1
3175        1217        1        1
3201        1217        1        1
3228        1217        1        1
3254        1217        1        1
PEN_UP                  0
PEN_DOWN
2619        1508        1        2
2593        1535        1        2
2593        1561        1        2
2566        1561        1        2
2566        1588        1        2
2540        1588        1        2
2540        1614        1        2
2514        1614        1        2
2487        1640        1        2
2461        1640        1        2
2434        1640        1        2
2434        1614        1        2
2408        1614        1        2
2381        1614        1        2
2381        1588        1        2
2355        1561        1        2
2381        1535        1        2
2381        1508        1        2
2381        1482        1        2
2408        1482        1        2
2408        1455        1        2
2434        1455        1        2
2434        1429        1        2
2461        1402        1        2
2487        1402        1        2
2487        1376        1        2
2514        1376        1        2
2540        1349        1        2
2566        1349        1        2
2593        1349        1        2
2619        1349        1        2
2646        1349        1        2
2646        1376        1        2
2672        1376        1        2
2699        1402        1        2
2725        1402        1        2
2725        1429        1        2
2752        1429        1        2
2752        1455        1        2
2752        1482        1        2
2778        1508        1        2
2778        1535        1        2
2778        1561        1        2
2778        1588        1        2
2778        1614        1        2
2778        1640        1        2
2778        1667        1        2
2778        1693        1        2
2778        1720        1        2
2778        1746        1        2
2778        1773        1        2
2778        1799        1        2
2778        1852        1        2
2778        1879        1        2
2778        1905        1        2
2778        1931        1        2
2778        1984        1        2
2778        2011        1        2
2752        2037        1        2
2752        2064        1        2
2752        2090        1        2
2752        2117        1        2
2752        2143        1        2
2752        2170        1        2
2752        2196        1        2
2752        2223        1        2
2725        2249        1        2
2725        2223        1        2
2699        2223        1        2
2672        2223        1        2
2672        2196        1        2
2646        2170        1        2
2619        2143        1        2
2593        2117        1        2
2566        2090        1        2
2540        2064        1        2
2514        2037        1        2
2487        2011        1        2
2461        2011        1        2
2461        1984        1        2
2434        1984        1        2
2408        2011        1        2
2381        2011        1        2
2355        2037        1        2
2328        2064        1        2
2302        2064        1        2
2275        2090        1        2
2249        2117        1        2
2223        2143        1        2
2196        2170        1        2
2170        2196        1        2
2143        2196        1        2
2117        2223        1        2
2090        2223        1        2
2064        2249        1        2
2037        2223        1        2
2011        2223        1        2
1984        2196        1        2
1931        2196        1        2
1905        2143        1        2
1879        2117        1        2
1852        2090        1        2
1826        2064        1        2
1799        2037        1        2
1773        2037        1        2
1746        2011        1        2
1720        2011        1        2
PEN_UP                  0
PEN_DOWN
2831        1693        1        3
2831        1720        1        3
2831        1746        1        3
2858        1746        1        3
2858        1773        1        3
2858        1799        1        3
2884        1799        1        3
2910        1799        1        3
2937        1799        1        3
2963        1799        1        3
2990        1773        1        3
3016        1773        1        3
3043        1773        1        3
3043        1746        1        3
3069        1746        1        3
3096        1720        1        3
3122        1693        1        3
3122        1667        1        3
3122        1640        1        3
3122        1614        1        3
3096        1588        1        3
3096        1561        1        3
3069        1561        1        3
3069        1588        1        3
3043        1588        1        3
3043        1614        1        3
PEN_UP                  0
END_CHARACTER: TRU
