CHARACTER_NAME: GHA
STROKE_COUNT: 2
  X           Y   STYLUS_STATE STROKE
PEN_DOWN
1958        1191        1        1
1984        1191        1        1
1984        1164        1        1
1958        1164        1        1
1931        1164        1        1
1905        1164        1        1
1879        1164        1        1
1852        1164        1        1
1826        1164        1        1
1799        1164        1        1
1773        1191        1        1
1746        1191        1        1
1720        1191        1        1
1693        1217        1        1
1667        1217        1        1
1640        1244        1        1
1614        1270        1        1
1588        1296        1        1
1588        1323        1        1
1588        1349        1        1
1588        1376        1        1
1588        1402        1        1
1561        1402        1        1
1588        1429        1        1
1588        1455        1        1
1614        1482        1        1
1640        1482        1        1
1693        1508        1        1
1720        1482        1        1
1773        1482        1        1
1799        1482        1        1
1852        1455        1        1
1879        1455        1        1
1905        1429        1        1
1931        1429        1        1
1958        1429        1        1
1984        1429        1        1
1984        1402        1        1
1958        1429        1        1
1931        1429        1        1
1905        1429        1        1
1879        1455        1        1
1852        1455        1        1
1826        1482        1        1
1799        1508        1        1
1773        1535        1        1
1746        1561        1        1
1746        1588        1        1
1720        1614        1        1
1693        1640        1        1
1693        1667        1        1
1667        1693        1        1
1640        1720        1        1
1640        1746        1        1
1614        1773        1        1
1614        1799        1        1
1614        1826        1        1
1614        1799        1        1
1640        1799        1        1
1640        1773        1        1
1667        1773        1        1
1693        1773        1        1
1693        1746        1        1
1720        1746        1        1
1746        1746        1        1
1773        1720        1        1
1799        1720        1        1
1826        1693        1        1
1852        1693        1        1
1879        1693        1        1
1905        1693        1        1
1931        1693        1        1
1958        1693        1        1
1984        1693        1        1
2011        1720        1        1
2037        1720        1        1
2090        1720        1        1
2117        1746        1        1
2143        1746        1        1
2170        1773        1        1
2196        1773        1        1
2223        1773        1        1
2249        1799        1        1
2275        1799        1        1
2302        1799        1        1
2328        1799        1        1
2328        1826        1        1
2355        1826        1        1
2381        1826        1        1
2408        1852        1        1
2434        1852        1        1
2461        1852        1        1
2461        1826        1        1
2487        1826        1        1
2487        1799        1        1
2487        1773        1        1
2487        1746        1        1
2487        1720        1        1
2487        1693        1        1
2487        1667        1        1
2487        1640        1        1
2487        1614        1        1
2487        1588        1        1
2487        1535        1        1
2487        1508        1        1
2461        1482        1        1
2461        1455        1        1
2461        1429        1        1
2461        1402        1        1
2461        1376        1        1
2461        1349        1        1
2461        1323        1        1
2461        1296        1        1
2461        1270        1        1
2461        1244        1        1
2434        1217        1        1
2434        1191        1        1
2461        1191        1        1
2434        1191        1        1
2434        1164        1        1
2461        1164        1        1
2434        1138        1        1
2461        1138        1        1
2487        1138        1        1
2514        1164        1        1
2540        1164        1        1
2566        1164        1        1
2593        1164        1        1
2646        1164        1        1
2672        1164        1        1
2725        1164        1        1
2752        1164        1        1
2805        1164        1        1
2831        1164        1        1
2858        1138        1        1
2884        1138        1        1
2910        1138        1        1
2937        1138        1        1
2963        1138        1        1
PEN_UP                  0
PEN_DOWN
2170        1164        1        2
2143        1164        1        2
2117        1164        1        2
2090        1164        1        2
2064        1164        1        2
2037        1164        1        2
2011        1164        1        2
1984        1191        1        2
1931        1191        1        2
1905        1191        1        2
1879        1191        1        2
1852        1191        1        2
1799        1191        1        2
1773        1191        1        2
1746        1191        1        2
1693        1191        1        2
1667        1217        1        2
1640        1217        1        2
1614        1217        1        2
1588        1217        1        2
1561        1217        1        2
1535        1217        1        2
1508        1217        1        2
1482        1217        1        2
1455        1217        1        2
1429        1217        1        2
1402        1217        1        2
1376        1217        1        2
1349        1217        1        2
1323        1217        1        2
1296        1217        1        2
PEN_UP                  0
END_CHARACTER: GHA
