CHARACTER_NAME: MDHA
STROKE_COUNT: 2
  X           Y   STYLUS_STATE STROKE
PEN_DOWN
1879        1270        1        1
1879        1296        1        1
1879        1323        1        1
1879        1349        1        1
1879        1376        1        1
1879        1402        1        1
1879        1429        1        1
1879        1455        1        1
1852        1482        1        1
1852        1508        1        1
1852        1535        1        1
1852        1561        1        1
1852        1588        1        1
1852        1614        1        1
1826        1640        1        1
1852        1640        1        1
1852        1667        1        1
1826        1667        1        1
1826        1693        1        1
1826        1720        1        1
1826        1746        1        1
1826        1773        1        1
1826        1799        1        1
1826        1826        1        1
1826        1852        1        1
1826        1879        1        1
1826        1905        1        1
1826        1931        1        1
1826        1958        1        1
1826        1984        1        1
1826        2011        1        1
1826        2037        1        1
1852        2037        1        1
1852        2064        1        1
1879        2064        1        1
1879        2090        1        1
1905        2090        1        1
1931        2117        1        1
1958        2117        1        1
1984        2117        1        1
2011        2117        1        1
2037        2090        1        1
2064        2090        1        1
2117        2090        1        1
2143        2090        1        1
2170        2090        1        1
2170        2064        1        1
2196        2064        1        1
2223        2037        1        1
2249        2037        1        1
2249        2011        1        1
2249        1984        1        1
2249        1958        1        1
2249        1931        1        1
2249        1905        1        1
2249        1879        1        1
2249        1852        1        1
2249        1826        1        1
2223        1826        1        1
2223        1799        1        1
2196        1799        1        1
2170        1773        1        1
2170        1799        1        1
2143        1799        1        1
2117        1826        1        1
2143        1826        1        1
2143        1852        1        1
2170        1852        1        1
PEN_UP                  0
PEN_DOWN
1482        1270        1        2
1455        1270        1        2
1482        1270        1        2
1508        1270        1        2
1535        1270        1        2
1561        1270        1        2
1588        1270        1        2
1640        1270        1        2
1693        1270        1        2
1746        1270        1        2
1799        1244        1        2
1852        1244        1        2
1905        1244        1        2
1958        1244        1        2
2011        1244        1        2
2064        1244        1        2
2090        1244        1        2
2143        1244        1        2
2170        1244        1        2
2196        1244        1        2
2249        1244        1        2
2275        1244        1        2
2302        1217        1        2
2328        1217        1        2
2355        1217        1        2
2381        1217        1        2
2408        1217        1        2
2408        1244        1        2
2434        1244        1        2
2461        1244        1        2
2487        1244        1        2
2514        1244        1        2
2540        1244        1        2
2566        1244        1        2
PEN_UP                  0
END_CHARACTER: MDHA
