CHARACTER_NAME: PA
STROKE_COUNT: 4
  X           Y   STYLUS_STATE STROKE
PEN_DOWN
1588        1879        1        1
1614        1905        1        1
1614        1931        1        1
1640        1931        1        1
1640        1958        1        1
1640        1984        1        1
1667        2011        1        1
1693        2037        1        1
1693        2064        1        1
1720        2090        1        1
1746        2117        1        1
1746        2143        1        1
1773        2170        1        1
1773        2196        1        1
1773        2223        1        1
1799        2223        1        1
1826        2223        1        1
1826        2196        1        1
1852        2170        1        1
1879        2117        1        1
1905        2090        1        1
1931        2037        1        1
1958        1984        1        1
1984        1958        1        1
2011        1905        1        1
2037        1879        1        1
2064        1852        1        1
2090        1852        1        1
2090        1826        1        1
2117        1826        1        1
2117        1799        1        1
PEN_UP                  0
PEN_DOWN
1588        1826        1        2
1588        1799        1        2
1614        1799        1        2
1667        1773        1        2
1693        1773        1        2
1720        1773        1        2
1773        1773        1        2
1826        1773        1        2
1905        1799        1        2
1958        1799        1        2
2011        1799        1        2
2064        1826        1        2
2143        1852        1        2
2196        1852        1        2
2249        1879        1        2
2275        1905        1        2
PEN_UP                  0
PEN_DOWN
2196        1614        1        3
2196        1588        1        3
2170        1588        1        3
2170        1614        1        3
2170        1640        1        3
2170        1667        1        3
2170        1720        1        3
2196        1746        1        3
2170        1799        1        3
2170        1852        1        3
2196        1905        1        3
2170        1958        1        3
2170        2011        1        3
2170        2064        1        3
2170        2117        1        3
2170        2170        1        3
2170        2223        1        3
2170        2249        1        3
2170        2302        1        3
2170        2328        1        3
2143        2355        1        3
2143        2381        1        3
2143        2408        1        3
2143        2434        1        3
2143        2461        1        3
2143        2487        1        3
2143        2514        1        3
2143        2540        1        3
2143        2566        1        3
2143        2593        1        3
2143        2619        1        3
2143        2646        1        3
2170        2646        1        3
2196        2646        1        3
2223        2646        1        3
2249        2646        1        3
PEN_UP                  0
PEN_DOWN
2249        1693        1        4
2275        1693        1        4
2302        1693        1        4
2328        1693        1        4
2355        1693        1        4
2381        1693        1        4
2408        1693        1        4
2434        1693        1        4
2461        1693        1        4
PEN_UP                  0
END_CHARACTER: PA
