CHARACTER_NAME: TN
STROKE_COUNT: 2
  X           Y   STYLUS_STATE STROKE
PEN_DOWN
1984        1535        1        1
2011        1535        1        1
2037        1535        1        1
2064        1508        1        1
2090        1508        1        1
2143        1508        1        1
2170        1508        1        1
2196        1508        1        1
2223        1482        1        1
2275        1482        1        1
2302        1482        1        1
2328        1482        1        1
2355        1482        1        1
2381        1482        1        1
2408        1482        1        1
2434        1482        1        1
2461        1482        1        1
2487        1482        1        1
2514        1482        1        1
2540        1482        1        1
2566        1508        1        1
2566        1535        1        1
2566        1561        1        1
2540        1588        1        1
2540        1614        1        1
2514        1640        1        1
2514        1667        1        1
2487        1667        1        1
2461        1693        1        1
2434        1720        1        1
2408        1720        1        1
2381        1746        1        1
2355        1746        1        1
2328        1746        1        1
2275        1746        1        1
2249        1746        1        1
2223        1720        1        1
2196        1693        1        1
2223        1667        1        1
2223        1640        1        1
2249        1640        1        1
2275        1614        1        1
2302        1588        1        1
2328        1588        1        1
2355        1561        1        1
2381        1561        1        1
2408        1561        1        1
2461        1535        1        1
2487        1535        1        1
2514        1535        1        1
2540        1561        1        1
2566        1561        1        1
2593        1561        1        1
2619        1588        1        1
2646        1588        1        1
2672        1614        1        1
2699        1640        1        1
2699        1667        1        1
2725        1693        1        1
2725        1746        1        1
2725        1773        1        1
2752        1799        1        1
2752        1826        1        1
2725        1879        1        1
2725        1905        1        1
2699        1958        1        1
2699        1984        1        1
2672        2011        1        1
2646        2037        1        1
2619        2090        1        1
2566        2117        1        1
2540        2143        1        1
2487        2143        1        1
2434        2170        1        1
2381        2170        1        1
2328        2196        1        1
2275        2196        1        1
2223        2170        1        1
2170        2143        1        1
2117        2090        1        1
2090        2037        1        1
2064        1984        1        1
2037        1931        1        1
2011        1852        1        1
1984        1799        1        1
1984        1773        1        1
1958        1720        1        1
1958        1693        1        1
1931        1667        1        1
PEN_UP                  0
PEN_DOWN
2223        2514        1        2
2196        2540        1        2
2170        2540        1        2
2170        2566        1        2
2143        2566        1        2
2117        2566        1        2
2090        2566        1        2
2064        2566        1        2
2037        2566        1        2
2037        2540        1        2
2037        2514        1        2
2037        2487        1        2
2064        2461        1        2
2064        2434        1        2
2090        2434        1        2
2117        2408        1        2
2143        2408        1        2
2170        2381        1        2
2223        2381        1        2
2249        2381        1        2
2275        2355        1        2
2328        2355        1        2
2355        2381        1        2
2381        2381        1        2
2408        2381        1        2
2434        2408        1        2
2461        2408        1        2
2487        2434        1        2
2514        2434        1        2
2540        2461        1        2
2540        2487        1        2
2566        2487        1        2
2593        2514        1        2
2619        2540        1        2
2619        2566        1        2
2646        2566        1        2
2646        2540        1        2
2672        2540        1        2
2672        2514        1        2
2672        2487        1        2
2672        2461        1        2
2699        2461        1        2
2699        2434        1        2
2699        2408        1        2
2699        2381        1        2
2699        2355        1        2
2672        2328        1        2
2672        2302        1        2
2672        2275        1        2
2672        2249        1        2
2672        2223        1        2
2672        2196        1        2
2672        2170        1        2
2672        2143        1        2
2672        2117        1        2
2672        2090        1        2
PEN_UP                  0
END_CHARACTER: TN
