CHARACTER_NAME: REE
STROKE_COUNT: 2
  X           Y   STYLUS_STATE STROKE
PEN_DOWN
1667        2011        1        1
1667        2037        1        1
1693        2037        1        1
1693        2011        1        1
1693        1984        1        1
1693        1958        1        1
1667        1984        1        1
1640        1984        1        1
1614        1984        1        1
1614        2011        1        1
1588        2011        1        1
1561        2037        1        1
1561        2064        1        1
1561        2090        1        1
1561        2117        1        1
1561        2143        1        1
1561        2170        1        1
1588        2170        1        1
1588        2196        1        1
1614        2196        1        1
1640        2196        1        1
1667        2196        1        1
1693        2196        1        1
1720        2196        1        1
1746        2196        1        1
1773        2196        1        1
1799        2170        1        1
1826        2170        1        1
1826        2143        1        1
1852        2143        1        1
1879        2117        1        1
1879        2090        1        1
1905        2090        1        1
1905        2064        1        1
1905        2037        1        1
1905        2011        1        1
1905        1984        1        1
1931        1958        1        1
1931        1931        1        1
1931        1905        1        1
1931        1879        1        1
1905        1879        1        1
1905        1852        1        1
1931        1879        1        1
1931        1905        1        1
1931        1931        1        1
1931        1958        1        1
1958        1958        1        1
1958        1984        1        1
1958        2011        1        1
1984        2011        1        1
1984        2037        1        1
1984        2064        1        1
2011        2064        1        1
2011        2090        1        1
2037        2090        1        1
2037        2117        1        1
2064        2117        1        1
2090        2143        1        1
2117        2143        1        1
2117        2170        1        1
2143        2170        1        1
2170        2170        1        1
2196        2170        1        1
2223        2170        1        1
2249        2170        1        1
2223        2196        1        1
2196        2196        1        1
2170        2223        1        1
2143        2223        1        1
2117        2249        1        1
2090        2275        1        1
2064        2302        1        1
2037        2302        1        1
2037        2328        1        1
2011        2328        1        1
1984        2355        1        1
1958        2381        1        1
1958        2408        1        1
1931        2434        1        1
1905        2461        1        1
1879        2461        1        1
1879        2487        1        1
1852        2514        1        1
1826        2540        1        1
1799        2566        1        1
1773        2593        1        1
1746        2593        1        1
1746        2619        1        1
1720        2619        1        1
1720        2646        1        1
1693        2646        1        1
1667        2672        1        1
1693        2646        1        1
1720        2646        1        1
1720        2619        1        1
1746        2619        1        1
1773        2619        1        1
1799        2593        1        1
1826        2593        1        1
1852        2593        1        1
1879        2593        1        1
1905        2593        1        1
1931        2593        1        1
1958        2593        1        1
1984        2593        1        1
2011        2593        1        1
2037        2593        1        1
2064        2619        1        1
2090        2619        1        1
2117        2619        1        1
2117        2646        1        1
2143        2646        1        1
2170        2646        1        1
2196        2646        1        1
2196        2672        1        1
2223        2672        1        1
2249        2672        1        1
2275        2672        1        1
2275        2699        1        1
2302        2699        1        1
2328        2699        1        1
2355        2699        1        1
2381        2699        1        1
2408        2725        1        1
2434        2725        1        1
2434        2699        1        1
2461        2699        1        1
2461        2672        1        1
2461        2646        1        1
2461        2619        1        1
2434        2593        1        1
2434        2566        1        1
2434        2540        1        1
2434        2514        1        1
2408        2514        1        1
2408        2487        1        1
2408        2461        1        1
2408        2434        1        1
2408        2408        1        1
2408        2381        1        1
2408        2355        1        1
2408        2328        1        1
2408        2302        1        1
2408        2275        1        1
2408        2249        1        1
2408        2223        1        1
2381        2196        1        1
2381        2170        1        1
2381        2143        1        1
2381        2117        1        1
2381        2090        1        1
2355        2090        1        1
2355        2064        1        1
2355        2037        1        1
2355        2011        1        1
2381        2011        1        1
2381        2037        1        1
2408        2037        1        1
2408        2064        1        1
2408        2090        1        1
2381        2090        1        1
2381        2117        1        1
2355        2143        1        1
2328        2143        1        1
2328        2170        1        1
2302        2170        1        1
2275        2170        1        1
PEN_UP                  0
PEN_DOWN
2461        2514        1        2
2487        2514        1        2
2514        2487        1        2
2540        2487        1        2
2566        2487        1        2
2593        2487        1        2
2593        2514        1        2
2619        2514        1        2
2646        2540        1        2
2672        2540        1        2
2699        2566        1        2
2725        2566        1        2
2725        2593        1        2
2752        2593        1        2
2778        2619        1        2
2805        2646        1        2
2831        2646        1        2
2831        2672        1        2
2858        2672        1        2
2858        2646        1        2
2858        2619        1        2
2858        2593        1        2
2858        2566        1        2
2858        2540        1        2
2858        2514        1        2
2831        2487        1        2
2831        2461        1        2
2831        2434        1        2
2831        2408        1        2
2831        2381        1        2
2831        2355        1        2
2831        2328        1        2
2831        2302        1        2
2805        2275        1        2
2805        2249        1        2
2805        2223        1        2
2805        2196        1        2
2805        2170        1        2
2805        2143        1        2
2778        2143        1        2
2778        2117        1        2
2778        2090        1        2
2778        2064        1        2
2752        2064        1        2
2752        2037        1        2
2778        2037        1        2
2805        2037        1        2
2831        2037        1        2
2858        2037        1        2
2884        2037        1        2
2910        2037        1        2
2937        2037        1        2
PEN_UP                  0
END_CHARACTER: REE
