CHARACTER_NAME: NS
STROKE_COUNT: 5
  X           Y   STYLUS_STATE STROKE
PEN_DOWN
1455        1376        1        1
1482        1376        1        1
1508        1376        1        1
1535        1376        1        1
1588        1376        1        1
1614        1376        1        1
1667        1376        1        1
1693        1349        1        1
1746        1349        1        1
1773        1349        1        1
1826        1349        1        1
1879        1349        1        1
1931        1349        1        1
1958        1349        1        1
2011        1323        1        1
2037        1323        1        1
2064        1323        1        1
2037        1349        1        1
2011        1349        1        1
2011        1376        1        1
1984        1376        1        1
1958        1402        1        1
1931        1402        1        1
1905        1429        1        1
1879        1455        1        1
1852        1482        1        1
1826        1508        1        1
1799        1535        1        1
1773        1561        1        1
1746        1561        1        1
1746        1588        1        1
1720        1614        1        1
1693        1614        1        1
1667        1640        1        1
1667        1667        1        1
1640        1667        1        1
1667        1667        1        1
1667        1640        1        1
1693        1640        1        1
1693        1614        1        1
1720        1614        1        1
1746        1588        1        1
1773        1588        1        1
1799        1588        1        1
1852        1588        1        1
1879        1588        1        1
1905        1588        1        1
1931        1588        1        1
1984        1588        1        1
2011        1614        1        1
2037        1640        1        1
2064        1667        1        1
2090        1693        1        1
2117        1720        1        1
2117        1746        1        1
2143        1773        1        1
2170        1799        1        1
2170        1852        1        1
2196        1879        1        1
2196        1931        1        1
2196        1984        1        1
2196        2037        1        1
2196        2064        1        1
2170        2117        1        1
2143        2170        1        1
2090        2196        1        1
2064        2223        1        1
2011        2249        1        1
1958        2275        1        1
1905        2302        1        1
1879        2328        1        1
1852        2328        1        1
1826        2355        1        1
1799        2355        1        1
1826        2355        1        1
1826        2381        1        1
1852        2355        1        1
1879        2328        1        1
1905        2328        1        1
1905        2302        1        1
1931        2275        1        1
1958        2249        1        1
1958        2196        1        1
1984        2170        1        1
2011        2117        1        1
2037        2064        1        1
2064        2037        1        1
2064        1984        1        1
2090        1958        1        1
2117        1905        1        1
2117        1879        1        1
2143        1826        1        1
2143        1799        1        1
2170        1773        1        1
2170        1746        1        1
2196        1720        1        1
2196        1693        1        1
2223        1693        1        1
2249        1667        1        1
2275        1667        1        1
2302        1667        1        1
2328        1667        1        1
2355        1667        1        1
2381        1667        1        1
2408        1693        1        1
2461        1693        1        1
2487        1693        1        1
2540        1693        1        1
2593        1693        1        1
2619        1693        1        1
2672        1693        1        1
2699        1693        1        1
2725        1693        1        1
2752        1693        1        1
2778        1667        1        1
2805        1640        1        1
2805        1614        1        1
2831        1588        1        1
2831        1561        1        1
2831        1535        1        1
2831        1508        1        1
2831        1482        1        1
2831        1455        1        1
PEN_UP                  0
PEN_DOWN
2778        1270        1        2
2752        1270        1        2
2752        1296        1        2
2752        1323        1        2
2752        1349        1        2
2752        1376        1        2
2752        1402        1        2
2752        1429        1        2
2752        1455        1        2
2752        1482        1        2
2752        1508        1        2
2778        1535        1        2
2778        1561        1        2
2778        1588        1        2
2778        1614        1        2
2778        1640        1        2
2778        1667        1        2
2778        1693        1        2
2778        1720        1        2
2778        1746        1        2
2778        1773        1        2
2778        1799        1        2
2778        1826        1        2
2778        1852        1        2
2778        1879        1        2
2778        1905        1        2
2778        1931        1        2
2778        1958        1        2
2752        1984        1        2
2752        2011        1        2
2752        2037        1        2
2752        2064        1        2
2752        2090        1        2
2752        2117        1        2
2752        2143        1        2
2752        2170        1        2
2778        2170        1        2
2778        2196        1        2
2778        2223        1        2
2778        2249        1        2
2778        2275        1        2
2778        2302        1        2
2778        2328        1        2
2805        2328        1        2
2805        2355        1        2
2831        2381        1        2
2831        2408        1        2
2858        2408        1        2
2858        2434        1        2
2884        2461        1        2
2910        2487        1        2
2937        2487        1        2
2990        2487        1        2
3016        2461        1        2
PEN_UP                  0
PEN_DOWN
2408        1323        1        3
2434        1323        1        3
2461        1296        1        3
2487        1323        1        3
2514        1296        1        3
2540        1296        1        3
2593        1296        1        3
2646        1296        1        3
2699        1296        1        3
2752        1296        1        3
2805        1296        1        3
2858        1296        1        3
2910        1296        1        3
2963        1296        1        3
3016        1296        1        3
3043        1296        1        3
3096        1296        1        3
3122        1296        1        3
3175        1296        1        3
3201        1296        1        3
3228        1296        1        3
3254        1296        1        3
3254        1270        1        3
3281        1270        1        3
PEN_UP                  0
PEN_DOWN
PEN_UP                  0
1826        2037        1        4
PEN_DOWN
1826        2037        1        5
1826        2064        1        5
1799        2064        1        5
1799        2090        1        5
1773        2090        1        5
1746        2090        1        5
1720        2090        1        5
1693        2090        1        5
1693        2064        1        5
1693        2037        1        5
1693        2011        1        5
1720        1984        1        5
1720        1958        1        5
1720        1931        1        5
1746        1931        1        5
1746        1905        1        5
1773        1879        1        5
1799        1852        1        5
1826        1826        1        5
1826        1799        1        5
1852        1799        1        5
1852        1773        1        5
1879        1773        1        5
1905        1773        1        5
1931        1773        1        5
1958        1773        1        5
1984        1773        1        5
2011        1773        1        5
2037        1799        1        5
2064        1799        1        5
2090        1826        1        5
2117        1852        1        5
2117        1879        1        5
2117        1905        1        5
2143        1905        1        5
2143        1931        1        5
2143        1958        1        5
PEN_UP                  0
END_CHARACTER: NS
