CHARACTER_NAME: A
STROKE_COUNT: 3
  X           Y   STYLUS_STATE STROKE
PEN_DOWN
2752        2196        1        1
2725        2196        1        1
2725        2170        1        1
2752        2143        1        1
2752        2117        1        1
2778        2117        1        1
2805        2117        1        1
2831        2117        1        1
2858        2117        1        1
2910        2143        1        1
2937        2170        1        1
2963        2196        1        1
2990        2223        1        1
3016        2275        1        1
3043        2328        1        1
3069        2408        1        1
3069        2487        1        1
3069        2566        1        1
3069        2646        1        1
3069        2752        1        1
3043        2831        1        1
3016        2937        1        1
2963        3016        1        1
2910        3122        1        1
2858        3201        1        1
2778        3281        1        1
2699        3360        1        1
2619        3440        1        1
2514        3493        1        1
2434        3545        1        1
2328        3572        1        1
2249        3598        1        1
2143        3598        1        1
2064        3598        1        1
1958        3572        1        1
1879        3519        1        1
1826        3466        1        1
1746        3413        1        1
1693        3307        1        1
1667        3228        1        1
1614        3096        1        1
1614        2963        1        1
1588        2831        1        1
1614        2699        1        1
1614        2540        1        1
1640        2408        1        1
1667        2275        1        1
1720        2170        1        1
1773        2037        1        1
1799        1931        1        1
1852        1826        1        1
1905        1746        1        1
1958        1693        1        1
1984        1640        1        1
2011        1588        1        1
2064        1561        1        1
2064        1535        1        1
2090        1535        1        1
2117        1535        1        1
2143        1535        1        1
2170        1561        1        1
2196        1561        1        1
2223        1561        1        1
2223        1588        1        1
PEN_UP                  0
PEN_DOWN
3175        3043        1        2
3175        3069        1        2
3201        3069        1        2
3201        3096        1        2
3201        3122        1        2
3228        3149        1        2
3228        3175        1        2
3254        3201        1        2
3254        3228        1        2
3281        3281        1        2
3281        3307        1        2
3307        3360        1        2
3307        3387        1        2
3307        3440        1        2
3334        3493        1        2
3360        3545        1        2
3360        3572        1        2
3387        3625        1        2
3387        3678        1        2
3413        3731        1        2
3413        3757        1        2
3413        3810        1        2
3440        3836        1        2
3440        3863        1        2
3440        3889        1        2
3440        3916        1        2
3440        3942        1        2
3440        3916        1        2
3466        3889        1        2
3466        3863        1        2
3466        3810        1        2
3466        3731        1        2
3493        3678        1        2
3493        3598        1        2
3493        3519        1        2
3493        3440        1        2
3493        3387        1        2
3493        3307        1        2
3493        3228        1        2
3466        3149        1        2
3466        3069        1        2
3466        2990        1        2
3466        2910        1        2
3466        2831        1        2
3466        2752        1        2
3466        2672        1        2
3466        2619        1        2
3466        2540        1        2
3466        2461        1        2
3466        2408        1        2
3466        2328        1        2
3466        2275        1        2
3466        2223        1        2
3466        2170        1        2
3466        2143        1        2
3466        2090        1        2
3466        2037        1        2
3440        2011        1        2
3440        1984        1        2
3466        1958        1        2
3440        1958        1        2
3466        1931        1        2
3440        1931        1        2
3440        1905        1        2
3440        1879        1        2
3466        1879        1        2
3466        1852        1        2
PEN_UP                  0
PEN_DOWN
2672        1905        1        3
2699        1905        1        3
2725        1905        1        3
2752        1905        1        3
2778        1905        1        3
2805        1905        1        3
2831        1905        1        3
2858        1905        1        3
2910        1931        1        3
2937        1931        1        3
2990        1931        1        3
3043        1931        1        3
3096        1931        1        3
3149        1931        1        3
3201        1931        1        3
3281        1905        1        3
3334        1905        1        3
3413        1905        1        3
3466        1905        1        3
3545        1905        1        3
3598        1879        1        3
3678        1879        1        3
3731        1879        1        3
3810        1879        1        3
3863        1879        1        3
3916        1879        1        3
3942        1879        1        3
3969        1879        1        3
3995        1879        1        3
4022        1879        1        3
4048        1879        1        3
4075        1879        1        3
4075        1852        1        3
4101        1852        1        3
4128        1852        1        3
4154        1852        1        3
4154        1826        1        3
4180        1826        1        3
4207        1826        1        3
4233        1826        1        3
PEN_UP                  0
END_CHARACTER: A
