CHARACTER_NAME: SB
STROKE_COUNT: 2
  X           Y   STYLUS_STATE STROKE
PEN_DOWN
1085        2196        1        1
1085        2170        1        1
1085        2143        1        1
1085        2117        1        1
1111        2090        1        1
1111        2064        1        1
1138        2037        1        1
1164        2011        1        1
1191        1984        1        1
1217        1958        1        1
1244        1931        1        1
1296        1931        1        1
1323        1931        1        1
1376        1905        1        1
1402        1905        1        1
1455        1931        1        1
1482        1931        1        1
1535        1958        1        1
1588        1984        1        1
1614        2037        1        1
1614        2090        1        1
1640        2143        1        1
1640        2196        1        1
1640        2249        1        1
1640        2302        1        1
1614        2381        1        1
1614        2434        1        1
1588        2487        1        1
1588        2540        1        1
1561        2566        1        1
1561        2593        1        1
1535        2619        1        1
1508        2619        1        1
1508        2593        1        1
1482        2566        1        1
1482        2540        1        1
1482        2487        1        1
1455        2461        1        1
1455        2408        1        1
1455        2355        1        1
1482        2328        1        1
1482        2275        1        1
1508        2249        1        1
1508        2196        1        1
1535        2170        1        1
1561        2117        1        1
1614        2090        1        1
1667        2037        1        1
1720        2011        1        1
1773        1984        1        1
1826        1958        1        1
1879        1931        1        1
1905        1931        1        1
1958        1905        1        1
1984        1931        1        1
2011        1931        1        1
2037        1931        1        1
2064        1958        1        1
2090        1984        1        1
2090        2011        1        1
2117        2037        1        1
2117        2064        1        1
2143        2090        1        1
2143        2117        1        1
2143        2143        1        1
2143        2170        1        1
2117        2196        1        1
2117        2223        1        1
2117        2249        1        1
2090        2249        1        1
2090        2275        1        1
2064        2275        1        1
2064        2302        1        1
2037        2302        1        1
2011        2302        1        1
1984        2275        1        1
1958        2275        1        1
1958        2249        1        1
1931        2249        1        1
1931        2223        1        1
1905        2196        1        1
1905        2170        1        1
1905        2143        1        1
1905        2117        1        1
1905        2064        1        1
1905        2037        1        1
1931        2011        1        1
1931        1958        1        1
1958        1931        1        1
1984        1879        1        1
2011        1852        1        1
2037        1826        1        1
2064        1773        1        1
2090        1746        1        1
2143        1720        1        1
2170        1693        1        1
2196        1667        1        1
2223        1667        1        1
2249        1640        1        1
2275        1640        1        1
2302        1640        1        1
2328        1640        1        1
2355        1667        1        1
2381        1693        1        1
2408        1720        1        1
2434        1773        1        1
2461        1799        1        1
2487        1852        1        1
2487        1879        1        1
2514        1931        1        1
2514        1958        1        1
2540        2011        1        1
2514        2064        1        1
2514        2090        1        1
2487        2143        1        1
2487        2223        1        1
2461        2275        1        1
2434        2355        1        1
2408        2434        1        1
2381        2540        1        1
2328        2619        1        1
2302        2725        1        1
2249        2805        1        1
2223        2884        1        1
2196        2963        1        1
2170        3043        1        1
2143        3122        1        1
2117        3175        1        1
2117        3254        1        1
2117        3307        1        1
2090        3334        1        1
2090        3360        1        1
2090        3387        1        1
2090        3413        1        1
2090        3387        1        1
2064        3387        1        1
2037        3387        1        1
2011        3387        1        1
1984        3387        1        1
PEN_UP                  0
PEN_DOWN
2223        2646        1        2
2223        2619        1        2
2196        2646        1        2
2143        2672        1        2
2117        2699        1        2
2064        2752        1        2
2011        2778        1        2
1958        2805        1        2
1879        2858        1        2
1826        2884        1        2
1773        2910        1        2
1720        2937        1        2
1693        2937        1        2
1667        2963        1        2
1640        2963        1        2
1614        2990        1        2
1614        2963        1        2
1640        2963        1        2
1667        2963        1        2
1720        2963        1        2
1746        2963        1        2
1773        2963        1        2
1799        2963        1        2
1852        2963        1        2
1879        2990        1        2
1905        3016        1        2
1931        3043        1        2
1958        3096        1        2
1958        3122        1        2
1984        3149        1        2
1984        3201        1        2
2011        3228        1        2
2011        3281        1        2
2011        3307        1        2
2011        3334        1        2
2011        3360        1        2
2011        3387        1        2
2011        3413        1        2
2011        3440        1        2
1984        3440        1        2
1984        3413        1        2
1984        3387        1        2
1984        3360        1        2
1984        3334        1        2
1984        3281        1        2
1984        3228        1        2
2011        3175        1        2
2011        3122        1        2
2037        3069        1        2
2064        2990        1        2
2064        2937        1        2
2090        2884        1        2
2117        2805        1        2
2143        2752        1        2
2170        2699        1        2
2196        2646        1        2
2196        2593        1        2
2223        2566        1        2
2249        2540        1        2
PEN_UP                  0
END_CHARACTER: SB
