CHARACTER_NAME: NGN
STROKE_COUNT: 3
  X           Y   STYLUS_STATE STROKE
PEN_DOWN
2011        1905        1        1
1984        1879        1        1
1958        1879        1        1
1931        1879        1        1
1905        1879        1        1
1879        1879        1        1
1879        1852        1        1
1852        1852        1        1
1852        1826        1        1
1826        1826        1        1
1826        1799        1        1
1799        1799        1        1
1799        1773        1        1
1799        1746        1        1
1773        1746        1        1
1773        1720        1        1
1773        1693        1        1
1773        1667        1        1
1773        1640        1        1
1773        1614        1        1
1799        1588        1        1
1799        1561        1        1
1826        1561        1        1
1826        1535        1        1
1852        1535        1        1
1852        1508        1        1
1879        1508        1        1
1905        1508        1        1
1905        1482        1        1
1931        1482        1        1
1958        1482        1        1
1984        1455        1        1
2011        1455        1        1
2037        1455        1        1
2064        1455        1        1
2090        1455        1        1
2117        1455        1        1
2143        1455        1        1
2143        1482        1        1
2170        1482        1        1
2196        1482        1        1
2223        1482        1        1
2223        1508        1        1
2249        1508        1        1
2275        1535        1        1
2302        1535        1        1
2328        1561        1        1
2355        1561        1        1
2355        1588        1        1
2381        1588        1        1
2381        1614        1        1
2408        1614        1        1
2408        1640        1        1
2434        1667        1        1
2461        1693        1        1
2461        1720        1        1
2487        1720        1        1
2487        1746        1        1
2514        1746        1        1
2514        1773        1        1
2514        1799        1        1
2514        1826        1        1
2514        1852        1        1
2514        1879        1        1
2514        1905        1        1
2487        1905        1        1
2487        1931        1        1
2461        1931        1        1
2461        1958        1        1
2461        1984        1        1
2434        1984        1        1
2434        2011        1        1
2408        2011        1        1
2408        2037        1        1
2381        2037        1        1
2381        2064        1        1
2355        2064        1        1
2355        2090        1        1
2328        2090        1        1
2328        2117        1        1
2302        2117        1        1
2275        2143        1        1
2249        2170        1        1
2223        2170        1        1
2223        2196        1        1
2196        2196        1        1
2196        2223        1        1
2170        2223        1        1
2143        2249        1        1
2117        2249        1        1
2090        2249        1        1
2090        2275        1        1
2064        2275        1        1
2064        2302        1        1
2037        2302        1        1
2011        2302        1        1
2011        2328        1        1
1984        2328        1        1
1958        2328        1        1
1931        2328        1        1
1931        2355        1        1
1905        2355        1        1
1879        2355        1        1
1852        2355        1        1
1826        2355        1        1
1799        2381        1        1
1773        2381        1        1
1773        2408        1        1
1746        2381        1        1
1746        2408        1        1
1720        2408        1        1
1720        2434        1        1
1693        2434        1        1
1693        2461        1        1
1667        2461        1        1
1667        2487        1        1
1640        2487        1        1
1614        2514        1        1
1614        2540        1        1
1588        2540        1        1
1588        2566        1        1
1561        2593        1        1
1561        2619        1        1
1561        2646        1        1
1561        2672        1        1
1561        2699        1        1
1561        2725        1        1
1588        2752        1        1
1588        2778        1        1
1588        2805        1        1
1614        2805        1        1
1614        2831        1        1
1614        2858        1        1
1640        2858        1        1
1640        2884        1        1
1667        2910        1        1
1693        2910        1        1
1693        2937        1        1
1720        2937        1        1
1720        2963        1        1
1746        2963        1        1
1773        2963        1        1
1773        2990        1        1
1799        2990        1        1
1826        2990        1        1
1826        3016        1        1
1852        3016        1        1
1879        3016        1        1
1905        3043        1        1
1931        3043        1        1
1958        3069        1        1
1984        3069        1        1
2011        3069        1        1
2037        3069        1        1
2037        3096        1        1
2064        3096        1        1
2090        3096        1        1
2117        3096        1        1
2143        3096        1        1
2170        3096        1        1
2196        3096        1        1
2223        3096        1        1
2249        3096        1        1
2275        3096        1        1
2302        3096        1        1
2328        3096        1        1
2355        3069        1        1
2381        3069        1        1
2408        3069        1        1
2434        3069        1        1
2461        3069        1        1
2461        3043        1        1
2487        3043        1        1
2514        3043        1        1
2540        3043        1        1
2566        3016        1        1
2593        3016        1        1
2619        3016        1        1
2619        2990        1        1
2646        2990        1        1
2646        2963        1        1
2672        2963        1        1
2699        2963        1        1
2699        2937        1        1
2725        2937        1        1
2752        2910        1        1
2778        2910        1        1
2778        2884        1        1
2805        2884        1        1
2805        2858        1        1
2831        2858        1        1
2831        2831        1        1
2858        2831        1        1
2884        2831        1        1
2910        2831        1        1
2937        2831        1        1
2963        2831        1        1
2963        2858        1        1
2990        2858        1        1
2990        2884        1        1
2990        2910        1        1
3016        2910        1        1
3016        2937        1        1
3016        2963        1        1
3016        2990        1        1
3016        3016        1        1
3016        3043        1        1
2990        3043        1        1
2990        3069        1        1
2990        3096        1        1
2963        3122        1        1
2963        3149        1        1
2937        3175        1        1
2910        3201        1        1
2884        3228        1        1
2858        3254        1        1
2831        3281        1        1
2805        3281        1        1
2778        3307        1        1
2752        3307        1        1
2725        3334        1        1
2699        3334        1        1
2672        3334        1        1
2646        3360        1        1
2619        3360        1        1
2593        3387        1        1
2566        3387        1        1
2514        3387        1        1
2487        3413        1        1
2461        3413        1        1
2434        3413        1        1
2408        3413        1        1
2355        3440        1        1
2328        3440        1        1
2275        3440        1        1
2249        3466        1        1
2196        3466        1        1
2170        3466        1        1
2117        3493        1        1
2090        3493        1        1
2037        3466        1        1
1984        3466        1        1
1958        3466        1        1
1905        3466        1        1
1852        3466        1        1
1826        3466        1        1
1773        3440        1        1
1746        3440        1        1
1720        3440        1        1
1667        3413        1        1
1640        3413        1        1
1614        3387        1        1
1561        3360        1        1
1535        3360        1        1
1508        3334        1        1
1455        3307        1        1
1429        3281        1        1
1402        3254        1        1
1376        3254        1        1
1349        3228        1        1
1323        3201        1        1
1296        3175        1        1
1270        3149        1        1
1217        3096        1        1
1191        3069        1        1
1164        3043        1        1
1164        2990        1        1
1138        2963        1        1
1138        2910        1        1
1138        2858        1        1
1138        2831        1        1
1138        2778        1        1
1164        2699        1        1
1164        2646        1        1
1191        2593        1        1
1191        2566        1        1
1191        2514        1        1
PEN_UP                  0
PEN_DOWN
2302        2328        1        2
2328        2328        1        2
2328        2302        1        2
2328        2275        1        2
2328        2249        1        2
2328        2223        1        2
2355        2196        1        2
2355        2170        1        2
2381        2143        1        2
2381        2117        1        2
2408        2117        1        2
2408        2090        1        2
2434        2090        1        2
2434        2064        1        2
2461        2037        1        2
2461        2011        1        2
2487        2011        1        2
2487        1984        1        2
2514        1984        1        2
2540        1958        1        2
2566        1958        1        2
2566        1931        1        2
2593        1931        1        2
2619        1905        1        2
2646        1905        1        2
2672        1879        1        2
2699        1879        1        2
2725        1879        1        2
2752        1879        1        2
2778        1879        1        2
2805        1879        1        2
2831        1905        1        2
2858        1905        1        2
2884        1905        1        2
2910        1931        1        2
2937        1931        1        2
2963        1931        1        2
2963        1958        1        2
2990        1958        1        2
3016        1984        1        2
3043        1984        1        2
3043        2011        1        2
3069        2011        1        2
3069        2037        1        2
3069        2064        1        2
3043        2090        1        2
3043        2117        1        2
3016        2117        1        2
3016        2143        1        2
2990        2170        1        2
2963        2196        1        2
2937        2196        1        2
2910        2223        1        2
2858        2223        1        2
2831        2249        1        2
2778        2249        1        2
2752        2275        1        2
2725        2275        1        2
2699        2275        1        2
2672        2275        1        2
2672        2302        1        2
2646        2302        1        2
2646        2275        1        2
2672        2249        1        2
2699        2223        1        2
2725        2223        1        2
2752        2196        1        2
2778        2196        1        2
2805        2170        1        2
2858        2170        1        2
2884        2170        1        2
2910        2143        1        2
2937        2143        1        2
2963        2143        1        2
2990        2143        1        2
3016        2143        1        2
3043        2143        1        2
3069        2143        1        2
3096        2143        1        2
3122        2170        1        2
3149        2170        1        2
3175        2170        1        2
3201        2196        1        2
3228        2196        1        2
3228        2223        1        2
3254        2223        1        2
3281        2249        1        2
3307        2275        1        2
3334        2302        1        2
3334        2328        1        2
3334        2355        1        2
3334        2381        1        2
3334        2408        1        2
3334        2434        1        2
3307        2461        1        2
3307        2487        1        2
3281        2514        1        2
3254        2540        1        2
3228        2566        1        2
3228        2593        1        2
3201        2593        1        2
3175        2593        1        2
3175        2619        1        2
3149        2619        1        2
3122        2646        1        2
3096        2646        1        2
3069        2672        1        2
3043        2672        1        2
3016        2672        1        2
3016        2699        1        2
2990        2699        1        2
2963        2699        1        2
2937        2725        1        2
2910        2725        1        2
2884        2725        1        2
2858        2725        1        2
2858        2752        1        2
2831        2752        1        2
2805        2752        1        2
2778        2752        1        2
2752        2752        1        2
2725        2752        1        2
2699        2752        1        2
2672        2752        1        2
2672        2725        1        2
2646        2725        1        2
2619        2725        1        2
2593        2725        1        2
2566        2725        1        2
2540        2699        1        2
2514        2699        1        2
2487        2699        1        2
2461        2699        1        2
2461        2672        1        2
2434        2672        1        2
2408        2672        1        2
2408        2646        1        2
2381        2646        1        2
2381        2619        1        2
2355        2593        1        2
2328        2566        1        2
2328        2540        1        2
2302        2514        1        2
2302        2487        1        2
2302        2461        1        2
2275        2434        1        2
2275        2408        1        2
2275        2381        1        2
2275        2355        1        2
2275        2328        1        2
2275        2302        1        2
2302        2275        1        2
2302        2249        1        2
2302        2223        1        2
PEN_DOWN
3360        2646        1        3
3334        2672        1        3
3334        2699        1        3
3334        2725        1        3
3307        2752        1        3
3307        2778        1        3
3307        2805        1        3
3281        2858        1        3
3281        2884        1        3
3281        2910        1        3
3281        2963        1        3
3281        3016        1        3
3281        3043        1        3
3254        3096        1        3
3254        3122        1        3
3228        3175        1        3
3228        3201        1        3
3228        3254        1        3
3228        3307        1        3
3228        3334        1        3
3228        3360        1        3
3228        3413        1        3
3228        3440        1        3
3228        3493        1        3
3254        3519        1        3
3281        3545        1        3
3307        3572        1        3
3334        3598        1        3
3360        3651        1        3
3387        3651        1        3
3413        3678        1        3
3440        3704        1        3
3466        3704        1        3
3493        3731        1        3
3519        3731        1        3
3545        3731        1        3
PEN_UP                  0
END_CHARACTER: NGN
