CHARACTER_NAME: BHR
STROKE_COUNT: 3
  X           Y   STYLUS_STATE STROKE
PEN_DOWN
1879        1984        1        1
1852        2011        1        1
1852        2037        1        1
1879        2064        1        1
1879        2090        1        1
1905        2090        1        1
1905        2117        1        1
1931        2143        1        1
1958        2143        1        1
1958        2170        1        1
1984        2170        1        1
2011        2196        1        1
2037        2196        1        1
2064        2196        1        1
2064        2223        1        1
2090        2223        1        1
2117        2223        1        1
2143        2249        1        1
2170        2249        1        1
2196        2249        1        1
2223        2249        1        1
2249        2223        1        1
2275        2223        1        1
2302        2223        1        1
2328        2223        1        1
2355        2196        1        1
2381        2196        1        1
2408        2196        1        1
2434        2170        1        1
2461        2170        1        1
2487        2143        1        1
2540        2143        1        1
2566        2117        1        1
2593        2117        1        1
2619        2090        1        1
2646        2064        1        1
2672        2064        1        1
2672        2037        1        1
2699        2037        1        1
2699        2011        1        1
2725        2011        1        1
2752        1984        1        1
2752        1958        1        1
2778        1958        1        1
2778        1931        1        1
2805        1905        1        1
2778        1879        1        1
2778        1852        1        1
2752        1826        1        1
2752        1799        1        1
2752        1826        1        1
2752        1852        1        1
2725        1852        1        1
2725        1879        1        1
2699        1905        1        1
2699        1931        1        1
2699        1958        1        1
2699        1984        1        1
2699        2011        1        1
2725        2037        1        1
2725        2064        1        1
2725        2090        1        1
2725        2117        1        1
2725        2143        1        1
2725        2170        1        1
2725        2196        1        1
2725        2223        1        1
2725        2249        1        1
2752        2275        1        1
2752        2328        1        1
2752        2355        1        1
2752        2381        1        1
2752        2434        1        1
2752        2461        1        1
2752        2514        1        1
2752        2566        1        1
2752        2593        1        1
2752        2646        1        1
2752        2699        1        1
2752        2725        1        1
2752        2752        1        1
2752        2805        1        1
2752        2831        1        1
2752        2858        1        1
2725        2884        1        1
2725        2937        1        1
2725        2963        1        1
2725        2990        1        1
2725        3016        1        1
2725        3043        1        1
2725        3069        1        1
2725        3096        1        1
2725        3122        1        1
2725        3149        1        1
2725        3175        1        1
2699        3175        1        1
2725        3201        1        1
2699        3201        1        1
2699        3228        1        1
2699        3201        1        1
2672        3201        1        1
2672        3175        1        1
2672        3149        1        1
2646        3149        1        1
2646        3122        1        1
2619        3096        1        1
2593        3069        1        1
2566        3016        1        1
2540        2990        1        1
2514        2963        1        1
2487        2910        1        1
2434        2884        1        1
2408        2858        1        1
2381        2831        1        1
2355        2805        1        1
2328        2805        1        1
2302        2778        1        1
2275        2778        1        1
2249        2752        1        1
2223        2752        1        1
2170        2752        1        1
2143        2752        1        1
2117        2778        1        1
2090        2778        1        1
2037        2778        1        1
2011        2805        1        1
1984        2805        1        1
1958        2831        1        1
1931        2831        1        1
1879        2858        1        1
1852        2884        1        1
1826        2910        1        1
1799        2937        1        1
1746        2963        1        1
1720        2990        1        1
1667        3016        1        1
1640        3043        1        1
1588        3069        1        1
1535        3096        1        1
1482        3122        1        1
1429        3149        1        1
1376        3149        1        1
1296        3175        1        1
1244        3201        1        1
1191        3201        1        1
1138        3201        1        1
1085        3228        1        1
1032        3201        1        1
 979        3201        1        1
 926        3175        1        1
 900        3149        1        1
 847        3122        1        1
 794        3069        1        1
 767        3016        1        1
 741        2937        1        1
 714        2884        1        1
 688        2805        1        1
 661        2725        1        1
 661        2672        1        1
 661        2593        1        1
 661        2514        1        1
 688        2434        1        1
 714        2381        1        1
 741        2355        1        1
 767        2328        1        1
PEN_UP                  0
PEN_DOWN
1931        2143        1        2
1931        2117        1        2
1905        2090        1        2
1879        2090        1        2
1879        2064        1        2
1852        2064        1        2
1852        2037        1        2
1852        2011        1        2
1852        1984        1        2
1879        1984        1        2
1879        1958        1        2
1879        1931        1        2
1905        1931        1        2
1905        1905        1        2
1905        1879        1        2
1931        1879        1        2
1931        1852        1        2
1958        1852        1        2
1958        1826        1        2
1984        1826        1        2
2011        1826        1        2
2037        1826        1        2
2064        1799        1        2
2090        1799        1        2
2090        1826        1        2
2117        1826        1        2
2117        1852        1        2
2143        1852        1        2
2143        1879        1        2
2143        1905        1        2
2143        1931        1        2
2143        1958        1        2
2117        1958        1        2
2117        1984        1        2
2090        2011        1        2
2090        2037        1        2
2064        2037        1        2
2064        2064        1        2
2064        2090        1        2
2037        2090        1        2
2037        2117        1        2
2011        2117        1        2
1984        2143        1        2
1958        2143        1        2
1931        2143        1        2
1905        2117        1        2
PEN_UP                  0
PEN_DOWN
2249        1720        1        3
2275        1720        1        3
2275        1693        1        3
2302        1693        1        3
2328        1693        1        3
2355        1693        1        3
2408        1693        1        3
2461        1693        1        3
2514        1667        1        3
2593        1667        1        3
2672        1667        1        3
2752        1667        1        3
2858        1667        1        3
2937        1667        1        3
3016        1667        1        3
3069        1667        1        3
3149        1667        1        3
3201        1640        1        3
3228        1640        1        3
3281        1640        1        3
3307        1640        1        3
3334        1640        1        3
3360        1640        1        3
3360        1667        1        3
END_CHARACTER: BHR
