CHARACTER_NAME: BB
STROKE_COUNT: 3
  X           Y   STYLUS_STATE STROKE
PEN_DOWN
 979        1085        1        1
1005        1085        1        1
1005        1111        1        1
1032        1111        1        1
1058        1111        1        1
1085        1111        1        1
1138        1111        1        1
1191        1111        1        1
1270        1111        1        1
1376        1111        1        1
1482        1111        1        1
1588        1111        1        1
1720        1111        1        1
1826        1111        1        1
1958        1111        1        1
2064        1111        1        1
2170        1111        1        1
2249        1138        1        1
2355        1138        1        1
2434        1138        1        1
2514        1138        1        1
2593        1138        1        1
2646        1164        1        1
2699        1164        1        1
2725        1164        1        1
2778        1164        1        1
2805        1164        1        1
2831        1164        1        1
2805        1164        1        1
2778        1191        1        1
2752        1191        1        1
PEN_UP                  0
PEN_DOWN
2434        1164        1        2
2408        1164        1        2
2381        1164        1        2
2381        1191        1        2
2355        1191        1        2
2355        1217        1        2
2328        1244        1        2
2302        1244        1        2
2275        1270        1        2
2249        1296        1        2
2223        1349        1        2
2170        1376        1        2
2143        1402        1        2
2090        1455        1        2
2037        1482        1        2
1984        1508        1        2
1958        1535        1        2
1905        1561        1        2
1852        1588        1        2
1799        1614        1        2
1746        1640        1        2
1720        1667        1        2
1667        1693        1        2
1640        1693        1        2
1614        1720        1        2
1588        1746        1        2
1561        1746        1        2
1535        1773        1        2
1508        1773        1        2
1535        1773        1        2
1561        1773        1        2
1588        1773        1        2
1640        1773        1        2
1667        1773        1        2
1720        1799        1        2
1773        1799        1        2
1826        1799        1        2
1852        1826        1        2
1905        1852        1        2
1958        1852        1        2
2011        1879        1        2
2037        1905        1        2
2090        1958        1        2
2117        1984        1        2
2170        2011        1        2
2196        2037        1        2
2223        2090        1        2
2249        2117        1        2
2302        2143        1        2
2302        2170        1        2
2328        2196        1        2
2355        2223        1        2
2355        2249        1        2
2381        2249        1        2
2381        2275        1        2
2408        2275        1        2
2408        2302        1        2
2434        2302        1        2
2434        2328        1        2
2434        2302        1        2
2434        2275        1        2
2434        2249        1        2
2434        2196        1        2
2461        2170        1        2
2461        2117        1        2
2461        2037        1        2
2461        1984        1        2
2461        1931        1        2
2461        1852        1        2
2461        1799        1        2
2461        1720        1        2
2461        1667        1        2
2461        1588        1        2
2461        1535        1        2
2461        1482        1        2
2461        1429        1        2
2461        1402        1        2
2461        1349        1        2
2461        1323        1        2
2461        1296        1        2
2461        1270        1        2
2461        1244        1        2
2461        1217        1        2
2461        1244        1        2
PEN_UP                  0
PEN_DOWN
1905        1164        1        3
1905        1138        1        3
1879        1138        1        3
1879        1164        1        3
1852        1164        1        3
1852        1191        1        3
1826        1191        1        3
1799        1191        1        3
1773        1217        1        3
1773        1244        1        3
1746        1244        1        3
1720        1270        1        3
1693        1296        1        3
1667        1323        1        3
1640        1349        1        3
1614        1376        1        3
1588        1402        1        3
1561        1402        1        3
1535        1402        1        3
1561        1429        1        3
1588        1429        1        3
1614        1429        1        3
1614        1455        1        3
1640        1455        1        3
1667        1455        1        3
1693        1482        1        3
1720        1482        1        3
1746        1482        1        3
1746        1508        1        3
1773        1508        1        3
1799        1508        1        3
1826        1508        1        3
1826        1535        1        3
1852        1535        1        3
1852        1561        1        3
1879        1561        1        3
1905        1561        1        3
1905        1588        1        3
1931        1588        1        3
1958        1588        1        3
1958        1614        1        3
1984        1614        1        3
PEN_UP                  0
END_CHARACTER: BB
