CHARACTER_NAME: GHR
STROKE_COUNT: 3
  X           Y   STYLUS_STATE STROKE
PEN_DOWN
2117        1244        1        1
2090        1244        1        1
2064        1244        1        1
2037        1244        1        1
1984        1270        1        1
1958        1270        1        1
1931        1270        1        1
1879        1296        1        1
1826        1323        1        1
1746        1349        1        1
1693        1376        1        1
1614        1402        1        1
1561        1455        1        1
1508        1482        1        1
1455        1535        1        1
1429        1561        1        1
1402        1588        1        1
1376        1640        1        1
1376        1667        1        1
1402        1693        1        1
1429        1720        1        1
1455        1720        1        1
1508        1746        1        1
1561        1746        1        1
1614        1746        1        1
1693        1746        1        1
1773        1720        1        1
1826        1693        1        1
1905        1693        1        1
1958        1667        1        1
2011        1667        1        1
2037        1640        1        1
2064        1640        1        1
2090        1640        1        1
2117        1640        1        1
2117        1667        1        1
2117        1693        1        1
2117        1720        1        1
2090        1746        1        1
2064        1773        1        1
2064        1799        1        1
2011        1852        1        1
1984        1879        1        1
1931        1931        1        1
1879        1958        1        1
1826        1984        1        1
1773        2011        1        1
1746        2037        1        1
1720        2064        1        1
1667        2064        1        1
1640        2090        1        1
1640        2064        1        1
1667        2064        1        1
1693        2037        1        1
1746        2037        1        1
1799        2011        1        1
1852        2011        1        1
1879        2011        1        1
1931        1984        1        1
1984        2011        1        1
2037        2011        1        1
2064        2037        1        1
2090        2064        1        1
2143        2090        1        1
2170        2143        1        1
2196        2196        1        1
2196        2249        1        1
2223        2302        1        1
2249        2355        1        1
2275        2381        1        1
2275        2434        1        1
2302        2461        1        1
2302        2487        1        1
2302        2514        1        1
2328        2514        1        1
2355        2487        1        1
2355        2434        1        1
2355        2381        1        1
2381        2328        1        1
2381        2275        1        1
2408        2196        1        1
2408        2117        1        1
2434        2037        1        1
2434        1931        1        1
2461        1852        1        1
2461        1773        1        1
2461        1667        1        1
2487        1588        1        1
2487        1508        1        1
2487        1402        1        1
2487        1323        1        1
2514        1244        1        1
2514        1191        1        1
2514        1138        1        1
2514        1085        1        1
2514        1058        1        1
2540        1032        1        1
2540        1005        1        1
2540         979        1        1
2540         953        1        1
2540         979        1        1
2514        1005        1        1
2514        1032        1        1
PEN_UP                  0
PEN_DOWN
1826        1164        1        2
1852        1164        1        2
1879        1164        1        2
1905        1164        1        2
1958        1164        1        2
1984        1164        1        2
2064        1164        1        2
2117        1164        1        2
2196        1164        1        2
2275        1164        1        2
2355        1191        1        2
2434        1191        1        2
2514        1191        1        2
2593        1191        1        2
2646        1217        1        2
2699        1217        1        2
2752        1217        1        2
2778        1217        1        2
2805        1244        1        2
2831        1244        1        2
2858        1244        1        2
2884        1244        1        2
PEN_UP                  0
PEN_DOWN
2408        2593        1        3
2408        2619        1        3
2408        2646        1        3
2381        2619        1        3
2381        2593        1        3
2355        2593        1        3
2355        2566        1        3
2328        2540        1        3
2328        2514        1        3
2302        2514        1        3
2302        2487        1        3
2275        2487        1        3
2275        2461        1        3
2249        2461        1        3
2223        2461        1        3
2196        2461        1        3
2170        2487        1        3
2143        2487        1        3
2117        2487        1        3
2090        2487        1        3
2064        2514        1        3
2011        2514        1        3
1984        2514        1        3
1958        2540        1        3
1931        2540        1        3
1905        2540        1        3
1879        2540        1        3
1852        2566        1        3
1826        2566        1        3
1799        2566        1        3
1773        2593        1        3
1746        2593        1        3
1720        2593        1        3
1693        2619        1        3
1667        2619        1        3
1640        2619        1        3
1588        2619        1        3
1561        2646        1        3
1535        2646        1        3
1508        2646        1        3
1482        2646        1        3
1429        2672        1        3
1402        2672        1        3
1376        2672        1        3
1349        2672        1        3
1323        2672        1        3
1296        2672        1        3
1270        2672        1        3
1244        2672        1        3
1217        2672        1        3
1191        2672        1        3
1164        2672        1        3
1164        2646        1        3
1138        2646        1        3
1111        2619        1        3
1085        2593        1        3
1058        2593        1        3
1058        2540        1        3
1032        2514        1        3
1005        2487        1        3
 979        2461        1        3
 979        2434        1        3
 953        2381        1        3
 953        2355        1        3
 953        2302        1        3
 953        2275        1        3
 953        2249        1        3
 953        2196        1        3
 953        2170        1        3
 953        2143        1        3
 953        2117        1        3
 953        2090        1        3
 953        2064        1        3
 979        2037        1        3
PEN_UP                  0
END_CHARACTER: GHR
