CHARACTER_NAME: PAC
STROKE_COUNT: 1
  X           Y   STYLUS_STATE STROKE
PEN_DOWN
2434        1588        1        1
2408        1614        1        1
2381        1614        1        1
2355        1640        1        1
2328        1693        1        1
2302        1720        1        1
2275        1746        1        1
2249        1799        1        1
2223        1826        1        1
2196        1879        1        1
2143        1931        1        1
2117        1984        1        1
2090        2011        1        1
2064        2037        1        1
2064        2090        1        1
2037        2090        1        1
2037        2117        1        1
2011        2143        1        1
2037        2117        1        1
2037        2090        1        1
2064        2090        1        1
2064        2064        1        1
2064        2037        1        1
2090        2011        1        1
2117        2011        1        1
2117        1984        1        1
2143        1984        1        1
2143        1958        1        1
2170        1958        1        1
2196        1958        1        1
2223        1984        1        1
2249        1984        1        1
2275        1984        1        1
2328        2011        1        1
2355        2011        1        1
2381        2037        1        1
2434        2064        1        1
2461        2090        1        1
2461        2117        1        1
2487        2143        1        1
2514        2170        1        1
2514        2196        1        1
2514        2223        1        1
2514        2249        1        1
2514        2302        1        1
2514        2328        1        1
2514        2355        1        1
2514        2381        1        1
2487        2434        1        1
2487        2461        1        1
2461        2487        1        1
2434        2540        1        1
2434        2566        1        1
2408        2593        1        1
2355        2646        1        1
2328        2672        1        1
2302        2699        1        1
2275        2725        1        1
2223        2752        1        1
2196        2778        1        1
2143        2805        1        1
2090        2805        1        1
2037        2831        1        1
1984        2831        1        1
1958        2858        1        1
1905        2858        1        1
1852        2831        1        1
1799        2831        1        1
1746        2831        1        1
1693        2805        1        1
1667        2778        1        1
1614        2752        1        1
1588        2725        1        1
1535        2672        1        1
1508        2646        1        1
1482        2593        1        1
1455        2540        1        1
1429        2461        1        1
1429        2408        1        1
1402        2328        1        1
1402        2275        1        1
1402        2196        1        1
1429        2117        1        1
1429        2064        1        1
1429        1984        1        1
1455        1931        1        1
1482        1879        1        1
1482        1826        1        1
1508        1799        1        1
1508        1746        1        1
1535        1720        1        1
1561        1693        1        1
1561        1667        1        1
1588        1640        1        1
1614        1614        1        1
1640        1588        1        1
1667        1588        1        1
1667        1561        1        1
1693        1561        1        1
1720        1535        1        1
1720        1508        1        1
1746        1508        1        1
1746        1482        1        1
1773        1482        1        1
1773        1455        1        1
1773        1482        1        1
1773        1508        1        1
1799        1508        1        1
1799        1535        1        1
1826        1561        1        1
1852        1561        1        1
1852        1588        1        1
1879        1588        1        1
1879        1614        1        1
1905        1614        1        1
1905        1640        1        1
1931        1640        1        1
1958        1640        1        1
1958        1667        1        1
1984        1667        1        1
2011        1667        1        1
2037        1667        1        1
2064        1693        1        1
2090        1693        1        1
2117        1693        1        1
2143        1693        1        1
2170        1693        1        1
2196        1693        1        1
2223        1693        1        1
2249        1693        1        1
2275        1693        1        1
2302        1693        1        1
2328        1667        1        1
2355        1667        1        1
2381        1667        1        1
2408        1640        1        1
2434        1640        1        1
2461        1640        1        1
2487        1614        1        1
2487        1640        1        1
2514        1640        1        1
2514        1614        1        1
PEN_UP                  0
END_CHARACTER: PAC
