CHARACTER_NAME: AA
STROKE_COUNT: 5
  X           Y   STYLUS_STATE STROKE
PEN_DOWN
2408        2249        1        1
2408        2275        1        1
2381        2275        1        1
2381        2249        1        1
2381        2223        1        1
2355        2223        1        1
2381        2223        1        1
2381        2196        1        1
2381        2170        1        1
2408        2170        1        1
2434        2170        1        1
2461        2170        1        1
2461        2196        1        1
2487        2196        1        1
2514        2223        1        1
2540        2249        1        1
2566        2302        1        1
2593        2355        1        1
2619        2434        1        1
2619        2514        1        1
2646        2593        1        1
2646        2672        1        1
2646        2752        1        1
2646        2858        1        1
2619        2937        1        1
2593        3016        1        1
2566        3096        1        1
2540        3175        1        1
2487        3228        1        1
2434        3307        1        1
2381        3360        1        1
2328        3413        1        1
2249        3466        1        1
2196        3493        1        1
2143        3493        1        1
2064        3519        1        1
2011        3519        1        1
1931        3519        1        1
1879        3493        1        1
1826        3466        1        1
1773        3413        1        1
1720        3360        1        1
1667        3307        1        1
1640        3254        1        1
1588        3149        1        1
1561        3069        1        1
1561        2963        1        1
1535        2831        1        1
1535        2699        1        1
1535        2593        1        1
1561        2461        1        1
1561        2328        1        1
1588        2223        1        1
1640        2117        1        1
1667        2037        1        1
1693        1958        1        1
1746        1879        1        1
1773        1799        1        1
1799        1773        1        1
1826        1720        1        1
1852        1693        1        1
1852        1667        1        1
1879        1640        1        1
1905        1640        1        1
1931        1640        1        1
1958        1640        1        1
1984        1640        1        1
2011        1640        1        1
2037        1640        1        1
PEN_UP                  0
PEN_DOWN
2593        3016        1        2
2593        3043        1        2
2619        3043        1        2
2619        3069        1        2
2646        3096        1        2
2646        3122        1        2
2672        3149        1        2
2699        3201        1        2
2699        3228        1        2
2725        3254        1        2
2725        3281        1        2
2752        3307        1        2
2752        3334        1        2
2752        3387        1        2
2778        3413        1        2
2778        3466        1        2
2805        3493        1        2
2805        3545        1        2
2831        3572        1        2
2858        3625        1        2
2858        3651        1        2
2858        3678        1        2
2884        3704        1        2
2884        3731        1        2
2884        3757        1        2
2910        3757        1        2
2910        3731        1        2
2910        3704        1        2
2910        3678        1        2
2937        3651        1        2
2937        3598        1        2
2937        3545        1        2
2937        3493        1        2
2963        3440        1        2
2963        3360        1        2
2963        3307        1        2
2963        3254        1        2
2990        3175        1        2
2990        3096        1        2
2990        3043        1        2
3016        2963        1        2
3016        2884        1        2
3016        2805        1        2
3016        2725        1        2
3043        2646        1        2
3043        2593        1        2
3043        2514        1        2
3043        2461        1        2
3043        2408        1        2
3043        2355        1        2
3043        2302        1        2
3043        2275        1        2
3043        2223        1        2
3043        2196        1        2
3069        2170        1        2
3069        2143        1        2
3069        2117        1        2
3069        2090        1        2
3069        2064        1        2
3069        2037        1        2
PEN_UP                  0
PEN_DOWN
2328        2037        1        3
2355        2037        1        3
2381        2037        1        3
2408        2011        1        3
2434        2011        1        3
2461        2011        1        3
2487        2011        1        3
2487        2037        1        3
2514        2037        1        3
2540        2037        1        3
2566        2037        1        3
2593        2037        1        3
2619        2037        1        3
2646        2037        1        3
2672        2037        1        3
2699        2037        1        3
2725        2037        1        3
2752        2037        1        3
2778        2037        1        3
2805        2037        1        3
2831        2037        1        3
2858        2037        1        3
2884        2011        1        3
2910        2011        1        3
2937        2011        1        3
2963        2011        1        3
2990        2011        1        3
3016        2011        1        3
3043        2011        1        3
3069        2011        1        3
3096        2011        1        3
3122        2011        1        3
3149        2011        1        3
3175        2011        1        3
3228        2011        1        3
3254        2011        1        3
3281        2011        1        3
3307        2011        1        3
3307        1984        1        3
3334        1984        1        3
3360        1984        1        3
3387        1984        1        3
3413        1984        1        3
3440        1984        1        3
3466        1984        1        3
3493        1984        1        3
3519        1984        1        3
3545        1984        1        3
3572        1984        1        3
3598        1984        1        3
3625        1984        1        3
3651        1984        1        3
3678        1984        1        3
3704        1984        1        3
3731        1958        1        3
3757        1958        1        3
3784        1958        1        3
3810        1958        1        3
3836        1958        1        3
3836        1931        1        3
3863        1931        1        3
3889        1931        1        3
3889        1905        1        3
PEN_UP                  0
PEN_DOWN
3466        2037        1        4
3466        2064        1        4
3466        2090        1        4
3466        2117        1        4
3440        2143        1        4
3440        2170        1        4
3440        2196        1        4
3440        2223        1        4
3440        2249        1        4
3413        2275        1        4
3413        2302        1        4
3413        2328        1        4
3413        2355        1        4
3413        2381        1        4
3387        2381        1        4
3413        2408        1        4
3413        2434        1        4
3387        2434        1        4
3387        2461        1        4
3387        2487        1        4
3387        2514        1        4
3387        2540        1        4
3387        2566        1        4
3387        2593        1        4
3387        2619        1        4
3360        2646        1        4
3360        2672        1        4
3360        2699        1        4
3360        2725        1        4
3360        2752        1        4
3360        2778        1        4
3360        2805        1        4
3360        2831        1        4
3360        2858        1        4
3360        2884        1        4
3360        2910        1        4
3360        2937        1        4
3360        2963        1        4
3360        2990        1        4
3360        3016        1        4
3360        3043        1        4
3360        3069        1        4
3360        3096        1        4
3334        3122        1        4
3360        3122        1        4
3360        3149        1        4
3360        3175        1        4
3360        3201        1        4
3360        3228        1        4
3360        3254        1        4
3360        3281        1        4
3360        3307        1        4
3360        3334        1        4
3360        3360        1        4
3360        3387        1        4
3360        3413        1        4
3360        3440        1        4
3360        3466        1        4
3360        3493        1        4
3360        3519        1        4
3360        3545        1        4
3334        3572        1        4
3334        3598        1        4
3334        3625        1        4
3334        3651        1        4
3334        3678        1        4
3334        3704        1        4
3334        3731        1        4
3334        3757        1        4
3334        3784        1        4
3334        3810        1        4
3334        3836        1        4
3334        3863        1        4
3334        3889        1        4
3334        3916        1        4
3334        3942        1        4
3334        3969        1        4
3334        3942        1        4
3334        3916        1        4
3334        3889        1        4
3334        3863        1        4
PEN_UP                  0
PEN_DOWN
3201        2143        1        5
3175        2143        1        5
3201        2170        1        5
3228        2196        1        5
3254        2196        1        5
3254        2223        1        5
3281        2223        1        5
3307        2249        1        5
3334        2249        1        5
3360        2249        1        5
3334        2275        1        5
3360        2275        1        5
3387        2275        1        5
3387        2302        1        5
3413        2302        1        5
3413        2328        1        5
3440        2328        1        5
3440        2355        1        5
3466        2355        1        5
3493        2381        1        5
3466        2355        1        5
PEN_UP                  0
END_CHARACTER: AA
