CHARACTER_NAME: TA
STROKE_COUNT: 2
  X           Y   STYLUS_STATE STROKE
PEN_DOWN
1376        2011        1        1
1402        2011        1        1
1429        1984        1        1
1455        1984        1        1
1535        1984        1        1
1588        1984        1        1
1693        1984        1        1
1773        1984        1        1
1879        1984        1        1
1984        1984        1        1
2090        1984        1        1
2170        1984        1        1
2249        1984        1        1
2355        1984        1        1
2434        1984        1        1
2540        1984        1        1
2646        1984        1        1
2752        1984        1        1
2858        1984        1        1
2963        1984        1        1
3069        1984        1        1
3175        1984        1        1
3228        1984        1        1
3281        1984        1        1
3334        1984        1        1
3360        1984        1        1
3334        1984        1        1
PEN_UP                  0
PEN_DOWN
2540        2355        1        2
2514        2355        1        2
2487        2381        1        2
2461        2381        1        2
2434        2381        1        2
2408        2381        1        2
2381        2381        1        2
2381        2355        1        2
2355        2355        1        2
2355        2328        1        2
2328        2302        1        2
2355        2275        1        2
2355        2249        1        2
2381        2223        1        2
2408        2223        1        2
2434        2196        1        2
2461        2196        1        2
2487        2170        1        2
2514        2170        1        2
2540        2170        1        2
2566        2143        1        2
2593        2143        1        2
2619        2143        1        2
2646        2143        1        2
2672        2143        1        2
2699        2143        1        2
2725        2143        1        2
2778        2143        1        2
2805        2143        1        2
2831        2143        1        2
2858        2143        1        2
2884        2143        1        2
2910        2143        1        2
2937        2170        1        2
2963        2170        1        2
2990        2196        1        2
3016        2196        1        2
3043        2196        1        2
3069        2223        1        2
3096        2223        1        2
3122        2249        1        2
3122        2275        1        2
3149        2275        1        2
3175        2302        1        2
3201        2328        1        2
3228        2355        1        2
3228        2381        1        2
3254        2434        1        2
3254        2461        1        2
3281        2514        1        2
3281        2540        1        2
3281        2593        1        2
3307        2619        1        2
3307        2672        1        2
3307        2699        1        2
3307        2752        1        2
3307        2778        1        2
3281        2831        1        2
3281        2884        1        2
3254        2910        1        2
3254        2963        1        2
3254        2990        1        2
3228        3043        1        2
3228        3069        1        2
3201        3122        1        2
3175        3149        1        2
3149        3175        1        2
3096        3228        1        2
3043        3254        1        2
2990        3281        1        2
2937        3307        1        2
2858        3334        1        2
2805        3360        1        2
2752        3387        1        2
2672        3413        1        2
2619        3440        1        2
2540        3440        1        2
2487        3466        1        2
2408        3466        1        2
2355        3466        1        2
2302        3466        1        2
2249        3466        1        2
2196        3466        1        2
2143        3440        1        2
2117        3440        1        2
2064        3413        1        2
2037        3387        1        2
2011        3387        1        2
1958        3360        1        2
1931        3334        1        2
1905        3307        1        2
1879        3281        1        2
1852        3254        1        2
1826        3201        1        2
1799        3175        1        2
1799        3149        1        2
1773        3122        1        2
1746        3069        1        2
1746        3043        1        2
1720        3016        1        2
1720        2963        1        2
1693        2937        1        2
1693        2910        1        2
1667        2858        1        2
1667        2831        1        2
1667        2805        1        2
1640        2752        1        2
1640        2725        1        2
1640        2699        1        2
1614        2646        1        2
1614        2619        1        2
1614        2566        1        2
1614        2540        1        2
1614        2487        1        2
1614        2461        1        2
1614        2434        1        2
1640        2408        1        2
1640        2381        1        2
1640        2355        1        2
1640        2328        1        2
1640        2302        1        2
1667        2275        1        2
1667        2249        1        2
1667        2223        1        2
1667        2196        1        2
1693        2196        1        2
PEN_UP                  0
END_CHARACTER: TA
