CHARACTER_NAME: BA
STROKE_COUNT: 2
  X           Y   STYLUS_STATE STROKE
PEN_DOWN
1164        1429        1        1
1138        1429        1        1
1164        1429        1        1
1191        1455        1        1
1217        1455        1        1
1270        1455        1        1
1323        1455        1        1
1402        1455        1        1
1482        1455        1        1
1588        1455        1        1
1693        1455        1        1
1773        1455        1        1
1852        1482        1        1
1931        1482        1        1
2011        1482        1        1
2090        1482        1        1
2170        1482        1        1
2249        1508        1        1
2328        1508        1        1
2408        1508        1        1
2461        1508        1        1
2514        1508        1        1
2566        1508        1        1
2619        1508        1        1
2646        1508        1        1
2672        1508        1        1
2699        1508        1        1
2672        1508        1        1
2646        1508        1        1
2619        1508        1        1
2593        1508        1        1
PEN_UP                  0
PEN_DOWN
2196        1561        1        2
2170        1561        1        2
2143        1561        1        2
2117        1561        1        2
2117        1588        1        2
2090        1588        1        2
2064        1614        1        2
2037        1614        1        2
2011        1640        1        2
1984        1640        1        2
1984        1667        1        2
1958        1667        1        2
1931        1693        1        2
1905        1720        1        2
1879        1746        1        2
1852        1773        1        2
1826        1799        1        2
1773        1852        1        2
1746        1879        1        2
1693        1905        1        2
1640        1958        1        2
1588        1984        1        2
1508        2037        1        2
1455        2064        1        2
1376        2090        1        2
1323        2117        1        2
1270        2143        1        2
1244        2170        1        2
1191        2196        1        2
1164        2196        1        2
1164        2223        1        2
1138        2223        1        2
1111        2249        1        2
1085        2249        1        2
1085        2275        1        2
1058        2302        1        2
1032        2302        1        2
1005        2328        1        2
 979        2355        1        2
1005        2355        1        2
1032        2355        1        2
1058        2355        1        2
1085        2355        1        2
1111        2328        1        2
1138        2328        1        2
1191        2328        1        2
1217        2328        1        2
1270        2355        1        2
1323        2355        1        2
1376        2355        1        2
1429        2355        1        2
1482        2381        1        2
1535        2381        1        2
1588        2408        1        2
1640        2434        1        2
1693        2461        1        2
1720        2487        1        2
1773        2540        1        2
1799        2566        1        2
1826        2619        1        2
1879        2646        1        2
1905        2672        1        2
1931        2725        1        2
1984        2752        1        2
2011        2778        1        2
2064        2805        1        2
2090        2831        1        2
2117        2831        1        2
2117        2858        1        2
2143        2884        1        2
2170        2910        1        2
2170        2937        1        2
2196        2937        1        2
2196        2963        1        2
2223        2990        1        2
2249        3016        1        2
2249        3043        1        2
2275        3069        1        2
2275        3096        1        2
2302        3096        1        2
2302        3122        1        2
2328        3149        1        2
2328        3175        1        2
2328        3149        1        2
2328        3122        1        2
2328        3096        1        2
2328        3069        1        2
2302        3043        1        2
2302        3016        1        2
2302        2990        1        2
2328        2937        1        2
2328        2910        1        2
2328        2858        1        2
2328        2831        1        2
2328        2778        1        2
2328        2725        1        2
2328        2699        1        2
2328        2646        1        2
2328        2593        1        2
2328        2566        1        2
2328        2514        1        2
2328        2487        1        2
2328        2434        1        2
2328        2408        1        2
2328        2381        1        2
2328        2355        1        2
2328        2328        1        2
2328        2302        1        2
2328        2275        1        2
2328        2249        1        2
2328        2223        1        2
2328        2196        1        2
2328        2170        1        2
2328        2143        1        2
2328        2117        1        2
2328        2090        1        2
2328        2064        1        2
2328        2037        1        2
2328        2011        1        2
2328        1984        1        2
2328        1958        1        2
2328        1931        1        2
2328        1905        1        2
2328        1879        1        2
2328        1852        1        2
2328        1826        1        2
2302        1826        1        2
2302        1799        1        2
2302        1773        1        2
2302        1746        1        2
2302        1720        1        2
2302        1693        1        2
2302        1667        1        2
2302        1640        1        2
2302        1614        1        2
2302        1588        1        2
2302        1561        1        2
2302        1535        1        2
2302        1508        1        2
2302        1482        1        2
PEN_UP                  0
END_CHARACTER: BA
