CHARACTER_NAME: GL
STROKE_COUNT: 3
  X           Y   STYLUS_STATE STROKE
PEN_DOWN
1005        1402        1        1
1005        1429        1        1
1032        1429        1        1
1058        1429        1        1
1085        1429        1        1
1111        1429        1        1
1138        1429        1        1
1164        1429        1        1
1191        1429        1        1
1217        1402        1        1
1244        1402        1        1
1270        1402        1        1
1323        1402        1        1
1349        1376        1        1
1376        1376        1        1
1402        1376        1        1
1429        1376        1        1
1455        1349        1        1
1482        1349        1        1
1535        1349        1        1
1588        1349        1        1
1640        1349        1        1
1720        1349        1        1
1773        1349        1        1
1826        1376        1        1
1879        1376        1        1
1931        1402        1        1
1958        1429        1        1
1984        1455        1        1
2011        1455        1        1
2011        1482        1        1
2037        1508        1        1
2037        1561        1        1
2037        1588        1        1
2037        1614        1        1
2011        1667        1        1
2011        1693        1        1
1984        1746        1        1
1958        1773        1        1
1931        1826        1        1
1879        1852        1        1
1826        1879        1        1
1773        1931        1        1
1720        1958        1        1
1667        1984        1        1
1614        2011        1        1
1561        2037        1        1
1508        2037        1        1
1482        2064        1        1
1455        2064        1        1
1429        2090        1        1
1402        2090        1        1
1429        2090        1        1
1429        2064        1        1
1429        2090        1        1
PEN_UP                  0
PEN_DOWN
1429        1429        1        2
1429        1402        1        2
1429        1376        1        2
1455        1376        1        2
1455        1349        1        2
1455        1323        1        2
1482        1296        1        2
1482        1270        1        2
1508        1270        1        2
1508        1244        1        2
1508        1217        1        2
1535        1217        1        2
1535        1191        1        2
1561        1191        1        2
1561        1164        1        2
1588        1138        1        2
1640        1138        1        2
1667        1111        1        2
1693        1111        1        2
1720        1085        1        2
1746        1085        1        2
1773        1085        1        2
1799        1058        1        2
1826        1058        1        2
1879        1058        1        2
1905        1058        1        2
1958        1058        1        2
2011        1058        1        2
2037        1058        1        2
2064        1058        1        2
2117        1085        1        2
2143        1085        1        2
2170        1085        1        2
2196        1085        1        2
2223        1111        1        2
2249        1138        1        2
2275        1164        1        2
2302        1191        1        2
2328        1217        1        2
2328        1244        1        2
2355        1270        1        2
2381        1296        1        2
2381        1323        1        2
2408        1376        1        2
2408        1402        1        2
2434        1429        1        2
2434        1455        1        2
2461        1482        1        2
2487        1508        1        2
2487        1535        1        2
2514        1561        1        2
2514        1588        1        2
2540        1588        1        2
2540        1614        1        2
2566        1640        1        2
2540        1614        1        2
PEN_UP                  0
PEN_DOWN
2646        1005        1        3
2619        1005        1        3
2619        1032        1        3
2619        1058        1        3
2619        1085        1        3
2619        1111        1        3
2619        1138        1        3
2619        1191        1        3
2619        1244        1        3
2619        1296        1        3
2619        1349        1        3
2619        1429        1        3
2593        1508        1        3
2593        1561        1        3
2593        1640        1        3
2566        1720        1        3
2566        1799        1        3
2540        1852        1        3
2540        1931        1        3
2514        2011        1        3
2514        2064        1        3
2514        2143        1        3
2487        2223        1        3
2487        2302        1        3
2487        2381        1        3
2461        2461        1        3
2461        2514        1        3
2461        2566        1        3
2434        2619        1        3
2434        2646        1        3
2434        2672        1        3
2434        2699        1        3
2434        2725        1        3
2434        2752        1        3
2461        2752        1        3
2461        2725        1        3
2461        2699        1        3
2487        2699        1        3
2461        2699        1        3
2487        2699        1        3
2487        2672        1        3
2487        2646        1        3
2487        2619        1        3
2487        2566        1        3
2487        2540        1        3
2487        2487        1        3
2461        2434        1        3
2461        2408        1        3
2461        2355        1        3
2434        2328        1        3
2434        2302        1        3
2408        2275        1        3
2408        2249        1        3
2408        2223        1        3
2381        2223        1        3
2381        2196        1        3
2355        2196        1        3
2355        2170        1        3
2328        2170        1        3
2302        2170        1        3
2275        2170        1        3
2249        2170        1        3
2223        2170        1        3
2223        2196        1        3
2196        2196        1        3
2196        2223        1        3
2170        2249        1        3
2170        2275        1        3
2170        2302        1        3
2143        2328        1        3
2143        2355        1        3
2143        2381        1        3
2117        2408        1        3
2117        2461        1        3
2117        2487        1        3
2117        2514        1        3
2090        2540        1        3
2090        2566        1        3
2090        2593        1        3
2064        2593        1        3
2064        2566        1        3
2064        2540        1        3
2064        2514        1        3
2037        2487        1        3
2037        2461        1        3
2011        2434        1        3
1984        2381        1        3
1958        2355        1        3
1931        2328        1        3
1905        2328        1        3
1879        2302        1        3
1852        2275        1        3
1826        2275        1        3
1773        2249        1        3
1746        2249        1        3
1720        2249        1        3
1693        2223        1        3
1667        2223        1        3
1640        2249        1        3
1614        2249        1        3
1588        2249        1        3
1561        2249        1        3
1561        2275        1        3
1535        2302        1        3
1508        2328        1        3
1482        2355        1        3
1482        2408        1        3
1455        2461        1        3
1429        2487        1        3
1402        2540        1        3
1376        2593        1        3
1376        2619        1        3
1376        2672        1        3
1376        2699        1        3
1402        2752        1        3
1402        2778        1        3
1402        2805        1        3
1429        2831        1        3
1455        2831        1        3
1482        2858        1        3
1508        2858        1        3
1508        2884        1        3
1535        2884        1        3
1561        2884        1        3
1588        2884        1        3
1614        2884        1        3
1614        2858        1        3
1640        2858        1        3
1667        2858        1        3
1693        2831        1        3
1720        2831        1        3
PEN_UP                  0
END_CHARACTER: GL
