CHARACTER_NAME: CCC
STROKE_COUNT: 3
  X           Y   STYLUS_STATE STROKE
PEN_DOWN
1191        1164        1        1
1191        1138        1        1
1191        1111        1        1
1191        1138        1        1
1191        1164        1        1
1191        1191        1        1
1164        1217        1        1
1164        1244        1        1
1164        1270        1        1
1138        1296        1        1
1138        1323        1        1
1138        1349        1        1
1138        1402        1        1
1111        1429        1        1
1111        1482        1        1
1111        1535        1        1
1111        1561        1        1
1111        1614        1        1
1111        1667        1        1
1111        1720        1        1
1111        1746        1        1
1111        1773        1        1
1111        1826        1        1
1111        1852        1        1
1111        1879        1        1
1111        1905        1        1
1111        1931        1        1
1111        1984        1        1
1138        2011        1        1
1138        2037        1        1
1138        2064        1        1
1164        2090        1        1
1191        2117        1        1
1217        2117        1        1
1244        2143        1        1
1270        2143        1        1
1296        2143        1        1
1323        2170        1        1
1349        2170        1        1
1376        2170        1        1
1402        2170        1        1
1429        2170        1        1
1455        2170        1        1
1482        2170        1        1
1508        2170        1        1
1535        2170        1        1
1561        2170        1        1
1588        2143        1        1
1614        2143        1        1
1640        2117        1        1
1667        2090        1        1
1693        2064        1        1
1720        2037        1        1
1746        2011        1        1
1746        1984        1        1
1746        1958        1        1
1746        1931        1        1
1746        1905        1        1
1720        1879        1        1
1720        1852        1        1
1693        1826        1        1
1667        1799        1        1
1614        1773        1        1
1588        1746        1        1
1535        1720        1        1
1482        1693        1        1
1429        1693        1        1
1376        1667        1        1
1323        1667        1        1
1270        1693        1        1
1217        1693        1        1
1164        1693        1        1
1138        1693        1        1
1111        1720        1        1
1085        1720        1        1
1058        1746        1        1
1058        1773        1        1
1032        1799        1        1
PEN_UP                  0
PEN_DOWN
1905        1032        1        2
1931        1032        1        2
1931        1058        1        2
1931        1085        1        2
1958        1111        1        2
1958        1138        1        2
1931        1164        1        2
1931        1191        1        2
1931        1244        1        2
1931        1270        1        2
1905        1323        1        2
1905        1376        1        2
1905        1429        1        2
1905        1482        1        2
1905        1561        1        2
1905        1614        1        2
1905        1667        1        2
1905        1746        1        2
1905        1799        1        2
1905        1852        1        2
1905        1905        1        2
1905        1958        1        2
1905        2011        1        2
1905        2064        1        2
1931        2090        1        2
1931        2143        1        2
1931        2170        1        2
1958        2223        1        2
1958        2249        1        2
1958        2275        1        2
1958        2328        1        2
1984        2355        1        2
1984        2381        1        2
2011        2408        1        2
2037        2408        1        2
2064        2408        1        2
2090        2408        1        2
2117        2408        1        2
2143        2408        1        2
2170        2381        1        2
2196        2381        1        2
2223        2355        1        2
2249        2328        1        2
2275        2328        1        2
2302        2302        1        2
2328        2275        1        2
2328        2249        1        2
2355        2249        1        2
2381        2223        1        2
2381        2196        1        2
2408        2170        1        2
2408        2143        1        2
2408        2117        1        2
2408        2090        1        2
2381        2090        1        2
2381        2064        1        2
2381        2037        1        2
2355        2011        1        2
2355        1984        1        2
2328        1958        1        2
2302        1931        1        2
2275        1905        1        2
2249        1879        1        2
2223        1852        1        2
2196        1826        1        2
2170        1799        1        2
2143        1773        1        2
2090        1746        1        2
2064        1746        1        2
2037        1720        1        2
2011        1720        1        2
1984        1720        1        2
1958        1720        1        2
1958        1746        1        2
1931        1746        1        2
1958        1746        1        2
1984        1720        1        2
2011        1720        1        2
2037        1720        1        2
2064        1693        1        2
2090        1693        1        2
2117        1693        1        2
2143        1693        1        2
2196        1667        1        2
2249        1667        1        2
2302        1667        1        2
2355        1667        1        2
2434        1667        1        2
2487        1693        1        2
2540        1693        1        2
2593        1720        1        2
2619        1720        1        2
2672        1746        1        2
2672        1773        1        2
2699        1799        1        2
2725        1826        1        2
2725        1879        1        2
2725        1905        1        2
2725        1958        1        2
2725        1984        1        2
2699        2037        1        2
2672        2090        1        2
2619        2143        1        2
2566        2196        1        2
2514        2249        1        2
2461        2302        1        2
2381        2381        1        2
2328        2461        1        2
2275        2514        1        2
2196        2593        1        2
2143        2646        1        2
2090        2699        1        2
2037        2752        1        2
1958        2778        1        2
1905        2805        1        2
1852        2831        1        2
1826        2858        1        2
1799        2884        1        2
1773        2884        1        2
1746        2884        1        2
1746        2858        1        2
1773        2831        1        2
1773        2805        1        2
1799        2805        1        2
1826        2778        1        2
1852        2752        1        2
1879        2725        1        2
1905        2725        1        2
1931        2725        1        2
1984        2725        1        2
2037        2699        1        2
2090        2725        1        2
2143        2725        1        2
2223        2725        1        2
2302        2725        1        2
2381        2752        1        2
2434        2752        1        2
2487        2778        1        2
2540        2778        1        2
2593        2805        1        2
2619        2831        1        2
2646        2831        1        2
2699        2858        1        2
2725        2884        1        2
2752        2910        1        2
2778        2910        1        2
2805        2937        1        2
2831        2937        1        2
2858        2937        1        2
2858        2963        1        2
2884        2963        1        2
2910        2963        1        2
2937        2963        1        2
2963        2963        1        2
2990        2937        1        2
3016        2937        1        2
3043        2937        1        2
3043        2963        1        2
3016        2937        1        2
PEN_UP                  0
PEN_DOWN
 873        1085        1        3
 873        1058        1        3
 900        1058        1        3
 926        1058        1        3
 953        1058        1        3
 979        1058        1        3
1032        1058        1        3
1058        1058        1        3
1111        1058        1        3
1191        1058        1        3
1270        1058        1        3
1349        1058        1        3
1429        1058        1        3
1535        1058        1        3
1640        1058        1        3
1746        1058        1        3
1852        1058        1        3
1931        1058        1        3
2037        1058        1        3
2090        1058        1        3
2143        1058        1        3
2196        1058        1        3
2249        1085        1        3
2275        1085        1        3
2302        1085        1        3
2355        1085        1        3
2381        1085        1        3
2408        1085        1        3
2434        1085        1        3
2461        1085        1        3
2487        1085        1        3
2514        1085        1        3
2540        1085        1        3
2566        1085        1        3
2593        1085        1        3
2619        1085        1        3
2646        1085        1        3
2672        1085        1        3
2646        1111        1        3
PEN_UP                  0
END_CHARACTER: CCC
