CHARACTER_NAME: NTT
STROKE_COUNT: 3
  X           Y   STYLUS_STATE STROKE
PEN_DOWN
 767        1455        1        1
 794        1455        1        1
 820        1482        1        1
 847        1482        1        1
 873        1482        1        1
 900        1482        1        1
 953        1482        1        1
 979        1455        1        1
1032        1455        1        1
1085        1455        1        1
1138        1455        1        1
1191        1455        1        1
1244        1455        1        1
1296        1455        1        1
1376        1482        1        1
1429        1482        1        1
1535        1482        1        1
1640        1482        1        1
1746        1482        1        1
1852        1508        1        1
1958        1508        1        1
2064        1508        1        1
2143        1508        1        1
2196        1508        1        1
2275        1508        1        1
2302        1535        1        1
2355        1535        1        1
2381        1535        1        1
2408        1535        1        1
2434        1535        1        1
2434        1561        1        1
PEN_UP                  0
PEN_DOWN
2223        1614        1        2
2249        1614        1        2
2249        1640        1        2
2249        1667        1        2
2275        1667        1        2
2249        1693        1        2
2249        1720        1        2
2223        1720        1        2
2223        1746        1        2
2223        1773        1        2
2196        1773        1        2
2196        1799        1        2
2170        1826        1        2
2170        1852        1        2
2143        1852        1        2
2143        1879        1        2
2143        1905        1        2
2117        1905        1        2
2117        1931        1        2
2117        1958        1        2
2090        1958        1        2
2090        1984        1        2
2090        2011        1        2
2090        2037        1        2
2064        2037        1        2
2064        2064        1        2
2037        2090        1        2
2037        2117        1        2
2011        2117        1        2
1984        2143        1        2
1958        2143        1        2
1958        2170        1        2
1931        2170        1        2
1905        2170        1        2
1879        2170        1        2
1879        2196        1        2
1852        2196        1        2
1826        2196        1        2
1799        2196        1        2
1773        2196        1        2
1746        2196        1        2
1720        2196        1        2
1693        2196        1        2
1667        2196        1        2
1640        2196        1        2
1614        2196        1        2
1588        2196        1        2
1588        2170        1        2
1561        2170        1        2
1535        2170        1        2
1508        2170        1        2
1482        2170        1        2
1455        2170        1        2
1429        2143        1        2
1402        2143        1        2
1376        2117        1        2
1349        2090        1        2
1323        2090        1        2
1323        2064        1        2
1296        2064        1        2
1296        2037        1        2
1270        2037        1        2
1270        2011        1        2
1244        2011        1        2
1244        1984        1        2
1217        1984        1        2
1191        1958        1        2
1164        1931        1        2
1138        1905        1        2
1111        1905        1        2
1111        1879        1        2
1085        1879        1        2
1058        1879        1        2
1058        1852        1        2
1032        1852        1        2
1005        1852        1        2
1005        1879        1        2
 979        1879        1        2
 953        1879        1        2
 926        1905        1        2
 926        1931        1        2
 900        1931        1        2
 900        1958        1        2
 873        1984        1        2
 873        2011        1        2
 873        2037        1        2
 900        2037        1        2
 900        2064        1        2
 900        2090        1        2
 926        2090        1        2
 926        2117        1        2
 953        2117        1        2
 953        2143        1        2
 979        2143        1        2
1005        2143        1        2
1032        2170        1        2
1032        2143        1        2
1058        2143        1        2
1085        2143        1        2
1111        2117        1        2
1138        2117        1        2
1138        2090        1        2
1164        2090        1        2
1191        2064        1        2
1217        2037        1        2
1217        2011        1        2
1244        1984        1        2
1244        1958        1        2
1270        1958        1        2
1244        1958        1        2
1244        1984        1        2
1217        1984        1        2
PEN_UP                  0
PEN_DOWN
1905        2249        1        3
1879        2275        1        3
1852        2302        1        3
1852        2328        1        3
1826        2328        1        3
1826        2355        1        3
1799        2328        1        3
1773        2328        1        3
1773        2302        1        3
1773        2275        1        3
1773        2249        1        3
1799        2249        1        3
1826        2223        1        3
1852        2223        1        3
1879        2223        1        3
1905        2223        1        3
1931        2223        1        3
1958        2223        1        3
1958        2249        1        3
1984        2249        1        3
2011        2249        1        3
2011        2275        1        3
2037        2302        1        3
2037        2328        1        3
2037        2381        1        3
2064        2408        1        3
2064        2461        1        3
2064        2514        1        3
2064        2566        1        3
2064        2646        1        3
2037        2699        1        3
2011        2752        1        3
1984        2805        1        3
1958        2884        1        3
1931        2937        1        3
1905        2990        1        3
1879        3016        1        3
1852        3069        1        3
1826        3096        1        3
1773        3122        1        3
1746        3149        1        3
1693        3175        1        3
1640        3201        1        3
1588        3201        1        3
1535        3201        1        3
1482        3228        1        3
1429        3228        1        3
1376        3201        1        3
1323        3201        1        3
1270        3201        1        3
1244        3175        1        3
1217        3149        1        3
1191        3122        1        3
1164        3096        1        3
1138        3043        1        3
1111        2990        1        3
1085        2937        1        3
1058        2858        1        3
1032        2805        1        3
1005        2752        1        3
1005        2672        1        3
1005        2619        1        3
 979        2566        1        3
 979        2514        1        3
1005        2461        1        3
1005        2408        1        3
1005        2355        1        3
1032        2302        1        3
1032        2275        1        3
1032        2223        1        3
1058        2196        1        3
1058        2170        1        3
1085        2170        1        3
PEN_UP                  0
END_CHARACTER: NTT
