CHARACTER_NAME: PTT
STROKE_COUNT: 5
  X           Y   STYLUS_STATE STROKE
PEN_DOWN
1191        1905        1        1
1217        1879        1        1
1244        1852        1        1
1244        1826        1        1
1270        1852        1        1
1296        1879        1        1
1296        1905        1        1
1296        1931        1        1
1323        1958        1        1
1323        2011        1        1
1323        2037        1        1
1349        2090        1        1
1349        2117        1        1
1349        2170        1        1
1376        2196        1        1
1376        2223        1        1
1376        2249        1        1
1376        2275        1        1
1402        2275        1        1
1429        2249        1        1
1455        2223        1        1
1482        2196        1        1
1535        2143        1        1
1588        2090        1        1
1614        2064        1        1
1667        2011        1        1
1720        1958        1        1
1746        1905        1        1
1799        1879        1        1
1826        1826        1        1
1879        1773        1        1
1931        1746        1        1
1958        1693        1        1
2011        1667        1        1
2037        1640        1        1
2064        1614        1        1
2090        1588        1        1
2117        1588        1        1
2117        1614        1        1
2117        1640        1        1
2117        1667        1        1
2090        1693        1        1
2064        1720        1        1
PEN_UP                  0
PEN_DOWN
1032        1879        1        2
1058        1879        1        2
1058        1852        1        2
1058        1826        1        2
1085        1826        1        2
1085        1799        1        2
1085        1773        1        2
1111        1746        1        2
1111        1720        1        2
1138        1693        1        2
1164        1640        1        2
1191        1614        1        2
1217        1561        1        2
1244        1508        1        2
1296        1455        1        2
1349        1429        1        2
1376        1376        1        2
1429        1349        1        2
1482        1323        1        2
1535        1296        1        2
1588        1296        1        2
1640        1270        1        2
1720        1270        1        2
1773        1270        1        2
1826        1270        1        2
1852        1270        1        2
1905        1270        1        2
1958        1296        1        2
1984        1296        1        2
2011        1323        1        2
2064        1349        1        2
2090        1376        1        2
2143        1402        1        2
2196        1455        1        2
2223        1482        1        2
2249        1508        1        2
2302        1535        1        2
2328        1588        1        2
2328        1614        1        2
2355        1614        1        2
2381        1640        1        2
2381        1667        1        2
2408        1667        1        2
2408        1693        1        2
2408        1667        1        2
2381        1640        1        2
PEN_UP                  0
PEN_DOWN
2566        1085        1        3
2566        1058        1        3
2593        1058        1        3
2593        1085        1        3
2566        1111        1        3
2566        1138        1        3
2566        1191        1        3
2566        1217        1        3
2540        1270        1        3
2540        1349        1        3
2540        1402        1        3
2540        1482        1        3
2540        1561        1        3
2514        1640        1        3
2514        1720        1        3
2514        1799        1        3
2487        1879        1        3
2487        1931        1        3
2487        2011        1        3
2487        2064        1        3
2487        2117        1        3
2487        2196        1        3
2487        2249        1        3
2487        2302        1        3
2487        2355        1        3
2487        2408        1        3
2487        2461        1        3
2461        2514        1        3
2461        2540        1        3
2487        2540        1        3
2487        2566        1        3
2461        2566        1        3
2461        2593        1        3
2487        2593        1        3
2487        2619        1        3
2461        2619        1        3
2461        2646        1        3
2461        2672        1        3
2461        2699        1        3
2461        2725        1        3
2461        2752        1        3
2461        2778        1        3
2461        2805        1        3
2434        2831        1        3
2434        2858        1        3
2434        2884        1        3
2434        2910        1        3
2434        2937        1        3
2461        2937        1        3
2461        2910        1        3
2434        2910        1        3
PEN_UP                  0
PEN_DOWN
2223        2461        1        4
2223        2487        1        4
2223        2514        1        4
2196        2514        1        4
2196        2540        1        4
2170        2566        1        4
2143        2566        1        4
2117        2566        1        4
2090        2566        1        4
2064        2566        1        4
2037        2540        1        4
2037        2514        1        4
2037        2487        1        4
2037        2461        1        4
2037        2434        1        4
2064        2408        1        4
2064        2381        1        4
2090        2355        1        4
2090        2328        1        4
2090        2302        1        4
2117        2275        1        4
2143        2249        1        4
2170        2223        1        4
2196        2223        1        4
2223        2196        1        4
2249        2196        1        4
2275        2196        1        4
2302        2196        1        4
2328        2196        1        4
2355        2196        1        4
2355        2223        1        4
2381        2223        1        4
2408        2223        1        4
2434        2249        1        4
2461        2249        1        4
2461        2275        1        4
2487        2275        1        4
2487        2302        1        4
2514        2328        1        4
2514        2355        1        4
2540        2381        1        4
2566        2408        1        4
2566        2434        1        4
2593        2461        1        4
2619        2514        1        4
2646        2540        1        4
2646        2566        1        4
2646        2593        1        4
2646        2619        1        4
2646        2646        1        4
2619        2672        1        4
2619        2699        1        4
2619        2725        1        4
2619        2752        1        4
2593        2778        1        4
2593        2805        1        4
2593        2831        1        4
2566        2858        1        4
2566        2884        1        4
2540        2910        1        4
2540        2937        1        4
2514        2963        1        4
2487        2990        1        4
2487        3016        1        4
2461        3043        1        4
2461        3069        1        4
2434        3069        1        4
2434        3096        1        4
2408        3122        1        4
2381        3149        1        4
2355        3175        1        4
2328        3175        1        4
2302        3201        1        4
2275        3201        1        4
2249        3228        1        4
2223        3228        1        4
2196        3228        1        4
2170        3254        1        4
2143        3254        1        4
2143        3281        1        4
2117        3281        1        4
2090        3281        1        4
2064        3281        1        4
2037        3281        1        4
2011        3281        1        4
1984        3281        1        4
1958        3281        1        4
1931        3254        1        4
1905        3254        1        4
1879        3254        1        4
1852        3254        1        4
1826        3254        1        4
1773        3254        1        4
1746        3254        1        4
1720        3228        1        4
1693        3228        1        4
1667        3228        1        4
1640        3228        1        4
1640        3201        1        4
1614        3201        1        4
1588        3175        1        4
1561        3175        1        4
1535        3149        1        4
1508        3122        1        4
1482        3122        1        4
1455        3122        1        4
1429        3096        1        4
1402        3069        1        4
1376        3043        1        4
1349        3043        1        4
1349        3016        1        4
1323        2990        1        4
1323        2963        1        4
1296        2937        1        4
1296        2910        1        4
1270        2884        1        4
1270        2858        1        4
1244        2831        1        4
1244        2805        1        4
1217        2778        1        4
1217        2752        1        4
1217        2725        1        4
1217        2699        1        4
1217        2646        1        4
1217        2619        1        4
1217        2593        1        4
1217        2566        1        4
1244        2540        1        4
1244        2514        1        4
1244        2487        1        4
1270        2514        1        4
1270        2540        1        4
1296        2540        1        4
PEN_UP                  0
PEN_DOWN
2117        1085        1        5
2143        1058        1        5
2170        1058        1        5
2196        1058        1        5
2223        1058        1        5
2249        1058        1        5
2302        1058        1        5
2355        1032        1        5
2434        1032        1        5
2540        1032        1        5
2646        1032        1        5
2752        1032        1        5
2858        1005        1        5
2963        1005        1        5
3069        1005        1        5
3149        1005        1        5
3201        1005        1        5
3254        1005        1        5
3307        1005        1        5
3334        1005        1        5
3360        1005        1        5
3360        1032        1        5
3387        1032        1        5
3413        1032        1        5
3440        1032        1        5
3413        1032        1        5
3387        1058        1        5
PEN_UP                  0
END_CHARACTER: PTT
