CHARACTER_NAME: LK
STROKE_COUNT: 3
  X           Y   STYLUS_STATE STROKE
PEN_DOWN
1640        2699        1        1
1640        2725        1        1
1614        2752        1        1
1588        2752        1        1
1561        2752        1        1
1535        2752        1        1
1508        2725        1        1
1482        2725        1        1
1455        2725        1        1
1455        2699        1        1
1429        2672        1        1
1455        2646        1        1
1455        2619        1        1
1455        2593        1        1
1482        2566        1        1
1508        2566        1        1
1508        2540        1        1
1535        2540        1        1
1588        2514        1        1
1614        2514        1        1
1640        2514        1        1
1667        2540        1        1
1693        2540        1        1
1746        2540        1        1
1746        2566        1        1
1773        2593        1        1
1799        2593        1        1
1799        2619        1        1
1799        2646        1        1
1826        2672        1        1
1826        2699        1        1
1799        2699        1        1
1799        2672        1        1
1799        2646        1        1
1799        2619        1        1
1826        2593        1        1
1826        2566        1        1
1826        2540        1        1
1826        2514        1        1
1852        2514        1        1
1879        2487        1        1
1905        2487        1        1
1931        2514        1        1
1958        2514        1        1
1984        2514        1        1
2011        2540        1        1
2037        2540        1        1
2064        2566        1        1
2064        2593        1        1
2090        2593        1        1
2064        2619        1        1
PEN_UP                  0
PEN_DOWN
2090        2328        1        2
2090        2302        1        2
2117        2302        1        2
2117        2275        1        2
2117        2302        1        2
2117        2328        1        2
2117        2355        1        2
2143        2355        1        2
2143        2408        1        2
2143        2434        1        2
2143        2461        1        2
2143        2514        1        2
2143        2566        1        2
2143        2619        1        2
2170        2672        1        2
2170        2752        1        2
2170        2805        1        2
2170        2831        1        2
2170        2884        1        2
2170        2910        1        2
2170        2937        1        2
2170        2963        1        2
2170        2990        1        2
2170        2963        1        2
2170        2937        1        2
2170        2910        1        2
2170        2884        1        2
2170        2858        1        2
2143        2831        1        2
2143        2805        1        2
2117        2778        1        2
2090        2778        1        2
2064        2752        1        2
2037        2778        1        2
2011        2778        1        2
1984        2805        1        2
1958        2831        1        2
1905        2858        1        2
1879        2884        1        2
1826        2910        1        2
1799        2937        1        2
1773        2963        1        2
1746        2990        1        2
1720        3016        1        2
1693        3043        1        2
1720        3043        1        2
1773        3043        1        2
1799        3043        1        2
1826        3043        1        2
1879        3043        1        2
1905        3043        1        2
1958        3069        1        2
1984        3069        1        2
2037        3069        1        2
2064        3096        1        2
2090        3096        1        2
2117        3096        1        2
2117        3122        1        2
2143        3122        1        2
2170        3149        1        2
2170        3122        1        2
2170        3096        1        2
2170        3069        1        2
2170        3043        1        2
2170        3016        1        2
2170        2990        1        2
2170        2937        1        2
2170        2910        1        2
2196        2884        1        2
2196        2858        1        2
2196        2831        1        2
2223        2831        1        2
2249        2831        1        2
2275        2831        1        2
2302        2858        1        2
2328        2858        1        2
2355        2858        1        2
2381        2884        1        2
2381        2910        1        2
2381        2937        1        2
2381        2963        1        2
2381        2990        1        2
2355        3016        1        2
2355        3043        1        2
2328        3069        1        2
2302        3096        1        2
2275        3096        1        2
2249        3069        1        2
2249        3043        1        2
2275        3043        1        2
2302        3016        1        2
PEN_UP                  0
PEN_DOWN
1323        2408        1        3
1323        2434        1        3
1349        2434        1        3
1376        2434        1        3
1402        2408        1        3
1455        2408        1        3
1508        2408        1        3
1588        2408        1        3
1693        2408        1        3
1799        2408        1        3
1931        2408        1        3
2064        2408        1        3
2196        2408        1        3
2328        2408        1        3
2434        2408        1        3
2540        2408        1        3
2619        2408        1        3
2672        2408        1        3
2699        2408        1        3
2725        2408        1        3
2752        2408        1        3
PEN_UP                  0
END_CHARACTER: LK
