CHARACTER_NAME: KA
STROKE_COUNT: 3
  X           Y   STYLUS_STATE STROKE
PEN_DOWN
 291        2858        1        1
 318        2831        1        1
 344        2831        1        1
 370        2805        1        1
 423        2805        1        1
 503        2778        1        1
 582        2752        1        1
 661        2752        1        1
 741        2725        1        1
 820        2725        1        1
 900        2725        1        1
 953        2699        1        1
 979        2699        1        1
1005        2699        1        1
1032        2699        1        1
1058        2699        1        1
1058        2725        1        1
1058        2752        1        1
1032        2778        1        1
1005        2805        1        1
 979        2831        1        1
 926        2884        1        1
 900        2937        1        1
 847        2963        1        1
 767        3016        1        1
 714        3043        1        1
 661        3096        1        1
 609        3122        1        1
 582        3149        1        1
 529        3175        1        1
 503        3175        1        1
 476        3201        1        1
 476        3228        1        1
 450        3228        1        1
 450        3254        1        1
 476        3254        1        1
 503        3281        1        1
 529        3281        1        1
 582        3281        1        1
 635        3281        1        1
 688        3281        1        1
 741        3281        1        1
 820        3307        1        1
 900        3307        1        1
 979        3307        1        1
1032        3334        1        1
1111        3334        1        1
1164        3334        1        1
1191        3334        1        1
1217        3334        1        1
1244        3334        1        1
1244        3307        1        1
1217        3281        1        1
PEN_UP                  0
PEN_DOWN
1138        2910        1        2
1138        2884        1        2
1138        2858        1        2
1164        2831        1        2
1164        2805        1        2
1164        2778        1        2
1164        2752        1        2
1164        2778        1        2
1164        2831        1        2
1164        2858        1        2
1164        2910        1        2
1164        2963        1        2
1191        3043        1        2
1191        3096        1        2
1191        3149        1        2
1191        3201        1        2
1217        3254        1        2
1217        3307        1        2
1217        3360        1        2
1244        3387        1        2
1244        3413        1        2
1244        3440        1        2
1244        3413        1        2
1244        3387        1        2
PEN_UP                  0
PEN_DOWN
1270        3069        1        3
1296        3043        1        3
1323        3043        1        3
1376        3016        1        3
1402        3043        1        3
1429        3043        1        3
1455        3069        1        3
1482        3096        1        3
1508        3122        1        3
1508        3149        1        3
1535        3175        1        3
1535        3201        1        3
1508        3228        1        3
1508        3254        1        3
1482        3254        1        3
PEN_UP                  0
END_CHARACTER: KA
