CHARACTER_NAME: SSB
STROKE_COUNT: 3
  X           Y   STYLUS_STATE STROKE
PEN_DOWN
2619        2090        1        1
2619        2064        1        1
2646        2037        1        1
2672        2011        1        1
2725        2011        1        1
2752        2011        1        1
2805        2011        1        1
2858        2011        1        1
2884        2037        1        1
2910        2064        1        1
2937        2090        1        1
2963        2117        1        1
2937        2143        1        1
2937        2170        1        1
2910        2223        1        1
2884        2249        1        1
2858        2249        1        1
2805        2275        1        1
2752        2302        1        1
2725        2302        1        1
2672        2302        1        1
2646        2328        1        1
2619        2302        1        1
2593        2302        1        1
2566        2302        1        1
2566        2275        1        1
2593        2249        1        1
2619        2249        1        1
2646        2249        1        1
2672        2249        1        1
2699        2275        1        1
2752        2275        1        1
2778        2302        1        1
2805        2302        1        1
2831        2328        1        1
2831        2355        1        1
2831        2381        1        1
2831        2408        1        1
2805        2434        1        1
2778        2434        1        1
2752        2461        1        1
2699        2461        1        1
2619        2461        1        1
2566        2487        1        1
2487        2461        1        1
2434        2461        1        1
2355        2434        1        1
2302        2408        1        1
2249        2381        1        1
2196        2355        1        1
2170        2302        1        1
2143        2275        1        1
2117        2223        1        1
2117        2196        1        1
2117        2170        1        1
2143        2143        1        1
PEN_UP                  0
PEN_DOWN
2699        2355        1        2
2725        2355        1        2
2752        2355        1        2
2752        2381        1        2
2752        2408        1        2
2725        2408        1        2
2699        2461        1        2
2672        2487        1        2
2646        2540        1        2
2619        2593        1        2
2566        2646        1        2
2540        2699        1        2
2514        2725        1        2
2487        2752        1        2
2461        2778        1        2
2461        2805        1        2
2461        2831        1        2
2487        2831        1        2
2514        2831        1        2
2566        2831        1        2
2619        2831        1        2
2672        2831        1        2
2699        2831        1        2
2752        2831        1        2
2805        2831        1        2
2831        2858        1        2
2858        2858        1        2
2884        2884        1        2
2910        2884        1        2
2937        2910        1        2
2963        2937        1        2
2990        2937        1        2
2990        2963        1        2
3016        2963        1        2
3016        2990        1        2
3016        2963        1        2
2990        2963        1        2
2990        2937        1        2
2990        2884        1        2
2963        2831        1        2
2963        2778        1        2
2963        2725        1        2
2937        2672        1        2
2963        2619        1        2
2963        2566        1        2
2963        2514        1        2
2963        2487        1        2
2963        2461        1        2
2963        2434        1        2
2963        2408        1        2
2963        2381        1        2
2963        2355        1        2
2963        2328        1        2
2937        2328        1        2
PEN_UP                  0
PEN_DOWN
1799        2223        1        3
1826        2223        1        3
1852        2223        1        3
1879        2223        1        3
1931        2223        1        3
1984        2223        1        3
2090        2223        1        3
2196        2196        1        3
2355        2196        1        3
2514        2196        1        3
2672        2196        1        3
2831        2196        1        3
2990        2196        1        3
3122        2223        1        3
3228        2223        1        3
3334        2223        1        3
3413        2223        1        3
3466        2223        1        3
3493        2223        1        3
3519        2223        1        3
3493        2223        1        3
3466        2223        1        3
3440        2249        1        3
PEN_UP                  0
END_CHARACTER: SSB
