CHARACTER_NAME: XM
STROKE_COUNT: 3
  X           Y   STYLUS_STATE STROKE
PEN_DOWN
1773        2064        1        1
1799        2090        1        1
1799        2117        1        1
1826        2117        1        1
1826        2143        1        1
1826        2170        1        1
1852        2170        1        1
1852        2196        1        1
1852        2223        1        1
1852        2249        1        1
1852        2275        1        1
1826        2302        1        1
1799        2328        1        1
1773        2328        1        1
1773        2355        1        1
1746        2355        1        1
1720        2355        1        1
1693        2355        1        1
1667        2355        1        1
1640        2355        1        1
1640        2328        1        1
1614        2328        1        1
1614        2302        1        1
1614        2275        1        1
1640        2275        1        1
1640        2249        1        1
1667        2249        1        1
1693        2223        1        1
1720        2223        1        1
1746        2223        1        1
1773        2223        1        1
1799        2223        1        1
1826        2223        1        1
1879        2223        1        1
1905        2223        1        1
1931        2223        1        1
1958        2249        1        1
1984        2249        1        1
2011        2249        1        1
2037        2275        1        1
2037        2302        1        1
2064        2302        1        1
2064        2328        1        1
2064        2355        1        1
2064        2381        1        1
2037        2408        1        1
2037        2434        1        1
2011        2434        1        1
2011        2461        1        1
1984        2461        1        1
1958        2487        1        1
1931        2487        1        1
1905        2487        1        1
1879        2487        1        1
1852        2487        1        1
1826        2487        1        1
1799        2487        1        1
1799        2461        1        1
1773        2461        1        1
1773        2434        1        1
1746        2434        1        1
1746        2408        1        1
1746        2381        1        1
1773        2381        1        1
1799        2355        1        1
1826        2355        1        1
1826        2328        1        1
1852        2328        1        1
1879        2302        1        1
1879        2328        1        1
1905        2302        1        1
1931        2302        1        1
1931        2328        1        1
1958        2328        1        1
1984        2328        1        1
1984        2355        1        1
2011        2355        1        1
2037        2355        1        1
2037        2381        1        1
2064        2381        1        1
2090        2408        1        1
2117        2408        1        1
2143        2434        1        1
2170        2461        1        1
2170        2487        1        1
2196        2514        1        1
2196        2540        1        1
2196        2566        1        1
2196        2593        1        1
2223        2619        1        1
2223        2646        1        1
2223        2672        1        1
2223        2699        1        1
2223        2725        1        1
2249        2725        1        1
2249        2699        1        1
2249        2672        1        1
2275        2646        1        1
2275        2619        1        1
2275        2593        1        1
2302        2566        1        1
2302        2540        1        1
2302        2514        1        1
2302        2487        1        1
2328        2461        1        1
2328        2434        1        1
2328        2408        1        1
2355        2381        1        1
2355        2355        1        1
2355        2328        1        1
2381        2302        1        1
2381        2275        1        1
2381        2249        1        1
2381        2223        1        1
2381        2196        1        1
2381        2170        1        1
2381        2143        1        1
2381        2117        1        1
2381        2090        1        1
2381        2064        1        1
2381        2037        1        1
2381        2011        1        1
2355        2011        1        1
2355        1984        1        1
2328        1984        1        1
2302        1984        1        1
2302        1958        1        1
2275        1958        1        1
2249        1958        1        1
2223        1984        1        1
2196        2011        1        1
2196        2037        1        1
2170        2064        1        1
2170        2090        1        1
2170        2117        1        1
2196        2143        1        1
2196        2170        1        1
2223        2170        1        1
2249        2196        1        1
2302        2196        1        1
2328        2223        1        1
2381        2223        1        1
2408        2223        1        1
2461        2249        1        1
2487        2249        1        1
2514        2249        1        1
2540        2249        1        1
2566        2249        1        1
2593        2249        1        1
2619        2249        1        1
2619        2275        1        1
2646        2302        1        1
2619        2302        1        1
2619        2328        1        1
2619        2355        1        1
2619        2381        1        1
2593        2408        1        1
2566        2434        1        1
2540        2434        1        1
2514        2461        1        1
2487        2461        1        1
PEN_UP                  0
PEN_DOWN
2275        2752        1        2
2302        2752        1        2
2328        2778        1        2
2355        2778        1        2
2355        2805        1        2
2381        2805        1        2
2408        2831        1        2
2408        2858        1        2
2408        2884        1        2
2381        2884        1        2
2381        2910        1        2
2355        2910        1        2
2328        2937        1        2
2302        2937        1        2
2275        2937        1        2
2249        2937        1        2
2249        2963        1        2
2223        2963        1        2
2223        2937        1        2
2223        2910        1        2
2249        2884        1        2
2275        2884        1        2
2275        2858        1        2
2302        2858        1        2
2328        2858        1        2
2355        2858        1        2
2381        2884        1        2
2408        2884        1        2
2434        2884        1        2
2461        2884        1        2
2461        2910        1        2
2487        2910        1        2
2514        2937        1        2
2540        2963        1        2
2566        2963        1        2
2566        2990        1        2
2593        2990        1        2
2593        3016        1        2
2619        3016        1        2
2619        3043        1        2
2619        3069        1        2
2646        3069        1        2
2646        3096        1        2
2672        3096        1        2
2672        3122        1        2
2699        3122        1        2
2699        3149        1        2
2699        3122        1        2
2725        3096        1        2
2725        3069        1        2
2752        3069        1        2
2752        3043        1        2
2778        3016        1        2
2778        2990        1        2
2805        2963        1        2
2805        2910        1        2
2831        2884        1        2
2858        2858        1        2
2858        2805        1        2
2884        2752        1        2
2884        2725        1        2
2910        2672        1        2
2937        2646        1        2
2937        2593        1        2
2963        2566        1        2
2963        2514        1        2
2990        2487        1        2
2990        2461        1        2
3016        2408        1        2
3016        2381        1        2
3043        2355        1        2
3043        2328        1        2
3069        2302        1        2
3096        2275        1        2
3096        2249        1        2
3122        2223        1        2
3122        2196        1        2
3149        2170        1        2
3149        2143        1        2
3149        2117        1        2
3149        2090        1        2
3175        2064        1        2
3175        2037        1        2
3175        2011        1        2
3175        1984        1        2
3175        1958        1        2
3175        1931        1        2
3175        1905        1        2
3175        1879        1        2
3149        1879        1        2
3122        1905        1        2
3096        1905        1        2
PEN_UP                  0
PEN_DOWN
1296        2143        1        3
1323        2143        1        3
1349        2143        1        3
1376        2143        1        3
1402        2143        1        3
1429        2143        1        3
1455        2143        1        3
1508        2117        1        3
1561        2117        1        3
1640        2117        1        3
1746        2117        1        3
1826        2117        1        3
1958        2117        1        3
2090        2117        1        3
2249        2117        1        3
2408        2117        1        3
2593        2090        1        3
2778        2090        1        3
2963        2090        1        3
3122        2090        1        3
3281        2090        1        3
3440        2064        1        3
3572        2064        1        3
3704        2064        1        3
3810        2064        1        3
3889        2037        1        3
3995        2037        1        3
4048        2037        1        3
4101        2037        1        3
4154        2011        1        3
4180        2011        1        3
4207        2011        1        3
4207        2037        1        3
4180        2037        1        3
4154        2037        1        3
4128        2064        1        3
4101        2064        1        3
PEN_UP                  0
END_CHARACTER: XM
