CHARACTER_NAME: DSR
STROKE_COUNT: 4
  X           Y   STYLUS_STATE STROKE
PEN_DOWN
1429        2487        1        1
1455        2487        1        1
1482        2461        1        1
1508        2461        1        1
1535        2461        1        1
1561        2461        1        1
1588        2461        1        1
1614        2487        1        1
1640        2487        1        1
1667        2487        1        1
1693        2514        1        1
1720        2514        1        1
1746        2540        1        1
1746        2593        1        1
1773        2619        1        1
1773        2672        1        1
1773        2699        1        1
1746        2752        1        1
1746        2778        1        1
1720        2805        1        1
1720        2831        1        1
1693        2858        1        1
1693        2884        1        1
1667        2884        1        1
1667        2910        1        1
1640        2910        1        1
PEN_UP                  0
PEN_DOWN
1799        2593        1        2
1826        2593        1        2
1826        2566        1        2
1852        2566        1        2
1852        2540        1        2
1879        2540        1        2
1879        2514        1        2
1905        2514        1        2
1931        2514        1        2
1958        2487        1        2
1984        2487        1        2
2011        2487        1        2
2037        2514        1        2
2064        2514        1        2
2090        2514        1        2
2117        2514        1        2
2143        2540        1        2
2170        2540        1        2
2196        2566        1        2
PEN_UP                  0
PEN_DOWN
2117        2196        1        3
2090        2196        1        3
2090        2170        1        3
2090        2143        1        3
2090        2170        1        3
2117        2170        1        3
2117        2196        1        3
2117        2223        1        3
2117        2249        1        3
2143        2275        1        3
2143        2328        1        3
2170        2355        1        3
2170        2381        1        3
2196        2434        1        3
2196        2487        1        3
2223        2540        1        3
2249        2566        1        3
2249        2619        1        3
2275        2672        1        3
2275        2699        1        3
2302        2752        1        3
2302        2778        1        3
2328        2831        1        3
2328        2858        1        3
2355        2910        1        3
2355        2937        1        3
2381        2963        1        3
2381        2990        1        3
2408        3016        1        3
2408        3043        1        3
2408        3069        1        3
2434        3069        1        3
2434        3096        1        3
2434        3122        1        3
2434        3096        1        3
2408        3096        1        3
2408        3069        1        3
2381        3069        1        3
2381        3043        1        3
2355        3016        1        3
2328        2990        1        3
2302        2963        1        3
2275        2963        1        3
2249        2937        1        3
2223        2910        1        3
2196        2910        1        3
2170        2884        1        3
2143        2884        1        3
2117        2884        1        3
2090        2884        1        3
2064        2884        1        3
2037        2910        1        3
2011        2910        1        3
1984        2937        1        3
1958        2937        1        3
1931        2937        1        3
1905        2963        1        3
1879        2990        1        3
1852        3016        1        3
1826        3016        1        3
1826        3043        1        3
1799        3069        1        3
1799        3096        1        3
1773        3122        1        3
1773        3149        1        3
1746        3175        1        3
1746        3201        1        3
1720        3228        1        3
1693        3254        1        3
1667        3281        1        3
1640        3307        1        3
1614        3334        1        3
1588        3334        1        3
1561        3360        1        3
1535        3387        1        3
1482        3387        1        3
1455        3387        1        3
1402        3413        1        3
1349        3387        1        3
1323        3387        1        3
1244        3387        1        3
1191        3360        1        3
1138        3334        1        3
1085        3334        1        3
1005        3307        1        3
 979        3281        1        3
 926        3254        1        3
 900        3228        1        3
 847        3201        1        3
 820        3201        1        3
 794        3175        1        3
PEN_UP                  0
PEN_DOWN
1005        2540        1        4
1005        2514        1        4
1032        2514        1        4
1058        2514        1        4
1111        2487        1        4
1164        2461        1        4
1217        2461        1        4
1270        2434        1        4
1349        2434        1        4
1402        2408        1        4
1482        2381        1        4
1588        2355        1        4
1667        2328        1        4
1746        2328        1        4
1852        2302        1        4
1958        2249        1        4
2037        2223        1        4
2143        2196        1        4
2249        2170        1        4
2328        2143        1        4
2408        2117        1        4
2461        2090        1        4
2514        2090        1        4
2540        2064        1        4
2566        2037        1        4
2593        2037        1        4
2619        2037        1        4
2619        2011        1        4
2619        2037        1        4
PEN_UP                  0
END_CHARACTER: DSR
