CHARACTER_NAME: MTA
STROKE_COUNT: 3
  X           Y   STYLUS_STATE STROKE
PEN_DOWN
1931        3519        1        1
1931        3493        1        1
1958        3493        1        1
1958        3466        1        1
1984        3466        1        1
1984        3440        1        1
2011        3413        1        1
2011        3387        1        1
2037        3387        1        1
2064        3360        1        1
2064        3334        1        1
2064        3307        1        1
2090        3281        1        1
2064        3254        1        1
2037        3254        1        1
2011        3254        1        1
1931        3281        1        1
1879        3281        1        1
1826        3307        1        1
1773        3307        1        1
1720        3334        1        1
1667        3334        1        1
1614        3334        1        1
1588        3334        1        1
1535        3334        1        1
1508        3334        1        1
1482        3307        1        1
1482        3281        1        1
1455        3254        1        1
1429        3228        1        1
1429        3175        1        1
1402        3149        1        1
1402        3096        1        1
1402        3069        1        1
1376        3043        1        1
1376        3016        1        1
1349        3016        1        1
1349        3043        1        1
1349        3069        1        1
1323        3096        1        1
PEN_UP                  0
PEN_DOWN
1482        3493        1        2
1482        3466        1        2
1508        3466        1        2
1535        3466        1        2
1561        3466        1        2
1561        3493        1        2
1561        3519        1        2
1561        3545        1        2
1561        3598        1        2
1535        3651        1        2
1561        3731        1        2
1561        3784        1        2
1588        3836        1        2
1614        3916        1        2
1667        3942        1        2
1720        3995        1        2
1799        4022        1        2
1879        4048        1        2
1958        4048        1        2
2037        4075        1        2
2090        4048        1        2
2143        4022        1        2
2196        3995        1        2
2223        3942        1        2
2223        3916        1        2
2196        3889        1        2
2170        3863        1        2
2117        3836        1        2
2064        3810        1        2
2011        3810        1        2
1984        3810        1        2
1958        3810        1        2
1931        3810        1        2
1958        3836        1        2
1984        3836        1        2
2011        3863        1        2
PEN_UP                  0
PEN_DOWN
1164        3387        1        3
1138        3387        1        3
1111        3387        1        3
1111        3360        1        3
1138        3360        1        3
1191        3360        1        3
1270        3360        1        3
1376        3360        1        3
1482        3360        1        3
1640        3360        1        3
1799        3360        1        3
1984        3360        1        3
2143        3360        1        3
2302        3360        1        3
2461        3360        1        3
2566        3360        1        3
2646        3360        1        3
2725        3360        1        3
2778        3360        1        3
2805        3360        1        3
2831        3334        1        3
2858        3334        1        3
PEN_UP                  0
END_CHARACTER: MTA
