CHARACTER_NAME: CBN
STROKE_COUNT: 2
  X           Y   STYLUS_STATE STROKE
PEN_DOWN
 714        2646        1        1
 714        2619        1        1
 741        2646        1        1
 741        2672        1        1
 767        2725        1        1
 767        2752        1        1
 794        2778        1        1
 794        2831        1        1
 820        2858        1        1
 873        2884        1        1
 900        2910        1        1
 953        2937        1        1
 979        2963        1        1
1032        2990        1        1
1085        3016        1        1
1138        3016        1        1
1217        3016        1        1
1270        3016        1        1
1323        3016        1        1
1402        2990        1        1
1455        2963        1        1
1535        2937        1        1
1614        2910        1        1
1667        2858        1        1
1746        2805        1        1
1799        2778        1        1
1852        2725        1        1
1905        2699        1        1
1931        2672        1        1
1958        2646        1        1
1984        2646        1        1
1984        2672        1        1
1984        2699        1        1
1958        2699        1        1
PEN_UP                  0
PEN_DOWN
1191        2302        1        2
1191        2275        1        2
1217        2275        1        2
1217        2249        1        2
1217        2275        1        2
1244        2275        1        2
1244        2302        1        2
1270        2302        1        2
1270        2328        1        2
1244        2355        1        2
1217        2355        1        2
1217        2328        1        2
1217        2302        1        2
1244        2275        1        2
1270        2249        1        2
PEN_UP                  0
END_CHARACTER: CBN
