CHARACTER_NAME: JJB
STROKE_COUNT: 6
  X           Y   STYLUS_STATE STROKE
PEN_DOWN
2619        1905        1        1
2619        1879        1        1
2619        1852        1        1
2619        1879        1        1
2593        1879        1        1
2566        1879        1        1
2540        1905        1        1
2514        1931        1        1
2461        1958        1        1
2434        1958        1        1
2434        2011        1        1
2408        2037        1        1
2408        2064        1        1
2408        2090        1        1
2408        2117        1        1
2434        2143        1        1
2461        2170        1        1
2487        2196        1        1
2540        2196        1        1
2566        2196        1        1
2619        2223        1        1
2646        2223        1        1
2699        2223        1        1
2725        2223        1        1
2778        2223        1        1
2805        2196        1        1
2831        2196        1        1
2858        2196        1        1
2884        2196        1        1
2884        2223        1        1
2858        2249        1        1
2831        2249        1        1
2805        2275        1        1
2752        2302        1        1
2725        2328        1        1
2672        2355        1        1
2619        2381        1        1
2566        2381        1        1
2487        2408        1        1
2434        2408        1        1
2381        2408        1        1
2302        2381        1        1
2249        2355        1        1
2170        2328        1        1
2117        2275        1        1
2090        2223        1        1
2037        2143        1        1
2011        2090        1        1
1984        2037        1        1
1958        1984        1        1
1958        1931        1        1
1958        1905        1        1
1931        1879        1        1
1958        1879        1        1
1958        1852        1        1
PEN_UP                  0
PEN_DOWN
2540        1931        1        2
2566        1931        1        2
2593        1931        1        2
2619        1931        1        2
2646        1958        1        2
2699        1958        1        2
2752        1958        1        2
2805        1984        1        2
2858        1984        1        2
2910        1984        1        2
2990        2011        1        2
3069        2011        1        2
3122        2037        1        2
3201        2037        1        2
3254        2037        1        2
3307        2064        1        2
3360        2064        1        2
3387        2064        1        2
3413        2064        1        2
3440        2090        1        2
3413        2090        1        2
3387        2090        1        2
3360        2090        1        2
3334        2117        1        2
3307        2117        1        2
3281        2117        1        2
3254        2143        1        2
3228        2143        1        2
3175        2170        1        2
3122        2196        1        2
3096        2223        1        2
3043        2275        1        2
2990        2328        1        2
2963        2381        1        2
2937        2434        1        2
2910        2487        1        2
2910        2540        1        2
2910        2566        1        2
2937        2619        1        2
2963        2672        1        2
3016        2699        1        2
3069        2725        1        2
3122        2752        1        2
3201        2778        1        2
3254        2805        1        2
3307        2805        1        2
3334        2831        1        2
3387        2831        1        2
3413        2831        1        2
3413        2858        1        2
3440        2858        1        2
3466        2858        1        2
3440        2858        1        2
3413        2884        1        2
3387        2884        1        2
3360        2884        1        2
3334        2910        1        2
3281        2910        1        2
3228        2937        1        2
3175        2937        1        2
3122        2937        1        2
3069        2963        1        2
3016        2963        1        2
2963        2937        1        2
2910        2937        1        2
2858        2937        1        2
2831        2910        1        2
2805        2884        1        2
2778        2831        1        2
2752        2778        1        2
2725        2699        1        2
2725        2619        1        2
2725        2566        1        2
2725        2487        1        2
2725        2434        1        2
2725        2408        1        2
2699        2381        1        2
2699        2355        1        2
PEN_UP                  0
PEN_DOWN
2937        2355        1        3
2910        2328        1        3
2937        2328        1        3
2963        2328        1        3
3016        2328        1        3
3096        2355        1        3
3175        2355        1        3
3254        2355        1        3
3360        2381        1        3
3440        2381        1        3
3519        2408        1        3
3572        2408        1        3
3625        2434        1        3
3678        2434        1        3
3704        2434        1        3
3731        2434        1        3
3704        2434        1        3
3678        2434        1        3
3651        2461        1        3
3625        2461        1        3
3598        2461        1        3
3572        2487        1        3
3519        2514        1        3
3493        2566        1        3
3440        2619        1        3
3413        2672        1        3
3387        2752        1        3
3360        2805        1        3
3360        2884        1        3
3360        2937        1        3
3360        2990        1        3
3387        3069        1        3
3413        3096        1        3
3466        3149        1        3
3493        3175        1        3
3545        3201        1        3
3572        3228        1        3
3598        3228        1        3
PEN_UP                  0
PEN_DOWN
3572        3043        1        4
3545        3069        1        4
3519        3096        1        4
3466        3122        1        4
3440        3149        1        4
3360        3175        1        4
3307        3201        1        4
3254        3254        1        4
3201        3281        1        4
3175        3281        1        4
3149        3307        1        4
3122        3334        1        4
3122        3360        1        4
3149        3360        1        4
3175        3387        1        4
3228        3387        1        4
3281        3387        1        4
3334        3413        1        4
3413        3413        1        4
3493        3413        1        4
3545        3440        1        4
3598        3440        1        4
3625        3440        1        4
3651        3466        1        4
3678        3466        1        4
3704        3466        1        4
3704        3440        1        4
3678        3413        1        4
PEN_UP                  0
PEN_DOWN
3651        3069        1        5
3651        3043        1        5
3651        3016        1        5
3651        2990        1        5
3625        2990        1        5
3625        2963        1        5
3651        2990        1        5
3651        3016        1        5
3651        3043        1        5
3651        3096        1        5
3651        3122        1        5
3651        3175        1        5
3651        3201        1        5
3651        3254        1        5
3651        3281        1        5
3678        3334        1        5
3678        3360        1        5
3678        3387        1        5
3651        3387        1        5
PEN_UP                  0
PEN_DOWN
2328        1640        1        6
2302        1640        1        6
2302        1614        1        6
2328        1640        1        6
2355        1640        1        6
2408        1640        1        6
2514        1667        1        6
2619        1667        1        6
2805        1667        1        6
2990        1667        1        6
3228        1667        1        6
3466        1667        1        6
3704        1667        1        6
3889        1667        1        6
4075        1667        1        6
4207        1693        1        6
4313        1693        1        6
4366        1693        1        6
4419        1693        1        6
4419        1720        1        6
4392        1720        1        6
4366        1720        1        6
4339        1746        1        6
4286        1746        1        6
PEN_UP                  0
END_CHARACTER: JJB
