CHARACTER_NAME: OU
STROKE_COUNT: 2
  X           Y   STYLUS_STATE STROKE
PEN_DOWN
2434        1852        1        1
2408        1879        1        1
2408        1905        1        1
2381        1905        1        1
2355        1931        1        1
2328        1931        1        1
2302        1958        1        1
2275        1958        1        1
2249        1984        1        1
2223        1984        1        1
2196        1984        1        1
2170        1984        1        1
2170        1958        1        1
2143        1958        1        1
2143        1931        1        1
2117        1931        1        1
2090        1905        1        1
2090        1879        1        1
2090        1852        1        1
2090        1826        1        1
2090        1799        1        1
2090        1773        1        1
2117        1746        1        1
2117        1720        1        1
2117        1693        1        1
2143        1667        1        1
2143        1640        1        1
2143        1614        1        1
2170        1614        1        1
2170        1588        1        1
2170        1561        1        1
2196        1535        1        1
2223        1508        1        1
2223        1482        1        1
2249        1482        1        1
2275        1455        1        1
2302        1455        1        1
2328        1429        1        1
2355        1429        1        1
2381        1455        1        1
2408        1455        1        1
2434        1455        1        1
2461        1482        1        1
2487        1482        1        1
2514        1508        1        1
2540        1508        1        1
2566        1535        1        1
2593        1561        1        1
2619        1561        1        1
2619        1588        1        1
2646        1614        1        1
2646        1640        1        1
2672        1667        1        1
2672        1693        1        1
2699        1720        1        1
2699        1746        1        1
2699        1773        1        1
2725        1799        1        1
2725        1826        1        1
2725        1879        1        1
2725        1905        1        1
2725        1931        1        1
2725        1958        1        1
2725        1984        1        1
2699        2011        1        1
2699        2037        1        1
2699        2064        1        1
2672        2090        1        1
2672        2143        1        1
2646        2170        1        1
2619        2196        1        1
2593        2223        1        1
2540        2275        1        1
2514        2302        1        1
2487        2328        1        1
2461        2355        1        1
2434        2408        1        1
2408        2434        1        1
2381        2461        1        1
2355        2487        1        1
2328        2514        1        1
2302        2540        1        1
2302        2566        1        1
2275        2593        1        1
2249        2593        1        1
2249        2619        1        1
2223        2646        1        1
2223        2672        1        1
2196        2672        1        1
2223        2672        1        1
2223        2646        1        1
2249        2646        1        1
2249        2619        1        1
2275        2593        1        1
2302        2593        1        1
2302        2566        1        1
2328        2540        1        1
2355        2540        1        1
2381        2514        1        1
2408        2487        1        1
2434        2461        1        1
2461        2461        1        1
2487        2434        1        1
2540        2434        1        1
2566        2408        1        1
2593        2408        1        1
2619        2408        1        1
2646        2381        1        1
2699        2381        1        1
2725        2381        1        1
2752        2381        1        1
2778        2381        1        1
2831        2381        1        1
2858        2381        1        1
2884        2408        1        1
2910        2408        1        1
2937        2408        1        1
2963        2434        1        1
2963        2461        1        1
2990        2461        1        1
3016        2487        1        1
3016        2514        1        1
3043        2540        1        1
3069        2566        1        1
3069        2593        1        1
3096        2619        1        1
3096        2672        1        1
3122        2699        1        1
3122        2725        1        1
3122        2752        1        1
3149        2805        1        1
3149        2831        1        1
3149        2858        1        1
3175        2884        1        1
3175        2937        1        1
3175        2963        1        1
3175        2990        1        1
3175        3016        1        1
3175        3043        1        1
3175        3096        1        1
3175        3122        1        1
3149        3149        1        1
3149        3175        1        1
3149        3201        1        1
3149        3228        1        1
3122        3254        1        1
3122        3281        1        1
3096        3307        1        1
3096        3334        1        1
3069        3360        1        1
3043        3387        1        1
3016        3387        1        1
2990        3413        1        1
2963        3440        1        1
2937        3440        1        1
2910        3466        1        1
2858        3466        1        1
2831        3493        1        1
2778        3493        1        1
2725        3493        1        1
2672        3493        1        1
2619        3493        1        1
2566        3466        1        1
2487        3466        1        1
2434        3466        1        1
2381        3466        1        1
2328        3440        1        1
2302        3413        1        1
2249        3413        1        1
2196        3387        1        1
2170        3360        1        1
2117        3334        1        1
2090        3307        1        1
2037        3281        1        1
2011        3254        1        1
1958        3228        1        1
1931        3201        1        1
1879        3175        1        1
1826        3149        1        1
1799        3096        1        1
1746        3069        1        1
1720        3043        1        1
1667        3016        1        1
1614        2963        1        1
1588        2937        1        1
1535        2910        1        1
1508        2858        1        1
1455        2831        1        1
1429        2778        1        1
1402        2752        1        1
1349        2699        1        1
1323        2672        1        1
1296        2619        1        1
1270        2593        1        1
1244        2540        1        1
1217        2514        1        1
1164        2461        1        1
1138        2434        1        1
1111        2408        1        1
1085        2381        1        1
1085        2355        1        1
1058        2328        1        1
1032        2328        1        1
1032        2302        1        1
1005        2275        1        1
 979        2249        1        1
1005        2249        1        1
PEN_UP                  0
PEN_DOWN
2752        2328        1        2
2778        2328        1        2
2805        2328        1        2
2831        2302        1        2
2858        2302        1        2
2884        2302        1        2
2884        2275        1        2
2910        2275        1        2
2937        2275        1        2
2963        2275        1        2
2990        2249        1        2
3016        2249        1        2
3043        2249        1        2
3043        2223        1        2
3069        2223        1        2
3069        2196        1        2
3096        2196        1        2
3122        2170        1        2
3122        2143        1        2
3149        2117        1        2
3149        2090        1        2
3149        2064        1        2
3149        2037        1        2
3175        2011        1        2
3175        1984        1        2
3175        1958        1        2
3175        1931        1        2
3175        1905        1        2
3149        1879        1        2
3149        1852        1        2
3149        1826        1        2
3149        1799        1        2
3122        1773        1        2
3122        1720        1        2
3096        1693        1        2
3069        1667        1        2
3043        1614        1        2
3016        1588        1        2
2990        1561        1        2
2963        1508        1        2
2937        1482        1        2
2910        1429        1        2
2884        1402        1        2
2858        1376        1        2
2831        1323        1        2
2805        1296        1        2
2752        1270        1        2
2725        1217        1        2
2672        1191        1        2
2646        1164        1        2
2593        1111        1        2
2566        1085        1        2
2514        1032        1        2
2487        1005        1        2
2461         953        1        2
2434         926        1        2
2408         900        1        2
2381         847        1        2
2381         820        1        2
2381         794        1        2
2381         767        1        2
2381         741        1        2
2381         688        1        2
2408         661        1        2
2434         609        1        2
2487         582        1        2
2514         529        1        2
2566         503        1        2
2619         450        1        2
2646         397        1        2
2699         370        1        2
2725         344        1        2
2752         318        1        2
2778         291        1        2
2778         265        1        2
2805         265        1        2
2805         238        1        2
2831         238        1        2
2805         238        1        2
2805         265        1        2
2805         291        1        2
2778         318        1        2
2752         344        1        2
2752         370        1        2
PEN_UP                  0
END_CHARACTER: OU
