CHARACTER_NAME: FN
STROKE_COUNT: 4
  X           Y   STYLUS_STATE STROKE
PEN_DOWN
1879        1535        1        1
1905        1561        1        1
1958        1561        1        1
2011        1588        1        1
2037        1588        1        1
2090        1614        1        1
2143        1614        1        1
2196        1640        1        1
2223        1640        1        1
2275        1640        1        1
2328        1667        1        1
2355        1667        1        1
2381        1693        1        1
2408        1693        1        1
2434        1720        1        1
2461        1720        1        1
2461        1746        1        1
2434        1746        1        1
2408        1773        1        1
2381        1773        1        1
2355        1799        1        1
2302        1826        1        1
2249        1852        1        1
2223        1905        1        1
2170        1931        1        1
2117        1984        1        1
2064        2011        1        1
2011        2064        1        1
1958        2090        1        1
1931        2117        1        1
1905        2170        1        1
1879        2196        1        1
1852        2223        1        1
1826        2249        1        1
1799        2275        1        1
1773        2302        1        1
1746        2328        1        1
1720        2355        1        1
1746        2355        1        1
1746        2328        1        1
1773        2328        1        1
1799        2302        1        1
1826        2302        1        1
1852        2302        1        1
1879        2302        1        1
1931        2275        1        1
1984        2275        1        1
2011        2275        1        1
2064        2249        1        1
2117        2249        1        1
2170        2249        1        1
2223        2249        1        1
2275        2275        1        1
2328        2275        1        1
2381        2302        1        1
2461        2302        1        1
2514        2328        1        1
2593        2355        1        1
2646        2381        1        1
2699        2408        1        1
2778        2434        1        1
2831        2461        1        1
2884        2487        1        1
2937        2514        1        1
2990        2566        1        1
3043        2593        1        1
3096        2646        1        1
3122        2699        1        1
3175        2725        1        1
3201        2778        1        1
3228        2805        1        1
3254        2831        1        1
3281        2884        1        1
3307        2910        1        1
3334        2937        1        1
3360        2963        1        1
3387        2990        1        1
3413        3016        1        1
3440        3043        1        1
3440        3069        1        1
3466        3096        1        1
3493        3096        1        1
3519        3122        1        1
3519        3149        1        1
3545        3175        1        1
3572        3175        1        1
3572        3201        1        1
3572        3175        1        1
3545        3149        1        1
3545        3122        1        1
3545        3096        1        1
3545        3043        1        1
3519        3016        1        1
3519        2937        1        1
3493        2884        1        1
3493        2805        1        1
3466        2725        1        1
3440        2646        1        1
3413        2566        1        1
3387        2487        1        1
3387        2381        1        1
3360        2302        1        1
3334        2223        1        1
3334        2143        1        1
3307        2064        1        1
3307        1984        1        1
3307        1905        1        1
3307        1852        1        1
3281        1799        1        1
3281        1720        1        1
3254        1667        1        1
3254        1614        1        1
3254        1588        1        1
3228        1535        1        1
3228        1482        1        1
3228        1455        1        1
3201        1429        1        1
3201        1402        1        1
3201        1376        1        1
3201        1349        1        1
3175        1349        1        1
PEN_UP                  0
PEN_DOWN
2302        1826        1        2
2328        1826        1        2
2355        1826        1        2
2381        1826        1        2
2434        1826        1        2
2487        1826        1        2
2540        1826        1        2
2619        1826        1        2
2672        1826        1        2
2752        1852        1        2
2831        1852        1        2
2884        1852        1        2
2963        1852        1        2
3016        1879        1        2
3069        1879        1        2
3122        1879        1        2
3175        1905        1        2
3201        1905        1        2
3254        1931        1        2
3307        1931        1        2
3334        1931        1        2
3360        1931        1        2
3360        1958        1        2
3387        1958        1        2
3413        1958        1        2
3387        1958        1        2
3387        1931        1        2
PEN_UP                  0
PEN_DOWN
3360        1984        1        3
3360        1958        1        3
3360        1931        1        3
3360        1905        1        3
3360        1879        1        3
3387        1879        1        3
3387        1852        1        3
3413        1826        1        3
3413        1799        1        3
3440        1773        1        3
3466        1720        1        3
3493        1693        1        3
3519        1667        1        3
3545        1640        1        3
3598        1614        1        3
3625        1588        1        3
3678        1561        1        3
3704        1561        1        3
3731        1535        1        3
3784        1535        1        3
3810        1535        1        3
3836        1535        1        3
3863        1535        1        3
3889        1561        1        3
3916        1588        1        3
3942        1588        1        3
3969        1614        1        3
3995        1640        1        3
3995        1667        1        3
4022        1720        1        3
4022        1746        1        3
4022        1773        1        3
4022        1799        1        3
4022        1852        1        3
3995        1879        1        3
3969        1905        1        3
3916        1931        1        3
3889        1958        1        3
3863        1984        1        3
3810        2011        1        3
3784        2037        1        3
3731        2064        1        3
3704        2064        1        3
3678        2090        1        3
3651        2090        1        3
3625        2090        1        3
3598        2117        1        3
3625        2090        1        3
3651        2090        1        3
3678        2064        1        3
3704        2064        1        3
3731        2064        1        3
3757        2037        1        3
3784        2064        1        3
3836        2064        1        3
3863        2064        1        3
3889        2064        1        3
3916        2064        1        3
3942        2090        1        3
3969        2117        1        3
3995        2117        1        3
4022        2143        1        3
4022        2170        1        3
4048        2170        1        3
4048        2196        1        3
4048        2223        1        3
4048        2249        1        3
4048        2275        1        3
4022        2302        1        3
3995        2328        1        3
3969        2328        1        3
3942        2328        1        3
3889        2355        1        3
3863        2355        1        3
3810        2355        1        3
3784        2355        1        3
3757        2328        1        3
3704        2328        1        3
3678        2328        1        3
3651        2328        1        3
3625        2302        1        3
3598        2302        1        3
3572        2275        1        3
3545        2275        1        3
3519        2249        1        3
3493        2223        1        3
3466        2196        1        3
3440        2170        1        3
3413        2143        1        3
3387        2117        1        3
3387        2090        1        3
3360        2064        1        3
3334        2037        1        3
3307        2011        1        3
3307        1984        1        3
3281        2011        1        3
PEN_UP                  0
PEN_DOWN
1482        1535        1        4
1535        1535        1        4
1561        1535        1        4
1614        1508        1        4
1667        1508        1        4
1720        1508        1        4
1773        1508        1        4
1826        1482        1        4
1879        1482        1        4
1905        1482        1        4
1958        1482        1        4
2011        1455        1        4
2064        1429        1        4
2117        1429        1        4
2170        1402        1        4
2249        1402        1        4
2302        1376        1        4
2381        1376        1        4
2461        1349        1        4
2514        1349        1        4
2593        1349        1        4
2672        1323        1        4
2725        1323        1        4
2805        1296        1        4
2884        1296        1        4
2937        1296        1        4
3016        1270        1        4
3069        1270        1        4
3096        1244        1        4
3149        1244        1        4
3175        1244        1        4
3201        1244        1        4
3228        1217        1        4
3281        1217        1        4
3307        1217        1        4
3334        1217        1        4
3360        1191        1        4
3413        1191        1        4
3440        1191        1        4
3493        1191        1        4
3519        1191        1        4
3545        1191        1        4
3572        1191        1        4
3598        1191        1        4
3625        1164        1        4
3651        1164        1        4
3678        1164        1        4
3704        1164        1        4
3731        1164        1        4
3757        1164        1        4
3784        1138        1        4
3810        1138        1        4
3836        1138        1        4
3863        1138        1        4
PEN_UP                  0
END_CHARACTER: FN
