CHARACTER_NAME: SPH
STROKE_COUNT: 3
  X           Y   STYLUS_STATE STROKE
PEN_DOWN
 953        1244        1        1
 953        1270        1        1
 979        1296        1        1
 979        1323        1        1
 979        1349        1        1
1005        1376        1        1
1032        1402        1        1
1032        1429        1        1
1058        1455        1        1
1085        1482        1        1
1111        1508        1        1
1138        1535        1        1
1164        1561        1        1
1191        1588        1        1
1217        1614        1        1
1270        1614        1        1
1296        1640        1        1
1349        1640        1        1
1402        1640        1        1
1429        1640        1        1
1482        1640        1        1
1535        1614        1        1
1561        1614        1        1
1614        1614        1        1
1640        1588        1        1
1667        1561        1        1
1693        1561        1        1
1720        1535        1        1
1746        1508        1        1
1773        1482        1        1
1799        1455        1        1
1799        1429        1        1
1826        1402        1        1
1826        1376        1        1
1826        1349        1        1
1826        1323        1        1
1852        1296        1        1
1852        1270        1        1
1852        1244        1        1
1852        1217        1        1
1852        1244        1        1
1879        1244        1        1
1879        1270        1        1
1905        1296        1        1
1905        1323        1        1
1931        1349        1        1
1931        1376        1        1
1958        1402        1        1
1958        1429        1        1
1984        1455        1        1
1984        1482        1        1
2011        1482        1        1
2037        1508        1        1
2064        1508        1        1
2090        1508        1        1
2117        1508        1        1
2170        1508        1        1
2223        1508        1        1
2249        1482        1        1
2302        1455        1        1
2355        1455        1        1
2381        1429        1        1
2434        1402        1        1
2461        1376        1        1
2487        1349        1        1
2487        1323        1        1
2514        1296        1        1
2540        1270        1        1
2540        1244        1        1
2540        1217        1        1
2566        1191        1        1
2566        1164        1        1
2566        1138        1        1
2566        1111        1        1
2566        1085        1        1
2540        1058        1        1
2540        1032        1        1
2540        1005        1        1
2514        1032        1        1
PEN_UP                  0
PEN_DOWN
2593        1349        1        2
2619        1349        1        2
2646        1349        1        2
2699        1376        1        2
2725        1376        1        2
2778        1376        1        2
2831        1376        1        2
2884        1376        1        2
2910        1402        1        2
2963        1402        1        2
2990        1402        1        2
3016        1402        1        2
3043        1429        1        2
3069        1429        1        2
3096        1429        1        2
3069        1455        1        2
3069        1482        1        2
3043        1508        1        2
2990        1535        1        2
2963        1561        1        2
2884        1614        1        2
2831        1640        1        2
2752        1693        1        2
2699        1746        1        2
2619        1799        1        2
2566        1826        1        2
2514        1879        1        2
2461        1905        1        2
2434        1931        1        2
2381        1958        1        2
2355        1984        1        2
2381        1984        1        2
2408        1984        1        2
2461        1984        1        2
2487        1984        1        2
2540        1984        1        2
2619        1984        1        2
2672        1984        1        2
2752        1984        1        2
2831        1984        1        2
2910        2011        1        2
2963        2011        1        2
3043        2037        1        2
3122        2064        1        2
3175        2090        1        2
3254        2117        1        2
3307        2143        1        2
3334        2170        1        2
3387        2196        1        2
3413        2223        1        2
3440        2249        1        2
3466        2275        1        2
3493        2302        1        2
3519        2328        1        2
3545        2355        1        2
3545        2381        1        2
3572        2381        1        2
3572        2408        1        2
3598        2408        1        2
3598        2381        1        2
3572        2355        1        2
3572        2328        1        2
3572        2275        1        2
3545        2223        1        2
3545        2143        1        2
3545        2064        1        2
3519        1984        1        2
3519        1905        1        2
3519        1799        1        2
3493        1720        1        2
3493        1640        1        2
3466        1561        1        2
3466        1508        1        2
3440        1429        1        2
3440        1376        1        2
3440        1323        1        2
3440        1296        1        2
3413        1270        1        2
3413        1244        1        2
3413        1217        1        2
3413        1191        1        2
3440        1191        1        2
3440        1164        1        2
3466        1164        1        2
3493        1164        1        2
3519        1164        1        2
3572        1164        1        2
3598        1164        1        2
3651        1164        1        2
3678        1138        1        2
3731        1164        1        2
3757        1164        1        2
3810        1164        1        2
3836        1164        1        2
3863        1191        1        2
3889        1191        1        2
3916        1217        1        2
3942        1244        1        2
3969        1244        1        2
3995        1296        1        2
4022        1323        1        2
4022        1376        1        2
4022        1402        1        2
4022        1455        1        2
4022        1482        1        2
3995        1508        1        2
3995        1535        1        2
3969        1535        1        2
3942        1535        1        2
3916        1535        1        2
3889        1508        1        2
3889        1482        1        2
3916        1482        1        2
3916        1455        1        2
3942        1455        1        2
3969        1429        1        2
3995        1429        1        2
4022        1429        1        2
4048        1455        1        2
4075        1455        1        2
4075        1482        1        2
PEN_UP                  0
PEN_DOWN
1085        1164        1        3
1111        1164        1        3
1138        1164        1        3
1191        1138        1        3
1244        1138        1        3
1296        1111        1        3
1376        1111        1        3
1455        1085        1        3
1535        1085        1        3
1614        1085        1        3
1693        1058        1        3
1799        1058        1        3
1879        1032        1        3
1958        1032        1        3
2064        1032        1        3
2143        1005        1        3
2223        1005        1        3
2328        1005        1        3
2408         979        1        3
2514         979        1        3
2593         953        1        3
2699         953        1        3
2778         953        1        3
2858         926        1        3
2937         926        1        3
2990         926        1        3
3069         926        1        3
3122         900        1        3
3175         900        1        3
3254         900        1        3
3307         900        1        3
3360         873        1        3
3413         873        1        3
3466         873        1        3
3519         873        1        3
3572         873        1        3
3625         847        1        3
3678         847        1        3
3731         847        1        3
3784         847        1        3
3810         847        1        3
3863         847        1        3
3916         820        1        3
3942         820        1        3
3995         820        1        3
4022         820        1        3
4048         820        1        3
4075         820        1        3
4101         820        1        3
4128         820        1        3
4154         820        1        3
PEN_UP                  0
END_CHARACTER: SPH
