CHARACTER_NAME: SKH
STROKE_COUNT: 3
  X           Y   STYLUS_STATE STROKE
PEN_DOWN
1561        1720        1        1
1561        1746        1        1
1561        1773        1        1
1561        1826        1        1
1561        1852        1        1
1561        1879        1        1
1561        1905        1        1
1561        1931        1        1
1588        1984        1        1
1588        2011        1        1
1614        2037        1        1
1614        2090        1        1
1640        2117        1        1
1667        2143        1        1
1720        2143        1        1
1746        2170        1        1
1799        2170        1        1
1852        2170        1        1
1879        2170        1        1
1931        2170        1        1
1984        2143        1        1
2037        2143        1        1
2064        2117        1        1
2090        2090        1        1
2117        2064        1        1
2143        2037        1        1
2170        2011        1        1
2196        1958        1        1
2196        1931        1        1
2196        1879        1        1
2196        1852        1        1
2223        1826        1        1
2223        1773        1        1
2223        1746        1        1
2223        1720        1        1
2223        1693        1        1
2223        1667        1        1
2223        1640        1        1
2223        1667        1        1
2223        1693        1        1
2223        1720        1        1
2223        1746        1        1
2249        1773        1        1
2249        1799        1        1
2275        1852        1        1
2275        1879        1        1
2302        1905        1        1
2355        1931        1        1
2381        1984        1        1
2408        2011        1        1
2461        2037        1        1
2514        2037        1        1
2540        2064        1        1
2593        2064        1        1
2646        2064        1        1
2699        2064        1        1
2752        2037        1        1
2805        2037        1        1
2831        2011        1        1
2884        1984        1        1
2937        1958        1        1
2963        1905        1        1
2990        1852        1        1
3016        1826        1        1
3043        1773        1        1
3069        1720        1        1
3096        1667        1        1
3096        1640        1        1
3096        1588        1        1
3096        1561        1        1
3069        1508        1        1
3069        1482        1        1
3069        1455        1        1
3043        1429        1        1
3043        1402        1        1
3016        1376        1        1
3016        1349        1        1
2990        1349        1        1
2990        1323        1        1
2963        1323        1        1
2963        1349        1        1
2937        1349        1        1
PEN_UP                  0
PEN_DOWN
2699        2381        1        2
2725        2381        1        2
2752        2381        1        2
2752        2408        1        2
2778        2408        1        2
2805        2381        1        2
2831        2381        1        2
2858        2381        1        2
2858        2355        1        2
2884        2328        1        2
2884        2302        1        2
2884        2275        1        2
2884        2249        1        2
2858        2249        1        2
2831        2223        1        2
2805        2223        1        2
2778        2223        1        2
2752        2223        1        2
2725        2223        1        2
2699        2223        1        2
2672        2223        1        2
2646        2223        1        2
2619        2223        1        2
2593        2249        1        2
2566        2249        1        2
2540        2275        1        2
2514        2302        1        2
2514        2328        1        2
2514        2381        1        2
2514        2408        1        2
2514        2434        1        2
2540        2461        1        2
2540        2487        1        2
2566        2514        1        2
2566        2540        1        2
2593        2566        1        2
2619        2593        1        2
2672        2593        1        2
2699        2619        1        2
2725        2619        1        2
2752        2593        1        2
2805        2593        1        2
2831        2566        1        2
2884        2540        1        2
2910        2514        1        2
2937        2461        1        2
2963        2434        1        2
2990        2381        1        2
3016        2328        1        2
3016        2302        1        2
3016        2249        1        2
3043        2223        1        2
3043        2170        1        2
3016        2143        1        2
3016        2117        1        2
3016        2090        1        2
2990        2064        1        2
2990        2037        1        2
2990        2011        1        2
3016        2011        1        2
3043        2011        1        2
3069        2011        1        2
3096        2011        1        2
3122        2037        1        2
3149        2037        1        2
3175        2064        1        2
3201        2064        1        2
3228        2090        1        2
3254        2117        1        2
3281        2170        1        2
3307        2196        1        2
3307        2223        1        2
3334        2275        1        2
3334        2328        1        2
3334        2381        1        2
3334        2434        1        2
3307        2487        1        2
3307        2540        1        2
3281        2619        1        2
3254        2672        1        2
3228        2725        1        2
3201        2778        1        2
3175        2831        1        2
3149        2858        1        2
3122        2910        1        2
3096        2937        1        2
3069        2963        1        2
3043        2990        1        2
3016        3016        1        2
2990        3016        1        2
2963        3016        1        2
2937        3016        1        2
2910        3043        1        2
2884        3043        1        2
2858        3043        1        2
2884        3016        1        2
2910        3016        1        2
2937        3016        1        2
2963        2990        1        2
2990        2990        1        2
3043        2990        1        2
3069        2990        1        2
3122        2990        1        2
3175        2990        1        2
3201        2990        1        2
3254        2990        1        2
3281        3016        1        2
3334        3016        1        2
3360        3043        1        2
3413        3043        1        2
3440        3069        1        2
3466        3096        1        2
3493        3122        1        2
3519        3122        1        2
3545        3149        1        2
3545        3175        1        2
3572        3175        1        2
3598        3201        1        2
3625        3201        1        2
3625        3228        1        2
3651        3228        1        2
3651        3201        1        2
3651        3175        1        2
3651        3149        1        2
3651        3096        1        2
3625        3043        1        2
3625        2963        1        2
3625        2884        1        2
3625        2805        1        2
3625        2699        1        2
3598        2593        1        2
3598        2514        1        2
3598        2408        1        2
3572        2328        1        2
3545        2223        1        2
3545        2143        1        2
3519        2064        1        2
3493        1958        1        2
3466        1879        1        2
3440        1773        1        2
3440        1693        1        2
3413        1640        1        2
3413        1561        1        2
3387        1508        1        2
3387        1455        1        2
3387        1429        1        2
3360        1376        1        2
3360        1349        1        2
3360        1323        1        2
3360        1296        1        2
3360        1270        1        2
3360        1244        1        2
3360        1217        1        2
3334        1217        1        2
3334        1191        1        2
3360        1191        1        2
3387        1191        1        2
3413        1164        1        2
3466        1164        1        2
3519        1164        1        2
3598        1164        1        2
3678        1138        1        2
3757        1138        1        2
3863        1111        1        2
3942        1111        1        2
4022        1111        1        2
4101        1085        1        2
4154        1085        1        2
4207        1085        1        2
4260        1085        1        2
4286        1058        1        2
4313        1058        1        2
4339        1058        1        2
4313        1058        1        2
4286        1085        1        2
PEN_UP                  0
PEN_DOWN
1270        1588        1        3
1270        1614        1        3
1244        1614        1        3
1217        1614        1        3
1244        1588        1        3
1270        1588        1        3
1296        1588        1        3
1349        1561        1        3
1402        1561        1        3
1482        1535        1        3
1561        1535        1        3
1640        1508        1        3
1720        1482        1        3
1799        1482        1        3
1852        1455        1        3
1931        1429        1        3
2011        1429        1        3
2064        1402        1        3
2143        1402        1        3
2223        1376        1        3
2275        1376        1        3
2355        1349        1        3
2408        1349        1        3
2461        1323        1        3
2540        1323        1        3
2593        1323        1        3
2646        1296        1        3
2672        1296        1        3
2725        1296        1        3
2752        1296        1        3
2805        1270        1        3
2831        1270        1        3
2858        1270        1        3
2884        1270        1        3
2910        1270        1        3
2937        1244        1        3
2963        1244        1        3
2990        1244        1        3
3016        1244        1        3
3043        1244        1        3
3069        1244        1        3
3096        1244        1        3
3122        1217        1        3
3149        1217        1        3
3175        1217        1        3
3201        1217        1        3
PEN_UP                  0
END_CHARACTER: SKH
