CHARACTER_NAME: NGC
STROKE_COUNT: 2
  X           Y   STYLUS_STATE STROKE
PEN_DOWN
1508        1614        1        1
1535        1614        1        1
1508        1640        1        1
1508        1667        1        1
1482        1667        1        1
1482        1693        1        1
1455        1693        1        1
1429        1720        1        1
1402        1720        1        1
1376        1720        1        1
1349        1693        1        1
1323        1667        1        1
1296        1640        1        1
1270        1614        1        1
1270        1588        1        1
1270        1535        1        1
1244        1508        1        1
1244        1455        1        1
1244        1429        1        1
1270        1402        1        1
1270        1376        1        1
1270        1349        1        1
1296        1323        1        1
1296        1296        1        1
1323        1270        1        1
1349        1270        1        1
1376        1244        1        1
1402        1244        1        1
1429        1217        1        1
1455        1217        1        1
1482        1217        1        1
1508        1191        1        1
1535        1217        1        1
1561        1217        1        1
1588        1217        1        1
1614        1217        1        1
1667        1217        1        1
1693        1244        1        1
1720        1244        1        1
1746        1270        1        1
1773        1296        1        1
1773        1323        1        1
1799        1376        1        1
1799        1402        1        1
1799        1482        1        1
1826        1535        1        1
1826        1588        1        1
1799        1640        1        1
1799        1720        1        1
1773        1773        1        1
1773        1826        1        1
1746        1905        1        1
1693        1958        1        1
1667        2011        1        1
1614        2064        1        1
1588        2117        1        1
1535        2170        1        1
1482        2223        1        1
1429        2249        1        1
1376        2302        1        1
1349        2328        1        1
1323        2381        1        1
1270        2408        1        1
1244        2434        1        1
1217        2434        1        1
1191        2461        1        1
1191        2487        1        1
1164        2487        1        1
1164        2514        1        1
1138        2514        1        1
1164        2514        1        1
1164        2487        1        1
1191        2487        1        1
1217        2487        1        1
1270        2461        1        1
1296        2461        1        1
1349        2434        1        1
1429        2434        1        1
1482        2434        1        1
1561        2434        1        1
1640        2434        1        1
1693        2434        1        1
1746        2434        1        1
1799        2461        1        1
1852        2461        1        1
1879        2487        1        1
1931        2514        1        1
1958        2540        1        1
2011        2566        1        1
2037        2593        1        1
2090        2646        1        1
2117        2672        1        1
2170        2699        1        1
2196        2752        1        1
2249        2778        1        1
2275        2831        1        1
2328        2858        1        1
2355        2884        1        1
2381        2910        1        1
2408        2937        1        1
2434        2963        1        1
2461        2963        1        1
2461        2990        1        1
2487        2990        1        1
2487        3016        1        1
2514        3016        1        1
2514        3043        1        1
2540        3043        1        1
2540        3016        1        1
2514        3016        1        1
2514        2963        1        1
2514        2937        1        1
2514        2884        1        1
2487        2831        1        1
2487        2752        1        1
2487        2672        1        1
2487        2593        1        1
2461        2514        1        1
2461        2434        1        1
2461        2328        1        1
2434        2249        1        1
2434        2170        1        1
2408        2090        1        1
2408        1984        1        1
2408        1905        1        1
2381        1826        1        1
2381        1720        1        1
2381        1667        1        1
2355        1588        1        1
2355        1535        1        1
2355        1482        1        1
2355        1429        1        1
2328        1402        1        1
2328        1376        1        1
2328        1349        1        1
2328        1323        1        1
2328        1296        1        1
2328        1270        1        1
2328        1244        1        1
2328        1217        1        1
2328        1191        1        1
2328        1164        1        1
2328        1138        1        1
PEN_UP                  0
PEN_DOWN
2540        1852        1        2
2540        1879        1        2
2514        1852        1        2
2487        1826        1        2
2487        1799        1        2
2514        1799        1        2
2514        1773        1        2
2514        1746        1        2
2514        1720        1        2
2540        1720        1        2
2540        1693        1        2
2566        1667        1        2
2593        1640        1        2
2619        1614        1        2
2646        1588        1        2
2699        1561        1        2
2725        1561        1        2
2752        1535        1        2
2805        1508        1        2
2831        1508        1        2
2884        1508        1        2
2910        1482        1        2
2937        1482        1        2
2990        1482        1        2
3016        1508        1        2
3043        1508        1        2
3069        1508        1        2
3096        1535        1        2
3096        1561        1        2
3096        1588        1        2
3122        1614        1        2
3122        1640        1        2
3122        1693        1        2
3096        1720        1        2
3069        1773        1        2
3043        1799        1        2
3016        1826        1        2
2990        1852        1        2
2963        1879        1        2
2937        1905        1        2
2910        1905        1        2
2910        1931        1        2
2910        1905        1        2
2937        1905        1        2
2963        1905        1        2
2963        1879        1        2
2990        1879        1        2
3016        1879        1        2
3043        1879        1        2
3069        1879        1        2
3096        1879        1        2
3122        1905        1        2
3149        1905        1        2
3175        1931        1        2
3201        1931        1        2
3201        1958        1        2
3228        1984        1        2
3228        2011        1        2
3228        2037        1        2
3228        2064        1        2
3228        2090        1        2
3228        2117        1        2
3201        2143        1        2
3175        2170        1        2
3122        2196        1        2
3096        2223        1        2
3043        2223        1        2
3016        2223        1        2
2963        2223        1        2
2910        2223        1        2
2884        2223        1        2
2831        2196        1        2
2778        2170        1        2
2725        2143        1        2
2672        2117        1        2
2646        2090        1        2
2619        2037        1        2
2566        2011        1        2
2540        1984        1        2
2514        1984        1        2
2514        1958        1        2
2487        1931        1        2
2487        1905        1        2
2461        1905        1        2
2461        1879        1        2
2434        1879        1        2
PEN_UP                  0
END_CHARACTER: NGC
