CHARACTER_NAME: XM
STROKE_COUNT: 3
  X           Y   STYLUS_STATE STROKE
PEN_DOWN
 979        1138        1        1
 953        1138        1        1
 953        1111        1        1
 953        1085        1        1
 979        1058        1        1
 979        1032        1        1
1005        1032        1        1
1005        1005        1        1
1032        1005        1        1
1058         979        1        1
1085         979        1        1
1111         979        1        1
1138         953        1        1
1191         953        1        1
1217         953        1        1
1244         953        1        1
1296         953        1        1
1323         979        1        1
1349         979        1        1
1402        1005        1        1
1429        1005        1        1
1455        1032        1        1
1482        1085        1        1
1508        1111        1        1
1535        1138        1        1
1561        1191        1        1
1561        1217        1        1
1561        1270        1        1
1535        1323        1        1
1508        1402        1        1
1482        1455        1        1
1429        1508        1        1
1402        1561        1        1
1349        1614        1        1
1296        1667        1        1
1244        1720        1        1
1217        1746        1        1
1164        1773        1        1
1138        1799        1        1
1111        1826        1        1
1085        1852        1        1
1058        1852        1        1
1058        1879        1        1
1032        1879        1        1
1032        1852        1        1
1005        1852        1        1
1005        1826        1        1
1005        1799        1        1
1005        1773        1        1
1032        1773        1        1
1032        1746        1        1
1032        1720        1        1
1058        1720        1        1
1058        1693        1        1
1085        1667        1        1
1111        1640        1        1
1138        1614        1        1
1164        1588        1        1
1191        1588        1        1
1217        1561        1        1
1270        1535        1        1
1296        1535        1        1
1323        1508        1        1
1349        1508        1        1
1376        1482        1        1
1402        1482        1        1
1455        1482        1        1
1482        1455        1        1
1508        1455        1        1
1561        1482        1        1
1614        1482        1        1
1640        1482        1        1
1693        1508        1        1
1720        1508        1        1
1773        1535        1        1
1799        1561        1        1
1852        1561        1        1
1879        1588        1        1
1905        1614        1        1
1931        1614        1        1
1958        1640        1        1
1984        1667        1        1
1984        1693        1        1
2011        1693        1        1
2011        1720        1        1
2037        1746        1        1
2037        1773        1        1
2064        1799        1        1
2064        1826        1        1
2090        1852        1        1
2090        1879        1        1
2090        1905        1        1
2090        1931        1        1
2090        1958        1        1
2090        1984        1        1
2064        1984        1        1
2064        2011        1        1
2064        2037        1        1
2037        2037        1        1
2037        2064        1        1
2037        2090        1        1
2011        2090        1        1
2011        2117        1        1
1984        2117        1        1
1984        2143        1        1
1958        2143        1        1
1958        2170        1        1
1931        2170        1        1
1931        2196        1        1
1905        2196        1        1
1905        2223        1        1
1879        2223        1        1
1852        2223        1        1
1852        2249        1        1
1826        2249        1        1
1826        2275        1        1
1799        2275        1        1
1773        2275        1        1
1773        2302        1        1
1746        2302        1        1
1720        2275        1        1
1720        2249        1        1
1746        2223        1        1
1746        2196        1        1
1773        2170        1        1
1799        2143        1        1
1826        2143        1        1
1852        2117        1        1
1879        2090        1        1
1905        2090        1        1
1931        2064        1        1
1958        2064        1        1
1984        2037        1        1
2011        2037        1        1
2037        2037        1        1
2064        2037        1        1
2090        2011        1        1
2117        2011        1        1
2143        2037        1        1
2170        2037        1        1
2196        2037        1        1
2249        2037        1        1
2275        2064        1        1
2302        2064        1        1
2355        2090        1        1
2381        2090        1        1
2434        2117        1        1
2461        2143        1        1
2487        2170        1        1
2514        2170        1        1
2566        2196        1        1
2593        2223        1        1
2619        2249        1        1
2646        2275        1        1
2672        2302        1        1
2699        2302        1        1
2699        2328        1        1
2725        2355        1        1
2752        2381        1        1
2778        2408        1        1
2778        2381        1        1
2752        2355        1        1
2752        2328        1        1
2752        2275        1        1
2725        2223        1        1
2725        2170        1        1
2725        2117        1        1
2725        2064        1        1
2699        1984        1        1
2699        1905        1        1
2672        1852        1        1
2672        1773        1        1
2646        1667        1        1
2619        1588        1        1
2593        1508        1        1
2593        1429        1        1
2566        1323        1        1
2566        1270        1        1
2540        1191        1        1
2540        1138        1        1
2540        1085        1        1
2514        1032        1        1
2514        1005        1        1
2514         953        1        1
2514         926        1        1
2514         900        1        1
2487         873        1        1
2487         847        1        1
2487         820        1        1
2487         794        1        1
2461         767        1        1
2461         794        1        1
2434         820        1        1
2408         820        1        1
2408         847        1        1
2381         847        1        1
2381         873        1        1
2355         873        1        1
2355         900        1        1
2355         926        1        1
2328         926        1        1
2328         953        1        1
2328         979        1        1
2328        1005        1        1
2355        1032        1        1
2381        1058        1        1
2408        1058        1        1
2434        1085        1        1
2461        1085        1        1
2487        1085        1        1
2540        1111        1        1
2566        1111        1        1
2619        1111        1        1
2646        1138        1        1
2699        1138        1        1
2725        1138        1        1
2778        1138        1        1
2805        1138        1        1
2858        1138        1        1
2884        1138        1        1
2910        1138        1        1
2937        1111        1        1
2990        1111        1        1
3016        1111        1        1
3043        1111        1        1
3069        1111        1        1
3096        1111        1        1
3149        1111        1        1
3175        1111        1        1
3201        1138        1        1
3254        1138        1        1
3281        1138        1        1
3307        1138        1        1
3334        1138        1        1
3360        1138        1        1
3387        1164        1        1
3413        1164        1        1
3440        1191        1        1
3466        1191        1        1
3466        1217        1        1
3493        1244        1        1
3519        1270        1        1
3519        1296        1        1
3545        1323        1        1
3545        1349        1        1
3545        1376        1        1
3545        1402        1        1
3519        1429        1        1
3519        1455        1        1
3519        1482        1        1
3493        1508        1        1
3466        1535        1        1
3440        1561        1        1
3413        1588        1        1
3387        1588        1        1
3387        1614        1        1
3360        1614        1        1
3334        1614        1        1
3307        1614        1        1
3281        1588        1        1
3254        1561        1        1
3254        1535        1        1
3254        1508        1        1
3254        1482        1        1
3254        1455        1        1
3254        1429        1        1
3281        1402        1        1
3307        1376        1        1
3334        1376        1        1
3360        1376        1        1
3360        1349        1        1
3387        1349        1        1
3413        1349        1        1
3440        1349        1        1
3440        1376        1        1
3413        1376        1        1
3413        1349        1        1
PEN_UP                  0
PEN_DOWN
2805        2381        1        2
2778        2381        1        2
2778        2355        1        2
2752        2328        1        2
2725        2328        1        2
2699        2328        1        2
2672        2328        1        2
2646        2328        1        2
2619        2355        1        2
2593        2355        1        2
2566        2355        1        2
2540        2381        1        2
2514        2408        1        2
2487        2434        1        2
2461        2434        1        2
2434        2461        1        2
2408        2487        1        2
2408        2514        1        2
2408        2540        1        2
2381        2566        1        2
2381        2593        1        2
2381        2619        1        2
2408        2646        1        2
2408        2672        1        2
2434        2672        1        2
2461        2699        1        2
2487        2699        1        2
2514        2699        1        2
2540        2699        1        2
2566        2699        1        2
2619        2699        1        2
2646        2699        1        2
2672        2699        1        2
2699        2699        1        2
2752        2725        1        2
2778        2725        1        2
2805        2725        1        2
2831        2752        1        2
2858        2752        1        2
2884        2778        1        2
2910        2778        1        2
2937        2805        1        2
2963        2805        1        2
2963        2831        1        2
2963        2858        1        2
2990        2858        1        2
2990        2884        1        2
2963        2910        1        2
2963        2937        1        2
2937        2963        1        2
2910        2990        1        2
2884        2990        1        2
2831        3016        1        2
2778        3043        1        2
2752        3043        1        2
2725        3043        1        2
2672        3043        1        2
2646        3043        1        2
2619        3043        1        2
2593        3043        1        2
2593        3016        1        2
2566        3016        1        2
2566        2990        1        2
2540        2990        1        2
2540        2963        1        2
2540        2937        1        2
2540        2910        1        2
2566        2910        1        2
2593        2884        1        2
2619        2858        1        2
2672        2858        1        2
2725        2831        1        2
2778        2805        1        2
2858        2805        1        2
2910        2778        1        2
2990        2778        1        2
3069        2752        1        2
3122        2752        1        2
3201        2752        1        2
3254        2752        1        2
3334        2752        1        2
3387        2752        1        2
3440        2752        1        2
3493        2778        1        2
3545        2778        1        2
3625        2778        1        2
3651        2778        1        2
3704        2805        1        2
3757        2805        1        2
3784        2805        1        2
3836        2805        1        2
3863        2831        1        2
3889        2831        1        2
3916        2831        1        2
3942        2858        1        2
3969        2858        1        2
3995        2858        1        2
3995        2831        1        2
3995        2805        1        2
3995        2778        1        2
3969        2752        1        2
3969        2725        1        2
3969        2699        1        2
3942        2672        1        2
3942        2619        1        2
3916        2566        1        2
3889        2514        1        2
3863        2487        1        2
3863        2434        1        2
3836        2381        1        2
3810        2302        1        2
3784        2249        1        2
3731        2196        1        2
3704        2143        1        2
3678        2090        1        2
3651        2011        1        2
3625        1958        1        2
3598        1879        1        2
3572        1799        1        2
3545        1720        1        2
3545        1640        1        2
3519        1561        1        2
3493        1482        1        2
3493        1429        1        2
3466        1349        1        2
3466        1296        1        2
3440        1244        1        2
3440        1191        1        2
3440        1164        1        2
3413        1111        1        2
3413        1085        1        2
3413        1032        1        2
3387        1005        1        2
3387         953        1        2
3387         926        1        2
3360         900        1        2
3360         873        1        2
3360         847        1        2
3334         820        1        2
3334         794        1        2
3307         767        1        2
3307         741        1        2
3307         714        1        2
3281         741        1        2
3281         767        1        2
PEN_UP                  0
PEN_DOWN
 794        1005        1        3
 820        1005        1        3
 847        1005        1        3
 873        1005        1        3
 900        1005        1        3
 926         979        1        3
 953         979        1        3
1005         979        1        3
1058         953        1        3
1138         953        1        3
1191         926        1        3
1270         926        1        3
1349         900        1        3
1429         900        1        3
1535         873        1        3
1614         847        1        3
1720         820        1        3
1799         820        1        3
1879         794        1        3
1958         794        1        3
2011         767        1        3
2090         741        1        3
2170         741        1        3
2249         714        1        3
2328         714        1        3
2434         688        1        3
2514         661        1        3
2593         661        1        3
2672         635        1        3
2752         635        1        3
2805         609        1        3
2884         609        1        3
2937         582        1        3
3016         582        1        3
3069         556        1        3
3149         529        1        3
3201         529        1        3
3254         529        1        3
3307         503        1        3
3334         503        1        3
3387         503        1        3
3413         476        1        3
3440         476        1        3
3466         476        1        3
3493         476        1        3
3519         476        1        3
3545         450        1        3
3572         450        1        3
3598         423        1        3
3625         423        1        3
3678         423        1        3
3678         397        1        3
3704         397        1        3
3731         397        1        3
PEN_UP                  0
END_CHARACTER: XM
