CHARACTER_NAME: TRU
STROKE_COUNT: 3
  X           Y   STYLUS_STATE STROKE
PEN_DOWN
2725        1720        1        1
2699        1746        1        1
2672        1773        1        1
2646        1799        1        1
2619        1826        1        1
2593        1852        1        1
2540        1879        1        1
2514        1879        1        1
2461        1879        1        1
2408        1905        1        1
2355        1879        1        1
2328        1879        1        1
2275        1852        1        1
2249        1826        1        1
2223        1799        1        1
2196        1773        1        1
2170        1746        1        1
2170        1693        1        1
2143        1667        1        1
2143        1614        1        1
2143        1561        1        1
2170        1508        1        1
2170        1455        1        1
2196        1402        1        1
2223        1376        1        1
2223        1323        1        1
2275        1296        1        1
2302        1270        1        1
2328        1270        1        1
2355        1244        1        1
2381        1244        1        1
2408        1244        1        1
2461        1270        1        1
2487        1270        1        1
2514        1296        1        1
2566        1323        1        1
2593        1376        1        1
2619        1402        1        1
2646        1455        1        1
2672        1508        1        1
2699        1588        1        1
2725        1640        1        1
2752        1720        1        1
2752        1799        1        1
2778        1879        1        1
2778        1958        1        1
2805        2037        1        1
2805        2117        1        1
2831        2196        1        1
2831        2249        1        1
2831        2328        1        1
2858        2381        1        1
2858        2434        1        1
2858        2487        1        1
2858        2540        1        1
2858        2593        1        1
2884        2646        1        1
2884        2699        1        1
2884        2752        1        1
2884        2778        1        1
2884        2805        1        1
2910        2831        1        1
2910        2858        1        1
2910        2884        1        1
2910        2858        1        1
2884        2831        1        1
2884        2805        1        1
2858        2778        1        1
2858        2752        1        1
2858        2725        1        1
2831        2699        1        1
2805        2699        1        1
2805        2672        1        1
2778        2672        1        1
2752        2646        1        1
2725        2646        1        1
2699        2646        1        1
2672        2646        1        1
2619        2672        1        1
2566        2672        1        1
2514        2699        1        1
2461        2725        1        1
2408        2752        1        1
2328        2778        1        1
2302        2805        1        1
2249        2831        1        1
2196        2858        1        1
2170        2884        1        1
2117        2937        1        1
2064        2963        1        1
2011        2990        1        1
1958        3016        1        1
1905        3043        1        1
1852        3043        1        1
1799        3069        1        1
1773        3069        1        1
1720        3043        1        1
1667        3043        1        1
1640        3043        1        1
1588        3016        1        1
1561        3016        1        1
1508        2990        1        1
1482        2963        1        1
1429        2937        1        1
1376        2910        1        1
1349        2884        1        1
1296        2831        1        1
1270        2805        1        1
1244        2778        1        1
1217        2725        1        1
1217        2699        1        1
1191        2672        1        1
1191        2646        1        1
1191        2619        1        1
1217        2593        1        1
1244        2566        1        1
1270        2566        1        1
PEN_UP                  0
PEN_DOWN
2884        2275        1        2
2910        2275        1        2
2910        2302        1        2
2937        2302        1        2
2937        2328        1        2
2963        2328        1        2
2990        2328        1        2
3016        2355        1        2
3043        2355        1        2
3069        2355        1        2
3096        2355        1        2
3149        2355        1        2
3175        2355        1        2
3201        2328        1        2
3254        2328        1        2
3281        2302        1        2
3334        2275        1        2
3360        2275        1        2
3387        2249        1        2
3440        2223        1        2
3466        2170        1        2
3493        2143        1        2
3519        2117        1        2
3545        2064        1        2
3545        2037        1        2
3572        1984        1        2
3572        1931        1        2
3572        1905        1        2
3572        1852        1        2
3572        1799        1        2
3545        1746        1        2
3545        1720        1        2
3519        1693        1        2
3493        1667        1        2
3466        1640        1        2
3466        1614        1        2
3440        1614        1        2
3413        1614        1        2
3387        1614        1        2
3360        1614        1        2
3334        1640        1        2
3334        1667        1        2
3334        1693        1        2
3334        1720        1        2
3360        1720        1        2
3387        1746        1        2
3413        1746        1        2
3440        1720        1        2
3466        1693        1        2
3466        1667        1        2
PEN_UP                  0
PEN_DOWN
1164        1482        1        3
1111        1482        1        3
1085        1482        1        3
1058        1482        1        3
1085        1455        1        3
1138        1429        1        3
1191        1429        1        3
1244        1402        1        3
1323        1376        1        3
1402        1349        1        3
1482        1323        1        3
1588        1323        1        3
1693        1296        1        3
1773        1270        1        3
1879        1244        1        3
1984        1217        1        3
2064        1191        1        3
2170        1191        1        3
2249        1164        1        3
2355        1138        1        3
2434        1138        1        3
2514        1111        1        3
2619        1111        1        3
2699        1085        1        3
2778        1058        1        3
2831        1058        1        3
2910        1032        1        3
2990        1032        1        3
3043        1005        1        3
3096        1005        1        3
3149         979        1        3
3201         979        1        3
3228         979        1        3
3254         953        1        3
3281         953        1        3
3307         953        1        3
3334         953        1        3
PEN_UP                  0
END_CHARACTER: TRU
