CHARACTER_NAME: RA
STROKE_COUNT: 3
  X           Y   STYLUS_STATE STROKE
PEN_DOWN
2434        1429        1        1
2434        1402        1        1
2461        1429        1        1
2461        1455        1        1
2461        1482        1        1
2461        1508        1        1
2487        1535        1        1
2487        1588        1        1
2487        1640        1        1
2487        1720        1        1
2514        1773        1        1
2514        1826        1        1
2540        1879        1        1
2540        1958        1        1
2566        2011        1        1
2593        2064        1        1
2619        2117        1        1
2646        2170        1        1
2672        2223        1        1
2672        2302        1        1
2699        2355        1        1
2699        2434        1        1
2725        2487        1        1
2725        2540        1        1
2752        2593        1        1
2752        2646        1        1
2778        2699        1        1
2778        2752        1        1
2805        2805        1        1
2805        2858        1        1
2831        2884        1        1
2831        2937        1        1
2831        2963        1        1
2858        2990        1        1
2858        3016        1        1
2858        3043        1        1
2884        3069        1        1
2884        3096        1        1
2910        3096        1        1
2884        3096        1        1
2858        3069        1        1
2831        3069        1        1
2805        3043        1        1
2778        3043        1        1
2752        3016        1        1
2699        2990        1        1
2646        2963        1        1
2593        2963        1        1
2540        2937        1        1
2487        2937        1        1
2434        2910        1        1
2355        2910        1        1
2302        2910        1        1
2249        2884        1        1
2223        2884        1        1
2170        2884        1        1
2117        2884        1        1
2064        2884        1        1
2037        2884        1        1
1984        2910        1        1
1931        2910        1        1
1905        2910        1        1
1852        2910        1        1
1826        2937        1        1
1799        2937        1        1
1773        2937        1        1
1746        2937        1        1
1720        2963        1        1
1693        2963        1        1
1667        2963        1        1
1640        2963        1        1
1667        2937        1        1
1693        2910        1        1
1720        2858        1        1
1746        2831        1        1
1773        2778        1        1
1799        2725        1        1
1852        2672        1        1
1879        2619        1        1
1931        2540        1        1
1958        2487        1        1
2011        2434        1        1
2037        2381        1        1
2064        2328        1        1
2090        2275        1        1
2117        2223        1        1
2143        2196        1        1
2196        2143        1        1
2196        2117        1        1
2223        2064        1        1
2249        2037        1        1
2275        2011        1        1
2302        1958        1        1
2328        1931        1        1
2355        1879        1        1
2381        1826        1        1
2408        1799        1        1
2408        1746        1        1
2434        1720        1        1
2461        1693        1        1
2461        1667        1        1
2487        1640        1        1
2487        1614        1        1
2487        1588        1        1
2514        1561        1        1
2514        1535        1        1
2540        1535        1        1
2540        1508        1        1
2540        1482        1        1
2566        1482        1        1
2566        1455        1        1
2566        1429        1        1
2593        1429        1        1
2566        1429        1        1
2566        1455        1        1
PEN_UP                  0
PEN_DOWN
2170        2434        1        2
2196        2434        1        2
2223        2434        1        2
2249        2434        1        2
2275        2434        1        2
2328        2434        1        2
2381        2434        1        2
2434        2434        1        2
2487        2434        1        2
2540        2434        1        2
2593        2434        1        2
2646        2434        1        2
2699        2434        1        2
2752        2434        1        2
2778        2434        1        2
2831        2434        1        2
2858        2461        1        2
2884        2461        1        2
PEN_UP                  0
PEN_DOWN
1270        1667        1        3
1323        1667        1        3
1376        1667        1        3
1429        1640        1        3
1508        1640        1        3
1588        1614        1        3
1640        1614        1        3
1720        1588        1        3
1799        1561        1        3
1879        1561        1        3
1931        1535        1        3
2011        1508        1        3
2064        1508        1        3
2117        1482        1        3
2170        1482        1        3
2223        1455        1        3
2275        1455        1        3
2328        1429        1        3
2381        1429        1        3
2461        1429        1        3
2514        1402        1        3
2566        1402        1        3
2646        1376        1        3
2699        1376        1        3
2752        1376        1        3
2778        1376        1        3
2805        1349        1        3
2831        1349        1        3
2858        1349        1        3
2884        1349        1        3
2910        1349        1        3
2937        1349        1        3
2963        1349        1        3
2990        1323        1        3
3016        1323        1        3
3043        1323        1        3
3069        1323        1        3
3043        1323        1        3
3043        1349        1        3
PEN_UP                  0
END_CHARACTER: RA
