CHARACTER_NAME: LA
STROKE_COUNT: 2
  X           Y   STYLUS_STATE STROKE
PEN_DOWN
2514        1191        1        1
2540        1191        1        1
2514        1191        1        1
2540        1191        1        1
2540        1217        1        1
2540        1244        1        1
2566        1296        1        1
2566        1323        1        1
2593        1376        1        1
2593        1402        1        1
2619        1482        1        1
2619        1535        1        1
2646        1588        1        1
2646        1667        1        1
2672        1720        1        1
2699        1773        1        1
2699        1852        1        1
2725        1905        1        1
2725        1958        1        1
2752        2011        1        1
2752        2064        1        1
2778        2117        1        1
2778        2170        1        1
2805        2223        1        1
2805        2249        1        1
2831        2302        1        1
2831        2355        1        1
2858        2408        1        1
2858        2434        1        1
2884        2487        1        1
2884        2514        1        1
2910        2566        1        1
2910        2593        1        1
2937        2619        1        1
2937        2646        1        1
2937        2672        1        1
2963        2699        1        1
2963        2725        1        1
2963        2752        1        1
2990        2752        1        1
2990        2778        1        1
2963        2752        1        1
2963        2725        1        1
2963        2699        1        1
2937        2672        1        1
2937        2646        1        1
2937        2619        1        1
2937        2566        1        1
2910        2540        1        1
2910        2487        1        1
2884        2461        1        1
2884        2434        1        1
2858        2408        1        1
2858        2381        1        1
2831        2355        1        1
2805        2328        1        1
2805        2302        1        1
2778        2275        1        1
2778        2249        1        1
2752        2223        1        1
2725        2196        1        1
2725        2170        1        1
2699        2143        1        1
2672        2143        1        1
2646        2117        1        1
2619        2090        1        1
2593        2064        1        1
2540        2064        1        1
2514        2037        1        1
2487        2011        1        1
2434        1984        1        1
2408        1984        1        1
2355        1958        1        1
2328        1958        1        1
2275        1931        1        1
2249        1931        1        1
2223        1931        1        1
2170        1931        1        1
2143        1931        1        1
2117        1931        1        1
2090        1931        1        1
2090        1958        1        1
2064        1958        1        1
2037        1984        1        1
2011        1984        1        1
2011        2011        1        1
1984        2037        1        1
1984        2064        1        1
1984        2090        1        1
1958        2117        1        1
1958        2170        1        1
1958        2196        1        1
1984        2223        1        1
1984        2249        1        1
1984        2302        1        1
2011        2328        1        1
2011        2355        1        1
2037        2381        1        1
2037        2408        1        1
2064        2434        1        1
2090        2434        1        1
2090        2461        1        1
2117        2461        1        1
2117        2487        1        1
2117        2461        1        1
2090        2461        1        1
2090        2434        1        1
2090        2408        1        1
2064        2408        1        1
2064        2381        1        1
2037        2355        1        1
2037        2328        1        1
2011        2302        1        1
1984        2275        1        1
1958        2249        1        1
1931        2223        1        1
1905        2196        1        1
1879        2170        1        1
1852        2170        1        1
1826        2143        1        1
1799        2117        1        1
1773        2117        1        1
1746        2117        1        1
1693        2090        1        1
1667        2090        1        1
1640        2090        1        1
1614        2117        1        1
1561        2117        1        1
1508        2117        1        1
1482        2143        1        1
1429        2143        1        1
1402        2170        1        1
1349        2196        1        1
1296        2223        1        1
1270        2249        1        1
1217        2275        1        1
1191        2302        1        1
1164        2328        1        1
1138        2355        1        1
1138        2381        1        1
1111        2434        1        1
1111        2487        1        1
1111        2514        1        1
1111        2566        1        1
1111        2619        1        1
1138        2672        1        1
1138        2725        1        1
1191        2778        1        1
1244        2831        1        1
1296        2858        1        1
1349        2910        1        1
1402        2937        1        1
1482        2963        1        1
1535        2990        1        1
1588        3016        1        1
1640        3016        1        1
1693        3016        1        1
1746        3016        1        1
1799        3016        1        1
1826        3016        1        1
1879        2990        1        1
1905        2990        1        1
1931        2963        1        1
1958        2937        1        1
1984        2910        1        1
1984        2884        1        1
2011        2858        1        1
1984        2831        1        1
1984        2805        1        1
1958        2805        1        1
1958        2778        1        1
1931        2778        1        1
1905        2778        1        1
1879        2778        1        1
1852        2805        1        1
1826        2805        1        1
1799        2805        1        1
1773        2805        1        1
PEN_UP                  0
PEN_DOWN
1402        1535        1        2
1429        1508        1        2
1482        1508        1        2
1508        1482        1        2
1561        1482        1        2
1614        1455        1        2
1693        1429        1        2
1746        1402        1        2
1826        1376        1        2
1879        1376        1        2
1931        1349        1        2
2011        1323        1        2
2064        1296        1        2
2143        1296        1        2
2223        1270        1        2
2302        1244        1        2
2381        1244        1        2
2461        1217        1        2
2514        1217        1        2
2593        1191        1        2
2672        1191        1        2
2752        1164        1        2
2805        1164        1        2
2884        1138        1        2
2937        1138        1        2
2990        1111        1        2
3043        1111        1        2
3069        1085        1        2
3096        1085        1        2
3122        1085        1        2
3149        1085        1        2
3175        1058        1        2
3201        1058        1        2
3228        1058        1        2
3201        1058        1        2
3175        1058        1        2
3149        1085        1        2
PEN_UP                  0
END_CHARACTER: LA
