CHARACTER_NAME: HA
STROKE_COUNT: 2
  X           Y   STYLUS_STATE STROKE
PEN_DOWN
2196        2011        1        1
2196        2037        1        1
2196        2064        1        1
2170        2090        1        1
2143        2117        1        1
2143        2143        1        1
2117        2170        1        1
2090        2196        1        1
2064        2223        1        1
2037        2223        1        1
2011        2249        1        1
1984        2223        1        1
1958        2223        1        1
1931        2223        1        1
1905        2196        1        1
1879        2170        1        1
1852        2143        1        1
1852        2117        1        1
1852        2090        1        1
1852        2064        1        1
1852        2037        1        1
1852        2011        1        1
1852        1984        1        1
1879        1958        1        1
1879        1931        1        1
1879        1905        1        1
1905        1879        1        1
1905        1852        1        1
1931        1826        1        1
1958        1799        1        1
1984        1773        1        1
2011        1746        1        1
2037        1720        1        1
2064        1720        1        1
2064        1693        1        1
2090        1693        1        1
2143        1693        1        1
2170        1693        1        1
2196        1693        1        1
2249        1693        1        1
2302        1720        1        1
2328        1746        1        1
2381        1773        1        1
2434        1799        1        1
2487        1852        1        1
2514        1879        1        1
2566        1931        1        1
2593        1984        1        1
2593        2011        1        1
2619        2064        1        1
2593        2143        1        1
2593        2196        1        1
2540        2275        1        1
2514        2355        1        1
2461        2434        1        1
2408        2514        1        1
2355        2566        1        1
2275        2646        1        1
2223        2725        1        1
2170        2778        1        1
2117        2831        1        1
2090        2884        1        1
2037        2910        1        1
2011        2963        1        1
1984        2990        1        1
1958        3016        1        1
1905        3069        1        1
1879        3096        1        1
1852        3122        1        1
1826        3122        1        1
1826        3149        1        1
1799        3149        1        1
1773        3149        1        1
1746        3149        1        1
1720        3122        1        1
1746        3122        1        1
1746        3096        1        1
1746        3069        1        1
1746        3043        1        1
1773        3043        1        1
1799        3016        1        1
1826        2990        1        1
1826        2963        1        1
1852        2963        1        1
1879        2963        1        1
1931        2937        1        1
1958        2963        1        1
1984        2963        1        1
2037        2963        1        1
2064        2990        1        1
2143        3016        1        1
2196        3043        1        1
2275        3069        1        1
2381        3122        1        1
2461        3175        1        1
2566        3201        1        1
2672        3254        1        1
2778        3334        1        1
2858        3387        1        1
2963        3440        1        1
3016        3493        1        1
3096        3545        1        1
3149        3598        1        1
3175        3651        1        1
3228        3678        1        1
3254        3704        1        1
3281        3704        1        1
3281        3678        1        1
3281        3651        1        1
3281        3598        1        1
3281        3545        1        1
PEN_UP                  0
PEN_DOWN
 609        1746        1        2
 635        1746        1        2
 661        1746        1        2
 714        1746        1        2
 767        1746        1        2
 847        1720        1        2
 953        1693        1        2
1058        1667        1        2
1164        1667        1        2
1296        1640        1        2
1429        1614        1        2
1561        1588        1        2
1667        1561        1        2
1799        1535        1        2
1905        1508        1        2
2037        1482        1        2
2143        1455        1        2
2275        1429        1        2
2381        1429        1        2
2487        1402        1        2
2593        1376        1        2
2672        1376        1        2
2752        1349        1        2
2831        1323        1        2
2910        1323        1        2
2990        1296        1        2
3043        1296        1        2
3096        1296        1        2
3122        1270        1        2
3175        1270        1        2
3201        1270        1        2
3228        1270        1        2
3254        1270        1        2
PEN_UP                  0
END_CHARACTER: HA
