CHARACTER_NAME: CCC
STROKE_COUNT: 3
  X           Y   STYLUS_STATE STROKE
PEN_DOWN
1349        1085        1        1
1349        1111        1        1
1376        1111        1        1
1376        1138        1        1
1376        1164        1        1
1402        1191        1        1
1402        1217        1        1
1429        1244        1        1
1429        1270        1        1
1455        1323        1        1
1482        1349        1        1
1482        1402        1        1
1508        1455        1        1
1535        1482        1        1
1561        1535        1        1
1561        1588        1        1
1588        1614        1        1
1588        1640        1        1
1588        1693        1        1
1614        1720        1        1
1614        1746        1        1
1614        1773        1        1
1640        1799        1        1
1640        1826        1        1
1640        1852        1        1
1667        1879        1        1
1667        1905        1        1
1667        1931        1        1
1693        1931        1        1
1693        1958        1        1
1720        1958        1        1
1720        1984        1        1
1746        1984        1        1
1773        1984        1        1
1799        2011        1        1
1826        2011        1        1
1852        2011        1        1
1879        2011        1        1
1905        1984        1        1
1931        1984        1        1
1958        1984        1        1
2011        1958        1        1
2037        1958        1        1
2064        1931        1        1
2090        1931        1        1
2090        1905        1        1
2117        1879        1        1
2143        1879        1        1
2143        1852        1        1
2143        1826        1        1
2170        1826        1        1
2170        1799        1        1
2170        1773        1        1
2170        1746        1        1
2170        1720        1        1
2170        1693        1        1
2170        1667        1        1
2143        1667        1        1
2143        1640        1        1
2143        1614        1        1
2117        1588        1        1
2090        1561        1        1
2090        1535        1        1
2064        1535        1        1
2037        1535        1        1
2011        1508        1        1
1984        1508        1        1
1958        1508        1        1
1931        1482        1        1
1905        1482        1        1
1879        1482        1        1
1852        1482        1        1
1826        1482        1        1
1799        1482        1        1
1773        1455        1        1
1746        1455        1        1
1720        1455        1        1
1720        1429        1        1
1693        1429        1        1
1667        1402        1        1
1640        1402        1        1
1614        1376        1        1
1588        1376        1        1
1561        1376        1        1
1561        1349        1        1
1535        1349        1        1
1508        1349        1        1
1508        1323        1        1
1482        1323        1        1
1455        1323        1        1
1429        1296        1        1
PEN_UP                  0
PEN_DOWN
2011        1032        1        2
2011        1005        1        2
2011        1032        1        2
2011        1058        1        2
2037        1085        1        2
2037        1111        1        2
2037        1138        1        2
2037        1164        1        2
2064        1191        1        2
2064        1217        1        2
2064        1270        1        2
2090        1296        1        2
2090        1323        1        2
2090        1376        1        2
2090        1402        1        2
2117        1455        1        2
2117        1482        1        2
2117        1508        1        2
2117        1561        1        2
2143        1588        1        2
2143        1614        1        2
2143        1667        1        2
2143        1693        1        2
2143        1720        1        2
2170        1746        1        2
2170        1773        1        2
2170        1799        1        2
2196        1799        1        2
2196        1826        1        2
2223        1852        1        2
2249        1879        1        2
2275        1879        1        2
2302        1879        1        2
2328        1879        1        2
2328        1905        1        2
2355        1879        1        2
2381        1879        1        2
2408        1879        1        2
2434        1879        1        2
2434        1852        1        2
2461        1852        1        2
2487        1826        1        2
2514        1826        1        2
2514        1799        1        2
2540        1773        1        2
2540        1746        1        2
2566        1720        1        2
2566        1693        1        2
2566        1667        1        2
2566        1640        1        2
2566        1614        1        2
2566        1588        1        2
2540        1561        1        2
2540        1535        1        2
2514        1535        1        2
2487        1508        1        2
2487        1482        1        2
2461        1482        1        2
2434        1455        1        2
2408        1455        1        2
2381        1455        1        2
2355        1429        1        2
2302        1429        1        2
2275        1429        1        2
2249        1429        1        2
2223        1429        1        2
2196        1429        1        2
2170        1429        1        2
2143        1402        1        2
2117        1402        1        2
2090        1402        1        2
2064        1402        1        2
2090        1402        1        2
2117        1376        1        2
2143        1376        1        2
2170        1349        1        2
2196        1349        1        2
2223        1349        1        2
2249        1323        1        2
2275        1323        1        2
2328        1323        1        2
2355        1323        1        2
2381        1323        1        2
2408        1323        1        2
2434        1323        1        2
2461        1323        1        2
2487        1323        1        2
2514        1323        1        2
2540        1323        1        2
2593        1349        1        2
2619        1349        1        2
2646        1349        1        2
2672        1349        1        2
2699        1376        1        2
2725        1376        1        2
2752        1402        1        2
2778        1402        1        2
2805        1429        1        2
2805        1455        1        2
2831        1482        1        2
2858        1482        1        2
2858        1535        1        2
2884        1561        1        2
2884        1588        1        2
2884        1614        1        2
2884        1640        1        2
2910        1693        1        2
2910        1720        1        2
2910        1746        1        2
2910        1773        1        2
2884        1799        1        2
2884        1852        1        2
2884        1879        1        2
2858        1905        1        2
2858        1931        1        2
2831        1984        1        2
2778        2011        1        2
2752        2037        1        2
2725        2064        1        2
2699        2090        1        2
2646        2143        1        2
2619        2170        1        2
2566        2196        1        2
2540        2223        1        2
2487        2249        1        2
2461        2275        1        2
2434        2302        1        2
2381        2302        1        2
2355        2328        1        2
2328        2355        1        2
2302        2355        1        2
2302        2328        1        2
2328        2302        1        2
2355        2275        1        2
2381        2275        1        2
2408        2249        1        2
2434        2249        1        2
2461        2249        1        2
2487        2249        1        2
2540        2249        1        2
2566        2249        1        2
2619        2249        1        2
2672        2275        1        2
2699        2275        1        2
2752        2275        1        2
2805        2302        1        2
2831        2328        1        2
2884        2328        1        2
2937        2355        1        2
2963        2381        1        2
3016        2408        1        2
3043        2434        1        2
3096        2461        1        2
3122        2514        1        2
3149        2540        1        2
3175        2566        1        2
3201        2593        1        2
3201        2619        1        2
3228        2646        1        2
3254        2672        1        2
3281        2699        1        2
3307        2725        1        2
3307        2752        1        2
3334        2725        1        2
PEN_UP                  0
PEN_DOWN
 847        1244        1        3
 873        1244        1        3
 900        1217        1        3
 926        1217        1        3
 979        1217        1        3
1032        1191        1        3
1111        1164        1        3
1191        1138        1        3
1270        1138        1        3
1349        1111        1        3
1429        1085        1        3
1508        1058        1        3
1588        1032        1        3
1640        1032        1        3
1720        1005        1        3
1773         979        1        3
1826         979        1        3
1905         953        1        3
1958         926        1        3
2011         926        1        3
2090         900        1        3
2143         873        1        3
2196         873        1        3
2249         847        1        3
2302         847        1        3
2328         820        1        3
2355         820        1        3
2381         820        1        3
2408         820        1        3
2434         820        1        3
2461         820        1        3
2461         847        1        3
PEN_UP                  0
END_CHARACTER: CCC
