CHARACTER_NAME: JJB
STROKE_COUNT: 4
  X           Y   STYLUS_STATE STROKE
PEN_DOWN
2117        1032        1        1
2117        1058        1        1
2090        1111        1        1
2064        1138        1        1
2037        1191        1        1
2011        1244        1        1
1984        1296        1        1
1958        1349        1        1
1931        1402        1        1
1905        1429        1        1
1905        1455        1        1
1879        1482        1        1
1879        1508        1        1
1852        1535        1        1
1879        1508        1        1
1905        1482        1        1
1905        1455        1        1
1931        1429        1        1
1958        1429        1        1
1984        1402        1        1
2011        1376        1        1
2037        1349        1        1
2064        1349        1        1
2090        1323        1        1
2117        1323        1        1
2143        1296        1        1
2170        1296        1        1
2196        1296        1        1
2223        1296        1        1
2249        1296        1        1
2275        1323        1        1
2302        1323        1        1
2328        1323        1        1
2355        1349        1        1
2381        1349        1        1
2408        1376        1        1
2434        1402        1        1
2461        1402        1        1
2487        1429        1        1
2514        1455        1        1
2514        1482        1        1
2540        1508        1        1
2566        1535        1        1
2566        1561        1        1
2566        1588        1        1
2593        1614        1        1
2593        1667        1        1
2593        1693        1        1
2593        1720        1        1
2566        1746        1        1
2566        1773        1        1
2566        1799        1        1
2540        1826        1        1
2514        1852        1        1
2487        1879        1        1
2487        1905        1        1
2434        1931        1        1
2408        1958        1        1
2381        1958        1        1
2355        1984        1        1
2328        1984        1        1
2275        2011        1        1
2249        2011        1        1
2196        2011        1        1
2143        2037        1        1
2090        2037        1        1
2037        2011        1        1
2011        2011        1        1
1958        1984        1        1
1905        1984        1        1
1852        1958        1        1
1799        1931        1        1
1746        1905        1        1
1693        1879        1        1
1667        1852        1        1
1614        1799        1        1
1588        1773        1        1
1535        1746        1        1
1508        1720        1        1
1482        1720        1        1
1429        1693        1        1
1429        1667        1        1
1402        1667        1        1
1376        1667        1        1
1376        1640        1        1
1349        1640        1        1
1323        1640        1        1
1323        1667        1        1
1323        1693        1        1
PEN_UP                  0
PEN_DOWN
2143        1164        1        2
2170        1191        1        2
2196        1191        1        2
2223        1217        1        2
2249        1217        1        2
2275        1244        1        2
2302        1244        1        2
2328        1270        1        2
2355        1270        1        2
2381        1296        1        2
2408        1296        1        2
2461        1296        1        2
2487        1323        1        2
2540        1323        1        2
2593        1323        1        2
2646        1323        1        2
2672        1349        1        2
2725        1349        1        2
2752        1349        1        2
2778        1349        1        2
2831        1376        1        2
2858        1376        1        2
2884        1376        1        2
2910        1376        1        2
2937        1376        1        2
2990        1349        1        2
3016        1349        1        2
3043        1349        1        2
3069        1349        1        2
3096        1349        1        2
3122        1323        1        2
3149        1323        1        2
3175        1323        1        2
3201        1296        1        2
3228        1296        1        2
3254        1296        1        2
3281        1296        1        2
3307        1296        1        2
3307        1270        1        2
3281        1270        1        2
3281        1296        1        2
3254        1296        1        2
3228        1323        1        2
3228        1349        1        2
3201        1402        1        2
3175        1429        1        2
3149        1482        1        2
3122        1508        1        2
3096        1561        1        2
3069        1588        1        2
3043        1614        1        2
3043        1667        1        2
3016        1693        1        2
2990        1746        1        2
2963        1773        1        2
2963        1799        1        2
2937        1852        1        2
2910        1879        1        2
2910        1905        1        2
2910        1931        1        2
2884        1931        1        2
2884        1958        1        2
2910        1984        1        2
2910        2011        1        2
2937        2011        1        2
2963        2011        1        2
2990        2011        1        2
3016        2011        1        2
3043        2011        1        2
3069        2011        1        2
3122        1984        1        2
3149        1984        1        2
3175        1958        1        2
3201        1958        1        2
3254        1931        1        2
3281        1931        1        2
3281        1905        1        2
3307        1905        1        2
3334        1879        1        2
3360        1879        1        2
3360        1852        1        2
3360        1879        1        2
3334        1879        1        2
3334        1905        1        2
3307        1931        1        2
3307        1958        1        2
3281        1958        1        2
3254        1984        1        2
3254        2011        1        2
3228        2037        1        2
3201        2064        1        2
3175        2090        1        2
3149        2117        1        2
3096        2143        1        2
3069        2143        1        2
3043        2170        1        2
2990        2196        1        2
2963        2223        1        2
2910        2223        1        2
2884        2249        1        2
2831        2249        1        2
2805        2249        1        2
2752        2249        1        2
2699        2275        1        2
2672        2275        1        2
2619        2275        1        2
2566        2275        1        2
2514        2275        1        2
2461        2275        1        2
2408        2275        1        2
2355        2249        1        2
2302        2249        1        2
2275        2249        1        2
2249        2249        1        2
2196        2223        1        2
2170        2223        1        2
2143        2196        1        2
2117        2196        1        2
PEN_UP                  0
PEN_DOWN
3175        1561        1        3
3175        1588        1        3
3201        1588        1        3
3201        1614        1        3
3228        1614        1        3
3254        1640        1        3
3281        1667        1        3
3307        1667        1        3
3334        1693        1        3
3387        1720        1        3
3413        1720        1        3
3440        1746        1        3
3493        1746        1        3
3519        1773        1        3
3572        1773        1        3
3598        1799        1        3
3651        1799        1        3
3678        1799        1        3
3704        1799        1        3
3731        1826        1        3
3757        1826        1        3
3784        1826        1        3
3810        1826        1        3
3810        1799        1        3
3784        1799        1        3
3757        1826        1        3
3757        1852        1        3
3731        1879        1        3
3704        1905        1        3
3704        1931        1        3
3704        1958        1        3
3678        1984        1        3
3678        2011        1        3
3678        2037        1        3
3678        2064        1        3
3678        2090        1        3
3678        2117        1        3
3704        2143        1        3
3704        2170        1        3
3704        2223        1        3
3731        2249        1        3
3731        2302        1        3
3757        2328        1        3
3757        2381        1        3
3784        2408        1        3
3784        2461        1        3
3810        2487        1        3
3810        2514        1        3
3836        2540        1        3
3836        2566        1        3
3863        2593        1        3
3889        2619        1        3
3889        2646        1        3
3916        2672        1        3
3942        2699        1        3
3969        2699        1        3
3969        2725        1        3
3995        2725        1        3
4022        2752        1        3
4048        2778        1        3
4075        2778        1        3
4101        2805        1        3
4101        2778        1        3
4075        2778        1        3
4048        2752        1        3
4022        2752        1        3
3995        2752        1        3
3942        2752        1        3
3916        2752        1        3
3889        2752        1        3
3836        2752        1        3
3784        2752        1        3
3757        2752        1        3
3704        2752        1        3
3678        2752        1        3
3625        2752        1        3
3598        2752        1        3
3572        2778        1        3
3545        2778        1        3
3519        2778        1        3
3493        2778        1        3
3466        2778        1        3
3440        2805        1        3
3413        2805        1        3
3387        2805        1        3
3360        2805        1        3
3334        2805        1        3
3360        2805        1        3
3360        2778        1        3
3360        2752        1        3
3387        2725        1        3
3387        2699        1        3
3413        2672        1        3
3413        2619        1        3
3440        2593        1        3
3466        2540        1        3
3493        2487        1        3
3519        2434        1        3
3545        2408        1        3
3545        2355        1        3
3572        2328        1        3
3598        2302        1        3
3625        2249        1        3
3625        2223        1        3
3651        2196        1        3
3678        2170        1        3
3678        2143        1        3
3704        2117        1        3
3704        2090        1        3
PEN_UP                  0
PEN_DOWN
1244        1270        1        4
1270        1270        1        4
1296        1270        1        4
1349        1244        1        4
1402        1244        1        4
1455        1217        1        4
1535        1217        1        4
1614        1191        1        4
1693        1164        1        4
1799        1138        1        4
1879        1111        1        4
1958        1111        1        4
2064        1085        1        4
2143        1058        1        4
2223        1032        1        4
2328        1005        1        4
2408         979        1        4
2514         953        1        4
2593         926        1        4
2672         900        1        4
2778         873        1        4
2858         847        1        4
2937         820        1        4
3016         794        1        4
3096         767        1        4
3175         767        1        4
3228         741        1        4
3307         714        1        4
3360         714        1        4
3413         688        1        4
3440         688        1        4
3466         688        1        4
3519         661        1        4
3545         661        1        4
3572         661        1        4
PEN_UP                  0
END_CHARACTER: JJB
