CHARACTER_NAME: TT
STROKE_COUNT: 4
  X           Y   STYLUS_STATE STROKE
PEN_DOWN
1693        1244        1        1
1693        1217        1        1
1693        1244        1        1
1693        1270        1        1
1693        1296        1        1
1693        1323        1        1
1693        1376        1        1
1693        1429        1        1
1693        1482        1        1
1693        1535        1        1
1693        1614        1        1
1693        1667        1        1
1693        1746        1        1
1693        1826        1        1
1667        1879        1        1
1667        1958        1        1
1667        2011        1        1
1667        2064        1        1
1667        2117        1        1
1667        2143        1        1
1667        2196        1        1
1667        2249        1        1
1667        2275        1        1
1693        2328        1        1
1693        2355        1        1
1693        2408        1        1
1693        2461        1        1
1720        2487        1        1
1720        2514        1        1
1720        2566        1        1
1720        2593        1        1
1746        2619        1        1
1746        2646        1        1
1746        2672        1        1
1773        2672        1        1
1773        2699        1        1
1799        2699        1        1
1826        2699        1        1
1852        2699        1        1
1879        2672        1        1
1905        2672        1        1
1931        2646        1        1
1984        2619        1        1
2011        2593        1        1
2037        2566        1        1
2064        2514        1        1
2064        2487        1        1
2090        2461        1        1
2117        2434        1        1
2117        2381        1        1
2143        2355        1        1
2143        2328        1        1
2143        2302        1        1
2143        2275        1        1
2143        2249        1        1
2117        2223        1        1
2090        2223        1        1
2090        2196        1        1
2064        2196        1        1
2037        2223        1        1
2011        2223        1        1
1984        2223        1        1
2011        2223        1        1
PEN_UP                  0
PEN_DOWN
1720        1217        1        2
1720        1191        1        2
1720        1164        1        2
1693        1138        1        2
1693        1111        1        2
1667        1085        1        2
1640        1085        1        2
1640        1058        1        2
1614        1058        1        2
1561        1058        1        2
1535        1058        1        2
1482        1085        1        2
1429        1085        1        2
1376        1085        1        2
1323        1085        1        2
1270        1111        1        2
1217        1111        1        2
1164        1111        1        2
1111        1111        1        2
1058        1111        1        2
1032        1111        1        2
1005        1085        1        2
 953        1085        1        2
 926        1058        1        2
 900        1032        1        2
 873        1005        1        2
 847         979        1        2
 820         926        1        2
 794         900        1        2
 767         873        1        2
 767         820        1        2
 741         794        1        2
 741         741        1        2
 741         714        1        2
 741         688        1        2
 741         661        1        2
 767         635        1        2
 767         582        1        2
 794         582        1        2
 794         556        1        2
 794         529        1        2
 820         503        1        2
 820         529        1        2
 847         556        1        2
PEN_UP                  0
PEN_DOWN
 926        1429        1        3
 926        1402        1        3
 953        1402        1        3
 979        1402        1        3
1005        1402        1        3
1032        1376        1        3
1058        1376        1        3
1085        1376        1        3
1138        1376        1        3
1191        1349        1        3
1217        1349        1        3
1270        1349        1        3
1323        1323        1        3
1376        1323        1        3
1402        1323        1        3
1455        1296        1        3
1508        1296        1        3
1535        1270        1        3
1588        1270        1        3
1614        1270        1        3
1667        1270        1        3
1693        1244        1        3
1720        1244        1        3
1746        1244        1        3
1799        1244        1        3
1826        1217        1        3
1852        1217        1        3
1879        1217        1        3
1931        1191        1        3
1958        1191        1        3
1984        1191        1        3
2011        1164        1        3
2037        1164        1        3
2064        1164        1        3
2090        1164        1        3
2117        1138        1        3
2143        1138        1        3
2170        1138        1        3
2196        1138        1        3
2223        1111        1        3
2249        1111        1        3
2275        1111        1        3
2302        1111        1        3
2328        1085        1        3
2355        1085        1        3
PEN_UP                  0
PEN_DOWN
2090        2752        1        4
2117        2752        1        4
2117        2778        1        4
2117        2805        1        4
2090        2831        1        4
2090        2858        1        4
2090        2884        1        4
2064        2910        1        4
2037        2910        1        4
2037        2937        1        4
2011        2937        1        4
1984        2937        1        4
1958        2937        1        4
1931        2937        1        4
1931        2910        1        4
1905        2884        1        4
1905        2858        1        4
1905        2831        1        4
1905        2805        1        4
1905        2778        1        4
1905        2752        1        4
1931        2725        1        4
1931        2699        1        4
1931        2672        1        4
1931        2646        1        4
1958        2646        1        4
1958        2619        1        4
1984        2619        1        4
2011        2619        1        4
2037        2646        1        4
2064        2646        1        4
2064        2672        1        4
2090        2672        1        4
2117        2672        1        4
2117        2699        1        4
2143        2699        1        4
2143        2725        1        4
2170        2725        1        4
2170        2752        1        4
2196        2778        1        4
2196        2805        1        4
2223        2831        1        4
2223        2858        1        4
2223        2884        1        4
2223        2910        1        4
2223        2937        1        4
2196        2963        1        4
2196        2990        1        4
2196        3016        1        4
2196        3043        1        4
2170        3069        1        4
2170        3096        1        4
2143        3096        1        4
2143        3122        1        4
2143        3149        1        4
2117        3175        1        4
2090        3175        1        4
2090        3201        1        4
2064        3201        1        4
2037        3228        1        4
2011        3228        1        4
1984        3228        1        4
1958        3254        1        4
1931        3254        1        4
1905        3254        1        4
1879        3254        1        4
1852        3254        1        4
1826        3254        1        4
1773        3254        1        4
1746        3228        1        4
1720        3228        1        4
1667        3228        1        4
1614        3201        1        4
1561        3201        1        4
1535        3175        1        4
1482        3149        1        4
1429        3122        1        4
1376        3122        1        4
1323        3096        1        4
1296        3069        1        4
1244        3043        1        4
1217        3016        1        4
1191        3016        1        4
1138        2990        1        4
1111        2963        1        4
1085        2937        1        4
1058        2910        1        4
1032        2910        1        4
1005        2884        1        4
 979        2884        1        4
 979        2858        1        4
 953        2858        1        4
 926        2831        1        4
 900        2831        1        4
 873        2805        1        4
 847        2805        1        4
 847        2778        1        4
 820        2778        1        4
 820        2805        1        4
 847        2831        1        4
 873        2831        1        4
PEN_UP                  0
END_CHARACTER: TT
