CHARACTER_NAME: GHN
STROKE_COUNT: 3
  X           Y   STYLUS_STATE STROKE
PEN_DOWN
1905         688        1        1
1905         661        1        1
1879         661        1        1
1879         635        1        1
1852         635        1        1
1826         635        1        1
1799         635        1        1
1773         635        1        1
1746         635        1        1
1720         661        1        1
1693         661        1        1
1693         688        1        1
1667         688        1        1
1640         714        1        1
1588         741        1        1
1561         741        1        1
1535         767        1        1
1508         794        1        1
1508         820        1        1
1482         847        1        1
1455         873        1        1
1455         900        1        1
1429         926        1        1
1429         953        1        1
1429         979        1        1
1455        1005        1        1
1482        1032        1        1
1508        1032        1        1
1561        1058        1        1
1588        1058        1        1
1640        1058        1        1
1667        1085        1        1
1720        1085        1        1
1746        1085        1        1
1799        1085        1        1
1826        1085        1        1
1852        1085        1        1
1905        1085        1        1
1931        1085        1        1
1958        1085        1        1
1984        1085        1        1
2011        1085        1        1
2037        1085        1        1
2064        1085        1        1
2064        1111        1        1
2037        1111        1        1
2011        1138        1        1
1984        1138        1        1
1958        1164        1        1
1931        1191        1        1
1879        1217        1        1
1852        1217        1        1
1799        1244        1        1
1773        1270        1        1
1746        1296        1        1
1720        1323        1        1
1693        1323        1        1
1693        1349        1        1
1667        1376        1        1
1640        1402        1        1
1640        1429        1        1
1614        1429        1        1
1614        1455        1        1
1640        1455        1        1
1667        1455        1        1
1693        1455        1        1
1720        1455        1        1
1746        1455        1        1
1773        1455        1        1
1826        1455        1        1
1852        1455        1        1
1905        1455        1        1
1931        1482        1        1
1984        1482        1        1
2037        1482        1        1
2090        1508        1        1
2143        1508        1        1
2196        1535        1        1
2249        1535        1        1
2302        1561        1        1
2355        1588        1        1
2408        1614        1        1
2487        1640        1        1
2540        1640        1        1
2566        1667        1        1
2619        1693        1        1
2672        1720        1        1
2699        1720        1        1
2725        1746        1        1
2752        1773        1        1
2778        1773        1        1
2778        1799        1        1
2805        1799        1        1
2831        1826        1        1
2831        1852        1        1
2858        1852        1        1
2858        1879        1        1
2884        1905        1        1
2910        1931        1        1
2910        1905        1        1
2910        1879        1        1
2884        1879        1        1
2884        1852        1        1
2884        1826        1        1
2884        1799        1        1
2884        1746        1        1
2884        1720        1        1
2884        1667        1        1
2884        1640        1        1
2858        1561        1        1
2858        1508        1        1
2858        1455        1        1
2858        1402        1        1
2831        1323        1        1
2831        1270        1        1
2831        1217        1        1
2805        1164        1        1
2805        1111        1        1
2805        1058        1        1
2778        1005        1        1
2778         953        1        1
2778         900        1        1
2778         873        1        1
2778         820        1        1
2752         794        1        1
2752         767        1        1
2752         741        1        1
2752         714        1        1
2752         688        1        1
2752         661        1        1
2752         635        1        1
2778         635        1        1
PEN_UP                  0
PEN_DOWN
2910        1852        1        2
2937        1852        1        2
2937        1879        1        2
2963        1905        1        2
2963        1931        1        2
2963        1958        1        2
2990        1958        1        2
2990        1984        1        2
2990        2011        1        2
3016        2011        1        2
3016        2037        1        2
3016        2064        1        2
3043        2064        1        2
3043        2090        1        2
3043        2117        1        2
3043        2143        1        2
3069        2143        1        2
3069        2170        1        2
3069        2196        1        2
3069        2223        1        2
3096        2223        1        2
3096        2249        1        2
3096        2275        1        2
3096        2302        1        2
3096        2328        1        2
3122        2328        1        2
3122        2355        1        2
3122        2381        1        2
3122        2408        1        2
3149        2408        1        2
3122        2408        1        2
3122        2381        1        2
3096        2381        1        2
3069        2381        1        2
3069        2355        1        2
3043        2355        1        2
3016        2355        1        2
2990        2328        1        2
2963        2328        1        2
2937        2302        1        2
2910        2302        1        2
2884        2275        1        2
2858        2275        1        2
2805        2249        1        2
2778        2249        1        2
2725        2223        1        2
2672        2223        1        2
2619        2223        1        2
2566        2223        1        2
2514        2223        1        2
2461        2223        1        2
2408        2223        1        2
2355        2223        1        2
2302        2223        1        2
2249        2223        1        2
2196        2249        1        2
2170        2249        1        2
2117        2275        1        2
2090        2302        1        2
2064        2328        1        2
2037        2355        1        2
2011        2381        1        2
2011        2408        1        2
2011        2461        1        2
2011        2487        1        2
2011        2540        1        2
2037        2566        1        2
2064        2593        1        2
2090        2619        1        2
2117        2619        1        2
2143        2619        1        2
2170        2619        1        2
2196        2593        1        2
2223        2540        1        2
2249        2514        1        2
2249        2461        1        2
2275        2434        1        2
2275        2408        1        2
2249        2381        1        2
2249        2355        1        2
2223        2355        1        2
2196        2355        1        2
PEN_UP                  0
PEN_DOWN
1244         820        1        3
1270         820        1        3
1323         794        1        3
1349         794        1        3
1402         794        1        3
1455         794        1        3
1535         767        1        3
1614         767        1        3
1693         741        1        3
1773         741        1        3
1852         714        1        3
1931         714        1        3
2037         688        1        3
2117         688        1        3
2223         661        1        3
2302         661        1        3
2408         635        1        3
2487         635        1        3
2566         609        1        3
2646         609        1        3
2699         609        1        3
2752         582        1        3
2831         582        1        3
2884         556        1        3
2937         556        1        3
2963         556        1        3
3016         529        1        3
3043         529        1        3
3069         529        1        3
3096         529        1        3
PEN_UP                  0
END_CHARACTER: GHN
