CHARACTER_NAME: RRG
STROKE_COUNT: 8
  X           Y   STYLUS_STATE STROKE
PEN_DOWN
2487        1561        1        1
2461        1561        1        1
2461        1588        1        1
2461        1614        1        1
2461        1640        1        1
2434        1667        1        1
2434        1693        1        1
2434        1720        1        1
2434        1746        1        1
2408        1773        1        1
2408        1799        1        1
2408        1852        1        1
2381        1879        1        1
2381        1931        1        1
2381        1958        1        1
2355        2011        1        1
2355        2064        1        1
2355        2117        1        1
2328        2143        1        1
2328        2196        1        1
2328        2249        1        1
2328        2275        1        1
2328        2302        1        1
2302        2328        1        1
2302        2355        1        1
2302        2381        1        1
2302        2408        1        1
2302        2434        1        1
2302        2461        1        1
2275        2461        1        1
2275        2487        1        1
2302        2487        1        1
2328        2461        1        1
2355        2434        1        1
2355        2408        1        1
2381        2381        1        1
2408        2381        1        1
2434        2355        1        1
2461        2328        1        1
2461        2302        1        1
2487        2302        1        1
2487        2275        1        1
2514        2275        1        1
2540        2275        1        1
2566        2249        1        1
2593        2249        1        1
2619        2249        1        1
2646        2275        1        1
2672        2275        1        1
2699        2275        1        1
2725        2275        1        1
2725        2302        1        1
2752        2302        1        1
2778        2302        1        1
2805        2328        1        1
2831        2328        1        1
2831        2355        1        1
2858        2355        1        1
2858        2381        1        1
2884        2408        1        1
2910        2434        1        1
2910        2461        1        1
2910        2487        1        1
2910        2514        1        1
2937        2540        1        1
2937        2566        1        1
2937        2593        1        1
2937        2619        1        1
2937        2646        1        1
2910        2672        1        1
2910        2699        1        1
2910        2725        1        1
2884        2752        1        1
2884        2778        1        1
2858        2778        1        1
2831        2805        1        1
2831        2831        1        1
2805        2831        1        1
2778        2858        1        1
2752        2884        1        1
2725        2884        1        1
2725        2910        1        1
2699        2910        1        1
2672        2937        1        1
2646        2937        1        1
2619        2937        1        1
2593        2937        1        1
2566        2937        1        1
2540        2937        1        1
2514        2937        1        1
2487        2937        1        1
2461        2910        1        1
2434        2910        1        1
2408        2910        1        1
2381        2884        1        1
2328        2884        1        1
2302        2884        1        1
2275        2858        1        1
2249        2831        1        1
2223        2805        1        1
2196        2778        1        1
2196        2752        1        1
2170        2725        1        1
2143        2699        1        1
2117        2672        1        1
2090        2619        1        1
2064        2593        1        1
2064        2566        1        1
2037        2540        1        1
2011        2487        1        1
1984        2461        1        1
1958        2434        1        1
1958        2408        1        1
1931        2381        1        1
1905        2328        1        1
1905        2302        1        1
1879        2275        1        1
1879        2249        1        1
1852        2223        1        1
1852        2196        1        1
1852        2170        1        1
1826        2170        1        1
1826        2143        1        1
1826        2117        1        1
1799        2090        1        1
1799        2064        1        1
1799        2037        1        1
1773        2011        1        1
1773        1984        1        1
1773        1958        1        1
1773        1984        1        1
1799        1984        1        1
PEN_UP                  0
PEN_DOWN
2593        3360        1        2
2593        3334        1        2
2593        3307        1        2
2593        3334        1        2
2619        3334        1        2
2593        3334        1        2
2593        3307        1        2
2566        3281        1        2
2566        3254        1        2
2593        3254        1        2
2593        3228        1        2
2593        3254        1        2
2566        3281        1        2
PEN_UP                  0
PEN_DOWN
3493        1693        1        3
3493        1720        1        3
3493        1746        1        3
3493        1773        1        3
3519        1826        1        3
3519        1852        1        3
3519        1905        1        3
3519        1931        1        3
3545        1984        1        3
3545        2037        1        3
3545        2064        1        3
3545        2117        1        3
3572        2170        1        3
3572        2196        1        3
3572        2249        1        3
3598        2275        1        3
3598        2328        1        3
3598        2355        1        3
3598        2408        1        3
3598        2434        1        3
3598        2461        1        3
3598        2487        1        3
3598        2514        1        3
3598        2540        1        3
3598        2566        1        3
3598        2593        1        3
3598        2619        1        3
3598        2646        1        3
3625        2672        1        3
3625        2699        1        3
3625        2725        1        3
3625        2752        1        3
3651        2752        1        3
3651        2778        1        3
3625        2778        1        3
3598        2752        1        3
PEN_UP                  0
PEN_DOWN
2910        2196        1        4
2937        2196        1        4
2937        2223        1        4
2963        2223        1        4
2990        2223        1        4
2990        2249        1        4
3016        2249        1        4
3043        2249        1        4
3069        2275        1        4
3096        2275        1        4
3122        2302        1        4
3149        2302        1        4
3149        2328        1        4
3175        2328        1        4
3201        2328        1        4
3201        2355        1        4
3228        2355        1        4
3228        2381        1        4
3254        2381        1        4
3254        2408        1        4
3281        2408        1        4
3281        2434        1        4
3281        2461        1        4
3281        2487        1        4
3281        2514        1        4
3281        2540        1        4
3281        2566        1        4
3254        2566        1        4
3254        2593        1        4
3254        2619        1        4
3228        2619        1        4
3201        2646        1        4
3175        2646        1        4
3175        2672        1        4
3149        2672        1        4
3122        2672        1        4
3096        2672        1        4
3096        2646        1        4
3069        2646        1        4
3043        2646        1        4
3016        2646        1        4
PEN_UP                  0
PEN_DOWN
2990        2090        1        5
2990        2064        1        5
3016        2064        1        5
3016        2037        1        5
3043        2011        1        5
3043        1984        1        5
3069        1984        1        5
3069        1958        1        5
3096        1958        1        5
3122        1931        1        5
3149        1905        1        5
3175        1905        1        5
3201        1879        1        5
3228        1879        1        5
3254        1879        1        5
3254        1905        1        5
3254        1879        1        5
3281        1879        1        5
3281        1905        1        5
3307        1905        1        5
3334        1905        1        5
3360        1905        1        5
3360        1931        1        5
3387        1931        1        5
3387        1958        1        5
3413        1958        1        5
3440        1984        1        5
3466        2011        1        5
3466        2037        1        5
3493        2064        1        5
3493        2090        1        5
3519        2090        1        5
3519        2117        1        5
3545        2143        1        5
3572        2170        1        5
3545        2170        1        5
3545        2143        1        5
PEN_UP                  0
PEN_DOWN
3572        1826        1        6
3598        1826        1        6
3625        1799        1        6
3651        1799        1        6
3678        1799        1        6
3704        1799        1        6
3731        1773        1        6
3784        1773        1        6
3810        1773        1        6
3863        1746        1        6
3889        1746        1        6
3916        1746        1        6
3942        1746        1        6
3969        1746        1        6
3995        1746        1        6
4022        1720        1        6
4022        1746        1        6
PEN_UP                  0
PEN_DOWN
1455        1376        1        7
1455        1402        1        7
1482        1402        1        7
1482        1429        1        7
1508        1429        1        7
1508        1455        1        7
1535        1455        1        7
1535        1429        1        7
1561        1429        1        7
1588        1429        1        7
PEN_UP                  0
PEN_DOWN
1773        1535        1        8
1799        1535        1        8
1826        1535        1        8
1852        1535        1        8
1879        1508        1        8
1905        1508        1        8
1931        1508        1        8
1958        1508        1        8
1984        1482        1        8
2011        1482        1        8
2037        1482        1        8
2064        1482        1        8
2090        1482        1        8
2117        1482        1        8
2143        1482        1        8
2196        1455        1        8
2223        1455        1        8
2249        1455        1        8
2302        1455        1        8
2328        1455        1        8
2381        1455        1        8
2434        1429        1        8
2461        1429        1        8
2514        1429        1        8
2540        1429        1        8
2593        1429        1        8
2619        1429        1        8
2672        1429        1        8
2699        1429        1        8
2725        1429        1        8
2752        1402        1        8
2778        1402        1        8
2805        1402        1        8
2831        1402        1        8
2858        1402        1        8
2884        1402        1        8
2910        1402        1        8
2937        1402        1        8
2963        1402        1        8
2990        1402        1        8
3016        1376        1        8
3043        1376        1        8
3069        1376        1        8
3096        1376        1        8
3122        1376        1        8
3149        1376        1        8
3175        1376        1        8
3201        1349        1        8
3228        1349        1        8
3254        1349        1        8
3281        1349        1        8
3307        1349        1        8
3334        1349        1        8
3360        1349        1        8
3387        1349        1        8
3413        1349        1        8
3440        1349        1        8
3413        1349        1        8
PEN_UP                  0
END_CHARACTER: RRG
