CHARACTER_NAME: NS
STROKE_COUNT: 5
  X           Y   STYLUS_STATE STROKE
PEN_DOWN
2275        1244        1        1
2275        1270        1        1
2302        1270        1        1
2302        1296        1        1
2328        1296        1        1
2355        1323        1        1
2381        1323        1        1
2434        1323        1        1
2461        1349        1        1
2487        1349        1        1
2514        1376        1        1
2540        1376        1        1
2566        1402        1        1
2593        1429        1        1
2619        1429        1        1
2646        1455        1        1
2646        1482        1        1
2672        1482        1        1
2699        1508        1        1
2699        1535        1        1
2725        1535        1        1
2725        1561        1        1
2752        1588        1        1
2752        1614        1        1
2778        1640        1        1
2778        1667        1        1
2805        1693        1        1
2805        1720        1        1
2831        1746        1        1
2805        1773        1        1
2805        1799        1        1
2805        1826        1        1
2805        1852        1        1
2805        1879        1        1
2778        1905        1        1
2778        1931        1        1
2752        1931        1        1
2752        1958        1        1
2752        1984        1        1
2725        1984        1        1
2725        2011        1        1
2699        2011        1        1
2672        2037        1        1
2646        2037        1        1
2619        2064        1        1
2593        2064        1        1
2593        2090        1        1
2566        2090        1        1
2540        2090        1        1
2514        2090        1        1
2487        2117        1        1
2461        2117        1        1
2434        2117        1        1
2408        2117        1        1
2381        2117        1        1
2355        2143        1        1
2328        2143        1        1
2328        2117        1        1
2302        2117        1        1
2275        2117        1        1
2249        2117        1        1
2223        2117        1        1
2196        2090        1        1
2196        2064        1        1
PEN_UP                  0
PEN_DOWN
2514         953        1        2
2487         953        1        2
2461         953        1        2
2434         979        1        2
2408         979        1        2
2381        1005        1        2
2355        1005        1        2
2355        1032        1        2
2328        1032        1        2
2302        1032        1        2
2302        1058        1        2
2275        1058        1        2
2275        1085        1        2
2249        1085        1        2
2249        1111        1        2
2223        1111        1        2
2223        1138        1        2
2196        1138        1        2
2196        1164        1        2
2196        1191        1        2
2196        1217        1        2
2196        1244        1        2
2223        1244        1        2
2223        1270        1        2
2249        1270        1        2
2249        1296        1        2
2275        1296        1        2
2302        1296        1        2
2328        1296        1        2
2355        1323        1        2
2381        1323        1        2
2408        1323        1        2
PEN_UP                  0
PEN_DOWN
2858        1852        1        3
2884        1826        1        3
2910        1826        1        3
2937        1826        1        3
2963        1799        1        3
2990        1799        1        3
3016        1799        1        3
3043        1826        1        3
3069        1826        1        3
3096        1826        1        3
3122        1826        1        3
3149        1852        1        3
3175        1852        1        3
3201        1879        1        3
3228        1879        1        3
3254        1905        1        3
3281        1931        1        3
3281        1958        1        3
3307        1958        1        3
3307        1984        1        3
3334        1984        1        3
3334        2011        1        3
3360        2037        1        3
3360        2064        1        3
3387        2064        1        3
3387        2090        1        3
3387        2117        1        3
3387        2143        1        3
3413        2143        1        3
3413        2170        1        3
3440        2196        1        3
3413        2196        1        3
3413        2170        1        3
3413        2143        1        3
3413        2117        1        3
3387        2117        1        3
3387        2064        1        3
3387        2037        1        3
3360        2011        1        3
3360        1958        1        3
3360        1931        1        3
3360        1879        1        3
3360        1826        1        3
3334        1773        1        3
3334        1720        1        3
3334        1667        1        3
3334        1614        1        3
3334        1561        1        3
3334        1508        1        3
3334        1455        1        3
3334        1402        1        3
3334        1349        1        3
3334        1296        1        3
3334        1244        1        3
3334        1217        1        3
3334        1164        1        3
3334        1138        1        3
3334        1111        1        3
3334        1058        1        3
3334        1032        1        3
3334        1005        1        3
3334         979        1        3
3334         953        1        3
3334         926        1        3
3334         900        1        3
3334         873        1        3
3334         847        1        3
3334         873        1        3
3334         900        1        3
PEN_UP                  0
PEN_DOWN
2778        1720        1        4
2752        1720        1        4
2725        1693        1        4
2699        1667        1        4
2672        1667        1        4
2646        1640        1        4
2619        1640        1        4
2619        1614        1        4
2593        1614        1        4
2566        1588        1        4
2540        1588        1        4
2514        1561        1        4
2514        1535        1        4
2487        1535        1        4
2461        1535        1        4
2434        1535        1        4
2381        1535        1        4
2355        1535        1        4
2328        1535        1        4
2302        1535        1        4
2275        1561        1        4
2249        1561        1        4
2223        1588        1        4
2196        1588        1        4
2170        1614        1        4
2143        1640        1        4
2117        1667        1        4
2090        1667        1        4
2090        1693        1        4
2064        1720        1        4
2064        1746        1        4
2037        1773        1        4
2037        1799        1        4
2037        1826        1        4
2064        1852        1        4
2064        1879        1        4
2090        1905        1        4
2117        1905        1        4
2117        1931        1        4
2143        1931        1        4
2170        1931        1        4
2196        1931        1        4
2223        1931        1        4
2249        1931        1        4
2275        1931        1        4
2275        1905        1        4
2302        1879        1        4
2275        1852        1        4
2275        1826        1        4
2249        1826        1        4
2249        1799        1        4
2223        1799        1        4
2196        1799        1        4
2170        1799        1        4
PEN_UP                  0
PEN_DOWN
1773         953        1        5
1799         953        1        5
1826         953        1        5
1852         953        1        5
1879         953        1        5
1905         953        1        5
1931         926        1        5
1984         926        1        5
2011         926        1        5
2037         926        1        5
2064         926        1        5
2117         926        1        5
2143         926        1        5
2196         900        1        5
2223         900        1        5
2275         900        1        5
2328         900        1        5
2355         900        1        5
2408         900        1        5
2461         873        1        5
2514         873        1        5
2566         873        1        5
2593         873        1        5
2646         847        1        5
2699         847        1        5
2752         847        1        5
2778         847        1        5
2831         847        1        5
2884         820        1        5
2937         820        1        5
2963         820        1        5
3016         820        1        5
3043         794        1        5
3096         794        1        5
3122         794        1        5
3149         794        1        5
3175         794        1        5
3201         794        1        5
3228         794        1        5
3281         794        1        5
3307         794        1        5
3334         767        1        5
3360         767        1        5
3413         767        1        5
3440         767        1        5
3493         767        1        5
3519         767        1        5
3545         767        1        5
3598         767        1        5
3625         767        1        5
3651         767        1        5
3678         767        1        5
3704         767        1        5
3731         767        1        5
3731         741        1        5
3757         767        1        5
PEN_UP                  0
END_CHARACTER: NS
