CHARACTER_NAME: NGC
STROKE_COUNT: 3
  X           Y   STYLUS_STATE STROKE
PEN_DOWN
1270        1482        1        1
1244        1482        1        1
1244        1508        1        1
1217        1508        1        1
1217        1535        1        1
1217        1561        1        1
1217        1588        1        1
1191        1588        1        1
1164        1614        1        1
1138        1614        1        1
1138        1588        1        1
1111        1588        1        1
1111        1561        1        1
1111        1535        1        1
1111        1508        1        1
1138        1482        1        1
1164        1482        1        1
1164        1455        1        1
1191        1455        1        1
1217        1455        1        1
1244        1455        1        1
1296        1429        1        1
1323        1429        1        1
1349        1429        1        1
1376        1455        1        1
1402        1455        1        1
1429        1455        1        1
1455        1482        1        1
1482        1508        1        1
1482        1535        1        1
1508        1588        1        1
1508        1614        1        1
1482        1667        1        1
1482        1720        1        1
1482        1773        1        1
1455        1826        1        1
1429        1879        1        1
1402        1958        1        1
1376        2011        1        1
1349        2090        1        1
1323        2143        1        1
1296        2196        1        1
1244        2275        1        1
1217        2302        1        1
1191        2355        1        1
1164        2408        1        1
1138        2434        1        1
1138        2461        1        1
1111        2487        1        1
1085        2487        1        1
1085        2514        1        1
1058        2514        1        1
1058        2487        1        1
1058        2461        1        1
1058        2434        1        1
1058        2408        1        1
1058        2355        1        1
1058        2328        1        1
1085        2302        1        1
1085        2275        1        1
1111        2249        1        1
1111        2223        1        1
1138        2196        1        1
1138        2170        1        1
1164        2170        1        1
1191        2143        1        1
1217        2143        1        1
1244        2117        1        1
1270        2143        1        1
1323        2143        1        1
1376        2143        1        1
1429        2170        1        1
1482        2196        1        1
1561        2223        1        1
1640        2249        1        1
1693        2275        1        1
1773        2302        1        1
1826        2328        1        1
1879        2355        1        1
1931        2355        1        1
1958        2381        1        1
1984        2381        1        1
2011        2381        1        1
2011        2408        1        1
2037        2408        1        1
2037        2381        1        1
2011        2355        1        1
2011        2328        1        1
2011        2302        1        1
2011        2275        1        1
1984        2223        1        1
1984        2170        1        1
1984        2117        1        1
1984        2037        1        1
1958        1984        1        1
1984        1931        1        1
1984        1852        1        1
1984        1799        1        1
1984        1746        1        1
1984        1720        1        1
1984        1667        1        1
1984        1640        1        1
1984        1614        1        1
2011        1588        1        1
2011        1561        1        1
2011        1535        1        1
2011        1508        1        1
2011        1482        1        1
PEN_UP                  0
PEN_DOWN
2011        1720        1        2
2037        1720        1        2
2037        1693        1        2
2064        1693        1        2
2064        1667        1        2
2090        1667        1        2
2117        1667        1        2
2143        1640        1        2
2170        1640        1        2
2223        1614        1        2
2249        1614        1        2
2302        1614        1        2
2328        1588        1        2
2381        1588        1        2
2434        1588        1        2
2461        1588        1        2
2487        1588        1        2
2540        1588        1        2
2566        1588        1        2
2593        1588        1        2
2593        1614        1        2
2619        1614        1        2
2593        1614        1        2
2593        1640        1        2
2566        1667        1        2
2540        1693        1        2
2514        1720        1        2
2487        1746        1        2
2461        1773        1        2
2434        1773        1        2
2408        1799        1        2
2381        1826        1        2
2381        1852        1        2
2408        1852        1        2
2434        1852        1        2
2461        1852        1        2
2487        1852        1        2
2514        1879        1        2
2540        1879        1        2
2566        1905        1        2
2593        1931        1        2
2619        1931        1        2
2619        1958        1        2
2619        1984        1        2
2619        2011        1        2
2619        2037        1        2
2593        2064        1        2
2566        2090        1        2
2540        2117        1        2
2487        2143        1        2
2461        2170        1        2
2408        2170        1        2
2355        2196        1        2
2302        2223        1        2
2275        2223        1        2
2223        2223        1        2
2170        2223        1        2
2143        2223        1        2
2117        2223        1        2
2090        2196        1        2
2064        2170        1        2
2064        2143        1        2
2037        2117        1        2
2037        2090        1        2
2011        2064        1        2
2011        2037        1        2
1984        2011        1        2
1958        2011        1        2
PEN_UP                  0
PEN_DOWN
1984        1535        1        3
2011        1535        1        3
2011        1508        1        3
2037        1508        1        3
2037        1482        1        3
2064        1482        1        3
2090        1482        1        3
2117        1482        1        3
2143        1482        1        3
2196        1455        1        3
2249        1455        1        3
2328        1455        1        3
2408        1429        1        3
2487        1429        1        3
2566        1429        1        3
2672        1402        1        3
2752        1402        1        3
2831        1376        1        3
2910        1376        1        3
2963        1376        1        3
3016        1376        1        3
3043        1376        1        3
3069        1376        1        3
3069        1349        1        3
3096        1376        1        3
3069        1376        1        3
3043        1376        1        3
3016        1376        1        3
2990        1402        1        3
PEN_UP                  0
END_CHARACTER: NGC
