CHARACTER_NAME: DDH
STROKE_COUNT: 4
  X           Y   STYLUS_STATE STROKE
PEN_DOWN
1244        1429        1        1
1270        1429        1        1
1296        1429        1        1
1323        1429        1        1
1349        1429        1        1
1376        1429        1        1
1402        1402        1        1
1455        1402        1        1
1535        1402        1        1
1614        1402        1        1
1693        1376        1        1
1799        1376        1        1
1905        1376        1        1
2011        1376        1        1
2117        1349        1        1
2249        1349        1        1
2355        1349        1        1
2434        1323        1        1
2514        1323        1        1
2593        1323        1        1
2646        1323        1        1
2672        1323        1        1
2699        1323        1        1
2725        1323        1        1
2752        1323        1        1
PEN_UP                  0
PEN_DOWN
2037        1455        1        2
2037        1482        1        2
2037        1535        1        2
2037        1561        1        2
2064        1614        1        2
2064        1667        1        2
2064        1720        1        2
2064        1773        1        2
2064        1826        1        2
2064        1879        1        2
2064        1931        1        2
2090        1984        1        2
2090        2037        1        2
2090        2090        1        2
2090        2117        1        2
2090        2170        1        2
2090        2196        1        2
2090        2223        1        2
2090        2249        1        2
2117        2249        1        2
2117        2223        1        2
2143        2196        1        2
2196        2170        1        2
2223        2117        1        2
2249        2090        1        2
2302        2037        1        2
2328        2011        1        2
2381        1958        1        2
2434        1931        1        2
2461        1905        1        2
2487        1879        1        2
2514        1879        1        2
2514        1852        1        2
2540        1852        1        2
2566        1852        1        2
2566        1879        1        2
2566        1905        1        2
2593        1958        1        2
2593        1984        1        2
2619        2037        1        2
2619        2090        1        2
2646        2143        1        2
2646        2196        1        2
2646        2249        1        2
2672        2328        1        2
2672        2381        1        2
2672        2434        1        2
2672        2487        1        2
2646        2540        1        2
2646        2593        1        2
2646        2646        1        2
2646        2699        1        2
2646        2725        1        2
2646        2778        1        2
2646        2805        1        2
2646        2831        1        2
2646        2858        1        2
2646        2884        1        2
2646        2910        1        2
PEN_UP                  0
PEN_DOWN
2514        1984        1        3
2487        1984        1        3
2487        2011        1        3
2487        2037        1        3
2461        2064        1        3
2461        2090        1        3
2434        2117        1        3
2408        2143        1        3
2408        2170        1        3
2381        2223        1        3
2355        2249        1        3
2328        2275        1        3
2328        2302        1        3
2302        2328        1        3
2275        2355        1        3
2275        2381        1        3
2249        2408        1        3
2249        2434        1        3
2223        2434        1        3
2223        2461        1        3
2223        2487        1        3
2223        2514        1        3
2223        2540        1        3
2249        2540        1        3
2249        2566        1        3
2275        2566        1        3
2302        2593        1        3
2328        2593        1        3
2381        2619        1        3
2434        2619        1        3
2487        2646        1        3
2540        2646        1        3
2593        2672        1        3
2646        2672        1        3
2725        2699        1        3
2752        2699        1        3
2805        2725        1        3
2858        2725        1        3
2884        2752        1        3
2910        2752        1        3
2937        2752        1        3
2910        2752        1        3
2884        2725        1        3
PEN_UP                  0
PEN_DOWN
2619        2064        1        4
2646        2064        1        4
2672        2064        1        4
2699        2064        1        4
2725        2037        1        4
2752        2037        1        4
2805        2037        1        4
2831        2037        1        4
2884        2037        1        4
2937        2037        1        4
2963        2037        1        4
2990        2037        1        4
3016        2037        1        4
3043        2037        1        4
3069        2037        1        4
3096        2064        1        4
3096        2090        1        4
3096        2143        1        4
3096        2170        1        4
3122        2249        1        4
3122        2302        1        4
3149        2355        1        4
3149        2408        1        4
3175        2461        1        4
3201        2514        1        4
3201        2566        1        4
3228        2619        1        4
3254        2672        1        4
3254        2699        1        4
3281        2725        1        4
3281        2752        1        4
3307        2778        1        4
3307        2805        1        4
3307        2831        1        4
3307        2858        1        4
PEN_UP                  0
END_CHARACTER: DDH
