CHARACTER_NAME: GR
STROKE_COUNT: 3
  X           Y   STYLUS_STATE STROKE
PEN_DOWN
2037        1508        1        1
2064        1508        1        1
2064        1535        1        1
2090        1535        1        1
2117        1535        1        1
2143        1535        1        1
2170        1535        1        1
2196        1561        1        1
2223        1561        1        1
2275        1561        1        1
2302        1588        1        1
2328        1588        1        1
2355        1588        1        1
2381        1588        1        1
2408        1588        1        1
2434        1614        1        1
2461        1614        1        1
2461        1640        1        1
2434        1640        1        1
2434        1667        1        1
2408        1693        1        1
2381        1720        1        1
2355        1746        1        1
2328        1799        1        1
2302        1826        1        1
2275        1852        1        1
2249        1905        1        1
2223        1931        1        1
2196        1958        1        1
2196        1984        1        1
2170        2011        1        1
2170        2037        1        1
2143        2064        1        1
2117        2090        1        1
2117        2117        1        1
2117        2143        1        1
2117        2117        1        1
PEN_UP                  0
PEN_DOWN
2090        1535        1        2
2090        1508        1        2
2117        1482        1        2
2117        1455        1        2
2143        1429        1        2
2170        1402        1        2
2196        1402        1        2
2223        1376        1        2
2249        1349        1        2
2275        1349        1        2
2328        1323        1        2
2355        1323        1        2
2381        1323        1        2
2408        1296        1        2
2434        1296        1        2
2487        1296        1        2
2514        1296        1        2
2540        1296        1        2
2566        1323        1        2
2593        1323        1        2
2646        1323        1        2
2672        1349        1        2
2699        1349        1        2
2752        1376        1        2
2778        1402        1        2
2831        1402        1        2
2858        1429        1        2
2884        1455        1        2
2910        1455        1        2
2910        1482        1        2
2937        1482        1        2
2937        1508        1        2
2963        1535        1        2
2963        1561        1        2
2963        1535        1        2
2963        1508        1        2
2937        1455        1        2
2937        1429        1        2
2937        1402        1        2
2937        1376        1        2
2937        1349        1        2
2910        1296        1        2
2910        1270        1        2
2910        1244        1        2
2910        1217        1        2
2910        1191        1        2
2910        1191        1        3
2910        1217        1        3
2910        1244        1        3
2910        1270        1        3
2910        1296        1        3
2910        1323        1        3
2937        1349        1        3
2937        1376        1        3
2937        1402        1        3
2937        1455        1        3
2937        1482        1        3
2937        1508        1        3
2937        1535        1        3
2937        1561        1        3
2937        1588        1        3
2937        1614        1        3
2937        1640        1        3
2937        1667        1        3
2910        1720        1        3
2910        1746        1        3
2910        1773        1        3
2910        1799        1        3
2910        1826        1        3
2910        1852        1        3
2937        1905        1        3
2937        1931        1        3
2937        1958        1        3
2937        2011        1        3
2937        2037        1        3
2937        2090        1        3
2937        2117        1        3
2963        2143        1        3
2963        2196        1        3
2963        2223        1        3
2963        2249        1        3
2963        2275        1        3
2963        2302        1        3
2990        2328        1        3
2990        2355        1        3
2990        2381        1        3
2990        2408        1        3
2990        2434        1        3
2990        2461        1        3
2990        2487        1        3
3016        2514        1        3
3016        2540        1        3
3016        2566        1        3
2990        2566        1        3
3016        2566        1        3
3016        2593        1        3
2990        2593        1        3
3016        2593        1        3
2990        2593        1        3
2990        2566        1        3
2963        2566        1        3
2963        2540        1        3
2963        2514        1        3
2937        2514        1        3
2937        2487        1        3
2910        2461        1        3
2884        2434        1        3
2858        2434        1        3
2858        2408        1        3
2831        2381        1        3
2805        2381        1        3
2778        2355        1        3
2752        2328        1        3
2725        2328        1        3
2699        2328        1        3
2672        2328        1        3
2672        2302        1        3
2646        2302        1        3
2619        2302        1        3
2593        2302        1        3
2593        2328        1        3
2566        2328        1        3
2540        2328        1        3
2514        2328        1        3
2514        2355        1        3
2487        2355        1        3
2461        2355        1        3
2461        2381        1        3
2434        2408        1        3
2408        2408        1        3
2381        2434        1        3
2355        2461        1        3
2328        2461        1        3
2328        2487        1        3
2302        2487        1        3
2302        2514        1        3
2275        2514        1        3
2275        2540        1        3
2249        2540        1        3
2223        2566        1        3
2196        2566        1        3
2196        2593        1        3
2170        2593        1        3
2143        2593        1        3
2143        2619        1        3
2117        2619        1        3
2090        2619        1        3
2064        2619        1        3
2037        2619        1        3
2011        2619        1        3
1984        2619        1        3
1958        2593        1        3
1931        2593        1        3
1905        2566        1        3
1879        2540        1        3
1852        2514        1        3
1826        2487        1        3
1799        2434        1        3
1773        2408        1        3
1746        2381        1        3
1746        2328        1        3
1720        2302        1        3
1693        2249        1        3
1693        2223        1        3
1667        2170        1        3
1667        2143        1        3
1667        2117        1        3
1640        2090        1        3
1640        2064        1        3
1640        2090        1        3
1640        2117        1        3
1640        2143        1        3
PEN_UP                  0
END_CHARACTER: GR
