CHARACTER_NAME: JHA
STROKE_COUNT: 2
  X           Y   STYLUS_STATE STROKE
PEN_DOWN
 688        1508        1        1
 714        1508        1        1
 741        1482        1        1
 794        1482        1        1
 820        1482        1        1
 900        1482        1        1
 979        1455        1        1
1058        1455        1        1
1138        1455        1        1
1244        1429        1        1
1376        1429        1        1
1482        1429        1        1
1614        1402        1        1
1720        1402        1        1
1852        1402        1        1
1958        1376        1        1
2064        1376        1        1
2170        1376        1        1
2249        1349        1        1
2328        1349        1        1
2408        1323        1        1
2461        1323        1        1
2514        1323        1        1
2540        1323        1        1
2593        1296        1        1
2619        1296        1        1
2646        1296        1        1
2619        1296        1        1
2619        1323        1        1
2593        1323        1        1
2566        1349        1        1
2514        1376        1        1
2461        1402        1        1
2434        1429        1        1
2355        1482        1        1
2302        1508        1        1
2249        1561        1        1
2170        1614        1        1
2090        1667        1        1
2011        1720        1        1
1905        1799        1        1
1826        1852        1        1
1746        1931        1        1
1667        2011        1        1
1588        2064        1        1
1535        2117        1        1
1455        2170        1        1
1429        2223        1        1
1376        2249        1        1
1349        2275        1        1
1323        2302        1        1
1296        2328        1        1
1270        2355        1        1
1244        2381        1        1
1244        2408        1        1
1217        2408        1        1
1217        2434        1        1
1217        2461        1        1
1217        2487        1        1
1217        2514        1        1
1244        2514        1        1
1244        2540        1        1
1270        2566        1        1
1296        2566        1        1
1349        2593        1        1
1402        2646        1        1
1455        2672        1        1
1535        2725        1        1
1614        2752        1        1
1720        2805        1        1
1826        2858        1        1
1931        2884        1        1
2037        2937        1        1
2143        2963        1        1
2249        2990        1        1
2328        2990        1        1
2408        3016        1        1
2487        3043        1        1
2540        3043        1        1
2593        3043        1        1
2646        3069        1        1
2672        3069        1        1
2699        3069        1        1
2725        3069        1        1
2725        3043        1        1
2752        3043        1        1
2752        3016        1        1
2778        2990        1        1
2778        2937        1        1
2805        2884        1        1
2805        2831        1        1
2805        2778        1        1
2805        2699        1        1
2805        2593        1        1
2805        2487        1        1
2778        2381        1        1
2778        2275        1        1
2778        2170        1        1
2778        2064        1        1
2778        1958        1        1
2778        1879        1        1
2805        1799        1        1
2805        1720        1        1
2805        1667        1        1
2805        1588        1        1
2805        1561        1        1
2831        1508        1        1
2831        1482        1        1
2831        1455        1        1
2858        1455        1        1
2858        1429        1        1
2831        1402        1        1
2831        1376        1        1
2805        1376        1        1
2805        1349        1        1
2805        1323        1        1
2778        1296        1        1
2778        1270        1        1
2778        1244        1        1
2778        1270        1        1
2752        1270        1        1
2778        1270        1        1
2778        1296        1        1
2752        1296        1        1
PEN_UP                  0
PEN_DOWN
2805        2619        1        2
2831        2619        1        2
2858        2619        1        2
2884        2646        1        2
2910        2646        1        2
2937        2646        1        2
2963        2672        1        2
3016        2699        1        2
3043        2699        1        2
3096        2725        1        2
3122        2752        1        2
3149        2778        1        2
3175        2805        1        2
3201        2831        1        2
3228        2831        1        2
3254        2858        1        2
3254        2884        1        2
3281        2884        1        2
3281        2910        1        2
3307        2910        1        2
3334        2937        1        2
3360        2963        1        2
3387        2963        1        2
3413        2990        1        2
3440        2990        1        2
3466        2990        1        2
3466        3016        1        2
3466        2990        1        2
3493        2990        1        2
3493        2963        1        2
3493        2937        1        2
3493        2910        1        2
3493        2884        1        2
3493        2831        1        2
3493        2805        1        2
3493        2752        1        2
3519        2699        1        2
3519        2619        1        2
3519        2566        1        2
3519        2487        1        2
3545        2408        1        2
3545        2302        1        2
3545        2223        1        2
3572        2143        1        2
3572        2064        1        2
3572        2011        1        2
3598        1931        1        2
3598        1879        1        2
3598        1852        1        2
3598        1799        1        2
3598        1773        1        2
3598        1746        1        2
3598        1720        1        2
3598        1746        1        2
PEN_UP                  0
END_CHARACTER: JHA
