CHARACTER_NAME: MDHA
STROKE_COUNT: 2
  X           Y   STYLUS_STATE STROKE
PEN_DOWN
1535        1614        1        1
1614        1614        1        1
1693        1614        1        1
1799        1588        1        1
1931        1588        1        1
2064        1588        1        1
2196        1588        1        1
2328        1561        1        1
2434        1561        1        1
2540        1561        1        1
2619        1561        1        1
2699        1561        1        1
2725        1561        1        1
2778        1561        1        1
2805        1561        1        1
2778        1561        1        1
PEN_UP                  0
PEN_DOWN
2275        1667        1        2
2275        1693        1        2
2275        1720        1        2
2275        1746        1        2
2275        1773        1        2
2275        1826        1        2
2275        1905        1        2
2275        1958        1        2
2302        2037        1        2
2302        2090        1        2
2302        2170        1        2
2302        2249        1        2
2328        2302        1        2
2328        2381        1        2
2355        2434        1        2
2355        2514        1        2
2355        2566        1        2
2381        2619        1        2
2381        2672        1        2
2408        2725        1        2
2408        2778        1        2
2434        2831        1        2
2461        2884        1        2
2514        2910        1        2
2540        2963        1        2
2593        2963        1        2
2646        2990        1        2
2699        2963        1        2
2778        2963        1        2
2831        2937        1        2
2884        2937        1        2
2937        2910        1        2
2963        2884        1        2
2990        2858        1        2
3016        2805        1        2
3016        2778        1        2
3043        2778        1        2
3016        2752        1        2
3016        2725        1        2
2990        2725        1        2
2990        2699        1        2
2963        2699        1        2
2937        2725        1        2
2910        2725        1        2
2910        2752        1        2
PEN_UP                  0
END_CHARACTER: MDHA
