CHARACTER_NAME: TA
STROKE_COUNT: 1
  X           Y   STYLUS_STATE STROKE
PEN_DOWN
 714        1667        1        1
 741        1667        1        1
 767        1640        1        1
 820        1640        1        1
 847        1640        1        1
 926        1614        1        1
1005        1614        1        1
1111        1614        1        1
1217        1588        1        1
1323        1588        1        1
1455        1588        1        1
1588        1588        1        1
1746        1588        1        1
1879        1588        1        1
2011        1588        1        1
2143        1588        1        1
2249        1588        1        1
2355        1614        1        1
2434        1614        1        1
2487        1614        1        1
2540        1614        1        1
2593        1640        1        1
2619        1640        1        1
2646        1640        1        1
2672        1667        1        1
2699        1667        1        1
2725        1693        1        1
2725        1720        1        1
2725        1746        1        1
2699        1773        1        1
2699        1826        1        1
2672        1852        1        1
2646        1905        1        1
2619        1931        1        1
2593        1958        1        1
2540        2011        1        1
2514        2037        1        1
2461        2064        1        1
2434        2090        1        1
2408        2117        1        1
2381        2117        1        1
2355        2117        1        1
2328        2117        1        1
2302        2117        1        1
2275        2090        1        1
2275        2064        1        1
2275        2037        1        1
2275        2011        1        1
2275        1984        1        1
2302        1958        1        1
2302        1931        1        1
2328        1931        1        1
2355        1931        1        1
2381        1905        1        1
2408        1905        1        1
2461        1905        1        1
2487        1931        1        1
2540        1931        1        1
2566        1958        1        1
2619        1958        1        1
2646        1984        1        1
2672        1984        1        1
2699        2011        1        1
2725        2037        1        1
2752        2037        1        1
2752        2064        1        1
2778        2064        1        1
2805        2064        1        1
2805        2090        1        1
2831        2090        1        1
2831        2117        1        1
2831        2143        1        1
2858        2170        1        1
2858        2196        1        1
2858        2223        1        1
2884        2249        1        1
2884        2302        1        1
2884        2355        1        1
2884        2381        1        1
2884        2434        1        1
2884        2487        1        1
2884        2514        1        1
2858        2566        1        1
2858        2593        1        1
2831        2646        1        1
2805        2699        1        1
2778        2725        1        1
2725        2778        1        1
2699        2805        1        1
2646        2858        1        1
2566        2884        1        1
2514        2910        1        1
2434        2937        1        1
2355        2963        1        1
2249        2963        1        1
2143        2963        1        1
2037        2937        1        1
1905        2910        1        1
1799        2884        1        1
1693        2831        1        1
1588        2778        1        1
1482        2725        1        1
1402        2646        1        1
1349        2566        1        1
1296        2487        1        1
1244        2381        1        1
1217        2302        1        1
1191        2223        1        1
1164        2170        1        1
1164        2117        1        1
1164        2090        1        1
1164        2064        1        1
1164        2037        1        1
PEN_UP                  0
END_CHARACTER: TA
