CHARACTER_NAME: NA
STROKE_COUNT: 3
  X           Y   STYLUS_STATE STROKE
PEN_DOWN
1667        3254        1        1
1667        3281        1        1
1640        3281        1        1
1640        3307        1        1
1614        3307        1        1
1614        3281        1        1
1588        3254        1        1
1588        3228        1        1
1588        3201        1        1
1588        3149        1        1
1588        3122        1        1
1614        3069        1        1
1614        3016        1        1
1640        2990        1        1
1640        2963        1        1
1667        2910        1        1
1693        2910        1        1
1720        2884        1        1
1746        2858        1        1
1773        2858        1        1
1799        2884        1        1
1826        2884        1        1
1852        2910        1        1
1905        2963        1        1
1931        3016        1        1
1984        3069        1        1
2011        3122        1        1
2064        3175        1        1
2090        3201        1        1
2143        3228        1        1
2143        3254        1        1
2170        3281        1        1
2196        3281        1        1
2196        3254        1        1
2223        3254        1        1
PEN_UP                  0
PEN_DOWN
2170        2514        1        2
2170        2487        1        2
2143        2514        1        2
2170        2566        1        2
2170        2593        1        2
2170        2646        1        2
2170        2725        1        2
2170        2805        1        2
2196        2884        1        2
2196        2963        1        2
2223        3043        1        2
2249        3096        1        2
2249        3175        1        2
2275        3228        1        2
2302        3281        1        2
2302        3307        1        2
2328        3334        1        2
2328        3360        1        2
2302        3334        1        2
2302        3307        1        2
PEN_UP                  0
PEN_DOWN
 979        2381        1        3
1032        2381        1        3
1111        2381        1        3
1191        2381        1        3
1296        2355        1        3
1429        2355        1        3
1588        2355        1        3
1746        2328        1        3
1931        2302        1        3
2090        2302        1        3
2223        2275        1        3
2355        2275        1        3
2461        2275        1        3
2540        2249        1        3
2593        2249        1        3
2619        2249        1        3
2646        2249        1        3
2672        2249        1        3
PEN_UP                  0
END_CHARACTER: NA
