CHARACTER_NAME: BHA
STROKE_COUNT: 2
  X           Y   STYLUS_STATE STROKE
PEN_DOWN
 926        1588        1        1
 953        1588        1        1
 979        1588        1        1
1005        1588        1        1
1058        1561        1        1
1111        1561        1        1
1164        1561        1        1
1244        1535        1        1
1323        1535        1        1
1402        1508        1        1
1508        1508        1        1
1614        1482        1        1
1720        1482        1        1
1799        1455        1        1
1879        1455        1        1
1931        1455        1        1
1958        1455        1        1
1984        1429        1        1
2011        1429        1        1
2037        1429        1        1
2064        1429        1        1
PEN_UP                  0
PEN_DOWN
1852        1640        1        2
1852        1667        1        2
1879        1667        1        2
1905        1640        1        2
1931        1640        1        2
1958        1614        1        2
1984        1588        1        2
2011        1561        1        2
2011        1535        1        2
2011        1508        1        2
2011        1482        1        2
1984        1482        1        2
1958        1455        1        2
1931        1455        1        2
1905        1482        1        2
1879        1482        1        2
1852        1508        1        2
1826        1535        1        2
1799        1561        1        2
1773        1588        1        2
1746        1640        1        2
1720        1667        1        2
1693        1693        1        2
1693        1746        1        2
1693        1773        1        2
1693        1799        1        2
1693        1826        1        2
1720        1852        1        2
1746        1879        1        2
1799        1905        1        2
1826        1905        1        2
1879        1905        1        2
1931        1905        1        2
1984        1905        1        2
2037        1879        1        2
2064        1852        1        2
2117        1852        1        2
2170        1826        1        2
2196        1799        1        2
2223        1773        1        2
2249        1746        1        2
2275        1746        1        2
2275        1773        1        2
2249        1799        1        2
2249        1826        1        2
2249        1852        1        2
2223        1905        1        2
2196        1958        1        2
2196        1984        1        2
2170        2037        1        2
2117        2090        1        2
2090        2143        1        2
2037        2196        1        2
1984        2249        1        2
1931        2275        1        2
1879        2328        1        2
1826        2328        1        2
1746        2355        1        2
1667        2328        1        2
1588        2328        1        2
1508        2275        1        2
1429        2223        1        2
1376        2170        1        2
1296        2117        1        2
1244        2037        1        2
1191        1958        1        2
1164        1905        1        2
1138        1852        1        2
1111        1799        1        2
1085        1746        1        2
1085        1720        1        2
1058        1693        1        2
1032        1693        1        2
PEN_UP                  0
END_CHARACTER: BHA
