CHARACTER_NAME: TM
STROKE_COUNT: 3
  X           Y   STYLUS_STATE STROKE
PEN_DOWN
1111        2196        1        1
1138        2196        1        1
1138        2170        1        1
1164        2170        1        1
1191        2143        1        1
1217        2143        1        1
1270        2117        1        1
1323        2090        1        1
1402        2064        1        1
1482        2064        1        1
1561        2037        1        1
1640        2037        1        1
1693        2011        1        1
1746        2011        1        1
1799        2011        1        1
1852        2011        1        1
1879        2011        1        1
1905        2037        1        1
1905        2064        1        1
1931        2064        1        1
1931        2117        1        1
1931        2143        1        1
1958        2170        1        1
1958        2223        1        1
1958        2249        1        1
1958        2302        1        1
1931        2328        1        1
1931        2355        1        1
1905        2408        1        1
1852        2434        1        1
1826        2461        1        1
1773        2487        1        1
1746        2514        1        1
1693        2514        1        1
1667        2540        1        1
1614        2540        1        1
1588        2540        1        1
1588        2514        1        1
1561        2514        1        1
1535        2487        1        1
1561        2461        1        1
1588        2434        1        1
1588        2408        1        1
1640        2381        1        1
1667        2355        1        1
1693        2328        1        1
1746        2302        1        1
1773        2302        1        1
1826        2302        1        1
1879        2302        1        1
1931        2302        1        1
1958        2302        1        1
2011        2328        1        1
2037        2355        1        1
2090        2381        1        1
2117        2408        1        1
2143        2461        1        1
2170        2514        1        1
2170        2540        1        1
2170        2593        1        1
2170        2646        1        1
2170        2699        1        1
2143        2752        1        1
2117        2831        1        1
2064        2884        1        1
2011        2937        1        1
1958        2990        1        1
1905        3043        1        1
1826        3096        1        1
1746        3149        1        1
1667        3175        1        1
1588        3201        1        1
1535        3228        1        1
1455        3254        1        1
1376        3228        1        1
1323        3228        1        1
1244        3201        1        1
1191        3175        1        1
1138        3122        1        1
1085        3069        1        1
1032        3016        1        1
1005        2963        1        1
 979        2910        1        1
 953        2858        1        1
 926        2805        1        1
 926        2752        1        1
 900        2699        1        1
 900        2672        1        1
 900        2646        1        1
 900        2619        1        1
 900        2593        1        1
PEN_UP                  0
PEN_DOWN
1852        3307        1        2
1852        3334        1        2
1852        3360        1        2
1826        3387        1        2
1826        3413        1        2
1799        3413        1        2
1799        3440        1        2
1773        3440        1        2
1773        3466        1        2
1773        3493        1        2
1746        3493        1        2
1746        3519        1        2
1720        3545        1        2
1720        3572        1        2
1693        3572        1        2
1693        3598        1        2
1667        3598        1        2
1640        3625        1        2
1614        3625        1        2
1588        3625        1        2
1561        3625        1        2
1535        3625        1        2
1508        3625        1        2
1508        3598        1        2
1482        3572        1        2
1455        3545        1        2
1455        3493        1        2
1455        3466        1        2
1455        3440        1        2
1455        3413        1        2
1482        3387        1        2
1482        3360        1        2
1508        3334        1        2
1535        3307        1        2
1535        3281        1        2
1561        3281        1        2
1588        3254        1        2
1614        3228        1        2
1640        3228        1        2
1667        3201        1        2
1693        3175        1        2
1720        3149        1        2
1746        3149        1        2
1773        3122        1        2
1773        3096        1        2
1799        3096        1        2
1852        3096        1        2
1879        3096        1        2
1905        3096        1        2
1931        3096        1        2
1984        3096        1        2
2037        3122        1        2
2064        3122        1        2
2117        3149        1        2
2143        3175        1        2
2196        3175        1        2
2223        3201        1        2
2249        3228        1        2
2302        3254        1        2
2328        3281        1        2
2355        3307        1        2
2408        3307        1        2
2434        3334        1        2
2461        3360        1        2
2514        3387        1        2
2540        3413        1        2
2566        3440        1        2
2619        3466        1        2
2646        3493        1        2
2672        3519        1        2
2699        3545        1        2
2725        3572        1        2
2725        3598        1        2
2752        3598        1        2
2752        3625        1        2
2778        3651        1        2
2805        3678        1        2
2831        3704        1        2
2831        3731        1        2
2858        3757        1        2
2858        3784        1        2
2884        3784        1        2
2884        3810        1        2
2910        3810        1        2
2910        3784        1        2
2884        3757        1        2
2884        3731        1        2
2884        3704        1        2
2884        3678        1        2
2884        3651        1        2
2884        3625        1        2
2884        3598        1        2
2884        3572        1        2
2884        3519        1        2
2884        3493        1        2
2884        3440        1        2
2884        3387        1        2
2884        3334        1        2
2884        3281        1        2
2884        3201        1        2
2884        3149        1        2
2858        3069        1        2
2858        3016        1        2
2858        2963        1        2
2858        2884        1        2
2858        2831        1        2
2831        2778        1        2
2831        2725        1        2
2831        2672        1        2
2831        2619        1        2
2805        2566        1        2
2805        2540        1        2
2805        2487        1        2
2805        2461        1        2
2805        2408        1        2
2831        2381        1        2
2831        2355        1        2
2831        2328        1        2
2831        2302        1        2
2831        2275        1        2
2831        2249        1        2
2831        2223        1        2
2831        2196        1        2
2831        2170        1        2
2831        2143        1        2
2831        2117        1        2
2831        2090        1        2
2831        2064        1        2
2831        2037        1        2
2831        2011        1        2
2831        1984        1        2
2805        1984        1        2
PEN_UP                  0
PEN_DOWN
1640        2090        1        3
1667        2090        1        3
1693        2090        1        3
1720        2090        1        3
1773        2090        1        3
1826        2090        1        3
1879        2090        1        3
1958        2090        1        3
2037        2090        1        3
2117        2090        1        3
2223        2090        1        3
2328        2090        1        3
2461        2117        1        3
2593        2117        1        3
2725        2117        1        3
2831        2117        1        3
2963        2117        1        3
3069        2143        1        3
3149        2143        1        3
3228        2143        1        3
3281        2143        1        3
3334        2143        1        3
3360        2170        1        3
3387        2170        1        3
3413        2170        1        3
3440        2143        1        3
3466        2143        1        3
3440        2143        1        3
PEN_UP                  0
END_CHARACTER: TM
