CHARACTER_NAME: DV
STROKE_COUNT: 3
  X           Y   STYLUS_STATE STROKE
PEN_DOWN
1244        1746        1        1
1244        1773        1        1
1270        1773        1        1
1296        1773        1        1
1349        1773        1        1
1402        1746        1        1
1455        1746        1        1
1561        1746        1        1
1640        1746        1        1
1773        1746        1        1
1879        1746        1        1
2011        1773        1        1
2117        1773        1        1
2249        1773        1        1
2355        1773        1        1
2461        1773        1        1
2540        1773        1        1
2593        1773        1        1
2646        1773        1        1
2699        1773        1        1
2725        1773        1        1
2752        1773        1        1
2725        1773        1        1
PEN_UP                  0
PEN_DOWN
1773        1799        1        2
1746        1799        1        2
1746        1852        1        2
1746        1879        1        2
1746        1931        1        2
1746        1984        1        2
1720        2064        1        2
1720        2117        1        2
1720        2196        1        2
1720        2249        1        2
1720        2328        1        2
1720        2381        1        2
1720        2434        1        2
1720        2487        1        2
1720        2514        1        2
1720        2566        1        2
1720        2593        1        2
1720        2619        1        2
1720        2646        1        2
1746        2646        1        2
1773        2619        1        2
1799        2593        1        2
1852        2566        1        2
1905        2540        1        2
1958        2514        1        2
2011        2461        1        2
2064        2434        1        2
2117        2408        1        2
2143        2408        1        2
2170        2381        1        2
2196        2381        1        2
2196        2355        1        2
2223        2355        1        2
2223        2381        1        2
2223        2408        1        2
2223        2434        1        2
2249        2461        1        2
2249        2487        1        2
2249        2540        1        2
2249        2593        1        2
2223        2646        1        2
2223        2699        1        2
2223        2752        1        2
2223        2831        1        2
2223        2884        1        2
2223        2937        1        2
2223        2990        1        2
2223        3043        1        2
2223        3069        1        2
2223        3096        1        2
2223        3122        1        2
2249        3096        1        2
2249        3069        1        2
2275        3043        1        2
2275        3016        1        2
2302        2990        1        2
2302        2963        1        2
PEN_UP                  0
PEN_DOWN
2408        3228        1        3
2434        3228        1        3
2461        3201        1        3
2487        3201        1        3
2487        3175        1        3
2514        3175        1        3
2514        3149        1        3
2540        3122        1        3
2540        3096        1        3
2514        3069        1        3
2514        3043        1        3
2514        3016        1        3
2487        3016        1        3
2461        3016        1        3
2434        3016        1        3
2408        3043        1        3
2381        3069        1        3
2328        3096        1        3
2275        3149        1        3
2249        3201        1        3
2196        3254        1        3
2170        3307        1        3
2143        3360        1        3
2117        3387        1        3
2117        3440        1        3
2090        3466        1        3
2117        3493        1        3
2143        3493        1        3
2170        3466        1        3
2223        3466        1        3
2249        3440        1        3
2302        3413        1        3
2355        3413        1        3
2408        3413        1        3
2461        3413        1        3
2514        3413        1        3
2566        3413        1        3
2593        3440        1        3
2646        3466        1        3
2646        3493        1        3
2672        3519        1        3
2672        3545        1        3
2646        3598        1        3
2593        3625        1        3
2540        3678        1        3
2461        3704        1        3
2381        3731        1        3
2302        3784        1        3
2196        3784        1        3
2117        3810        1        3
2037        3810        1        3
1984        3810        1        3
1905        3784        1        3
1852        3784        1        3
1826        3757        1        3
1799        3704        1        3
1746        3678        1        3
1720        3651        1        3
1720        3625        1        3
1693        3598        1        3
1667        3572        1        3
1640        3545        1        3
1614        3545        1        3
1614        3572        1        3
PEN_UP                  0
END_CHARACTER: DV
