CHARACTER_NAME: FK
STROKE_COUNT: 3
  X           Y   STYLUS_STATE STROKE
PEN_DOWN
1376        1561        1        1
1402        1561        1        1
1429        1561        1        1
1482        1561        1        1
1561        1561        1        1
1640        1535        1        1
1746        1535        1        1
1852        1535        1        1
1958        1508        1        1
2090        1508        1        1
2223        1508        1        1
2355        1508        1        1
2461        1482        1        1
2593        1482        1        1
2672        1482        1        1
2752        1482        1        1
2831        1482        1        1
2884        1455        1        1
2910        1455        1        1
2937        1455        1        1
2963        1455        1        1
2990        1455        1        1
2963        1455        1        1
2937        1455        1        1
2910        1455        1        1
2884        1455        1        1
2858        1455        1        1
2805        1455        1        1
2778        1482        1        1
2752        1482        1        1
2725        1482        1        1
2699        1482        1        1
2672        1482        1        1
2646        1482        1        1
2619        1482        1        1
2619        1508        1        1
2593        1508        1        1
2566        1508        1        1
2540        1508        1        1
2514        1508        1        1
2487        1508        1        1
2461        1508        1        1
2434        1508        1        1
2408        1508        1        1
2381        1508        1        1
2355        1508        1        1
2328        1508        1        1
2302        1508        1        1
2275        1508        1        1
2249        1508        1        1
2223        1535        1        1
2196        1535        1        1
2170        1535        1        1
2143        1535        1        1
2117        1535        1        1
2090        1561        1        1
2064        1561        1        1
2037        1561        1        1
2011        1561        1        1
2011        1588        1        1
1984        1588        1        1
1958        1588        1        1
1931        1588        1        1
1905        1614        1        1
1879        1614        1        1
1852        1640        1        1
1826        1640        1        1
1799        1640        1        1
1799        1667        1        1
1773        1667        1        1
1773        1693        1        1
1746        1693        1        1
1720        1720        1        1
1693        1720        1        1
1693        1746        1        1
1667        1746        1        1
1640        1773        1        1
1640        1799        1        1
1614        1799        1        1
1588        1826        1        1
1588        1852        1        1
1561        1879        1        1
1561        1905        1        1
1561        1931        1        1
1561        1958        1        1
1588        1984        1        1
1588        2011        1        1
1588        2037        1        1
1588        2064        1        1
1614        2064        1        1
1614        2090        1        1
1640        2090        1        1
1640        2117        1        1
1667        2117        1        1
1667        2143        1        1
1693        2143        1        1
1720        2143        1        1
1746        2143        1        1
1773        2143        1        1
1799        2143        1        1
1826        2143        1        1
1852        2143        1        1
1879        2117        1        1
1905        2117        1        1
1931        2117        1        1
1958        2117        1        1
1984        2090        1        1
2011        2090        1        1
2037        2090        1        1
2064        2064        1        1
2090        2037        1        1
2117        2037        1        1
2170        2011        1        1
2196        1984        1        1
2223        1958        1        1
2249        1931        1        1
2275        1905        1        1
2302        1879        1        1
2328        1852        1        1
2355        1852        1        1
2408        1799        1        1
2434        1773        1        1
2461        1746        1        1
2487        1720        1        1
2514        1693        1        1
2514        1640        1        1
2540        1614        1        1
2566        1588        1        1
2566        1561        1        1
2593        1535        1        1
2593        1508        1        1
2566        1508        1        1
2540        1508        1        1
2514        1508        1        1
PEN_UP                  0
PEN_DOWN
1826        1799        1        2
1826        1826        1        2
1799        1826        1        2
1773        1826        1        2
1746        1852        1        2
1720        1852        1        2
1746        1852        1        2
1773        1879        1        2
1799        1879        1        2
1852        1879        1        2
1879        1879        1        2
1958        1905        1        2
2011        1905        1        2
2064        1931        1        2
2117        1931        1        2
2170        1958        1        2
2196        1958        1        2
2249        1958        1        2
2275        1984        1        2
2302        1984        1        2
2328        1984        1        2
PEN_UP                  0
PEN_DOWN
2619        1508        1        3
2619        1535        1        3
2593        1535        1        3
2566        1561        1        3
2540        1588        1        3
2540        1614        1        3
2514        1640        1        3
2487        1667        1        3
2461        1693        1        3
2434        1720        1        3
2408        1746        1        3
2381        1799        1        3
2355        1826        1        3
2328        1879        1        3
2302        1931        1        3
2275        1958        1        3
2223        2011        1        3
2196        2064        1        3
2170        2117        1        3
2117        2170        1        3
2090        2196        1        3
2064        2249        1        3
2037        2275        1        3
2011        2302        1        3
1984        2328        1        3
1984        2355        1        3
1958        2355        1        3
1958        2381        1        3
1931        2381        1        3
1931        2408        1        3
1958        2381        1        3
1984        2355        1        3
2011        2355        1        3
2037        2328        1        3
2064        2328        1        3
2090        2328        1        3
2117        2328        1        3
2170        2328        1        3
2196        2328        1        3
2223        2355        1        3
2275        2355        1        3
2302        2381        1        3
2355        2381        1        3
2381        2408        1        3
2434        2434        1        3
2461        2461        1        3
2487        2487        1        3
2514        2540        1        3
2540        2566        1        3
2566        2593        1        3
2593        2593        1        3
2619        2619        1        3
2646        2646        1        3
2672        2672        1        3
2672        2646        1        3
2672        2619        1        3
2672        2593        1        3
2672        2540        1        3
2672        2514        1        3
2646        2461        1        3
2646        2408        1        3
2619        2355        1        3
2619        2275        1        3
2593        2223        1        3
2593        2143        1        3
2566        2090        1        3
2566        2011        1        3
2566        1958        1        3
2566        1905        1        3
2566        1852        1        3
2540        1799        1        3
2540        1773        1        3
2540        1720        1        3
2540        1693        1        3
2540        1667        1        3
2540        1640        1        3
2566        1614        1        3
2566        1588        1        3
2566        1561        1        3
2566        1535        1        3
2566        1508        1        3
2566        1482        1        3
2566        1455        1        3
2593        1455        1        3
2619        1455        1        3
2646        1455        1        3
2699        1455        1        3
2725        1482        1        3
2778        1482        1        3
2858        1508        1        3
2910        1561        1        3
2963        1588        1        3
3016        1614        1        3
3069        1667        1        3
3096        1720        1        3
3122        1773        1        3
3149        1826        1        3
3149        1879        1        3
3149        1931        1        3
3149        1984        1        3
3122        2037        1        3
3096        2064        1        3
3069        2117        1        3
3043        2170        1        3
2990        2196        1        3
2963        2223        1        3
2910        2223        1        3
2884        2249        1        3
2858        2249        1        3
2831        2249        1        3
2805        2223        1        3
2778        2196        1        3
2778        2170        1        3
2752        2143        1        3
2752        2117        1        3
2752        2090        1        3
2778        2064        1        3
2778        2011        1        3
2778        1984        1        3
2805        1958        1        3
2831        1958        1        3
2858        1931        1        3
2884        1905        1        3
2910        1905        1        3
2937        1905        1        3
2963        1905        1        3
2990        1905        1        3
3016        1931        1        3
2990        1931        1        3
2990        1958        1        3
2963        1958        1        3
2937        1958        1        3
PEN_UP                  0
END_CHARACTER: FK
