CHARACTER_NAME: SSTH
STROKE_COUNT: 4
  X           Y   STYLUS_STATE STROKE
PEN_DOWN
1693        1931        1        1
1693        1905        1        1
1667        1879        1        1
1640        1852        1        1
1614        1852        1        1
1588        1852        1        1
1535        1852        1        1
1508        1852        1        1
1455        1852        1        1
1402        1879        1        1
1349        1879        1        1
1296        1879        1        1
1244        1905        1        1
1164        1931        1        1
1111        1958        1        1
1058        1984        1        1
1005        2037        1        1
 979        2064        1        1
 926        2117        1        1
 900        2170        1        1
 873        2223        1        1
 847        2275        1        1
 820        2328        1        1
 820        2381        1        1
 820        2408        1        1
 820        2461        1        1
 820        2487        1        1
 847        2540        1        1
 873        2566        1        1
 900        2593        1        1
 926        2593        1        1
 979        2619        1        1
1032        2619        1        1
1085        2619        1        1
1138        2619        1        1
1217        2619        1        1
1270        2593        1        1
1349        2593        1        1
1429        2540        1        1
1482        2514        1        1
1561        2487        1        1
1614        2434        1        1
1667        2381        1        1
1720        2328        1        1
1746        2275        1        1
1799        2196        1        1
1826        2143        1        1
1852        2064        1        1
1852        1984        1        1
1879        1931        1        1
1879        1879        1        1
1852        1826        1        1
1852        1799        1        1
1826        1773        1        1
1826        1746        1        1
1799        1746        1        1
1746        1720        1        1
PEN_UP                  0
PEN_DOWN
1111        2170        1        2
1111        2196        1        2
1111        2223        1        2
1111        2249        1        2
1138        2249        1        2
1138        2275        1        2
1164        2275        1        2
1191        2302        1        2
1244        2328        1        2
1296        2328        1        2
1349        2355        1        2
1402        2355        1        2
1429        2381        1        2
1482        2381        1        2
1508        2408        1        2
PEN_UP                  0
PEN_DOWN
1535        1852        1        3
1535        1826        1        3
1561        1826        1        3
1561        1799        1        3
1588        1799        1        3
1614        1799        1        3
1640        1799        1        3
1667        1799        1        3
1693        1799        1        3
1720        1799        1        3
1746        1826        1        3
1773        1826        1        3
1799        1826        1        3
1826        1852        1        3
1852        1879        1        3
1852        1905        1        3
1852        1931        1        3
1852        1958        1        3
1852        1984        1        3
1852        2011        1        3
1826        2037        1        3
1826        2064        1        3
1826        2090        1        3
1799        2117        1        3
1799        2143        1        3
1799        2196        1        3
1799        2223        1        3
1799        2249        1        3
1773        2249        1        3
1773        2275        1        3
1773        2302        1        3
1773        2328        1        3
1746        2355        1        3
1746        2381        1        3
1746        2408        1        3
1720        2434        1        3
1720        2461        1        3
1693        2487        1        3
1693        2514        1        3
1667        2540        1        3
1640        2566        1        3
1614        2593        1        3
1614        2619        1        3
1588        2646        1        3
1561        2672        1        3
1561        2699        1        3
1535        2699        1        3
1508        2725        1        3
1482        2752        1        3
1455        2778        1        3
1455        2805        1        3
1429        2831        1        3
1455        2858        1        3
1455        2884        1        3
1482        2910        1        3
1482        2937        1        3
1508        2937        1        3
1508        2963        1        3
1535        2963        1        3
1561        2963        1        3
1588        2963        1        3
1614        2963        1        3
1640        2963        1        3
1667        2963        1        3
1720        2937        1        3
1746        2937        1        3
1773        2937        1        3
1799        2937        1        3
1852        2910        1        3
1879        2910        1        3
1905        2910        1        3
1931        2884        1        3
1958        2884        1        3
1984        2858        1        3
2011        2831        1        3
2037        2831        1        3
2064        2805        1        3
2064        2778        1        3
2090        2752        1        3
2117        2725        1        3
2143        2699        1        3
2143        2672        1        3
2170        2646        1        3
2196        2593        1        3
2196        2566        1        3
2223        2540        1        3
2223        2514        1        3
2223        2461        1        3
2223        2434        1        3
2223        2408        1        3
2223        2355        1        3
2196        2328        1        3
2196        2275        1        3
2196        2223        1        3
2170        2196        1        3
2170        2143        1        3
2170        2090        1        3
2143        2064        1        3
2143        2011        1        3
2143        1984        1        3
2117        1958        1        3
2117        1931        1        3
2090        1905        1        3
2064        1905        1        3
2037        1879        1        3
2011        1852        1        3
1984        1852        1        3
1958        1826        1        3
1931        1799        1        3
1905        1799        1        3
1852        1799        1        3
1826        1773        1        3
1773        1773        1        3
1746        1746        1        3
1693        1746        1        3
1640        1720        1        3
1614        1720        1        3
1561        1693        1        3
1508        1667        1        3
1482        1640        1        3
1429        1614        1        3
1402        1588        1        3
1349        1535        1        3
1323        1482        1        3
1296        1455        1        3
1270        1402        1        3
1270        1349        1        3
1270        1270        1        3
1270        1244        1        3
1270        1191        1        3
1270        1138        1        3
1296        1111        1        3
1323        1058        1        3
1349        1032        1        3
1376        1032        1        3
1429        1032        1        3
1455        1032        1        3
1508        1058        1        3
1535        1111        1        3
PEN_UP                  0
PEN_DOWN
1244        1879        1        4
1217        1879        1        4
1191        1879        1        4
1164        1879        1        4
1138        1879        1        4
1138        1905        1        4
1111        1905        1        4
1138        1879        1        4
1191        1879        1        4
1244        1879        1        4
1323        1879        1        4
1429        1852        1        4
1535        1852        1        4
1640        1852        1        4
1773        1852        1        4
1879        1826        1        4
2011        1826        1        4
2117        1826        1        4
2223        1799        1        4
2328        1799        1        4
2434        1773        1        4
2514        1773        1        4
2593        1746        1        4
2646        1746        1        4
2672        1746        1        4
2725        1746        1        4
2752        1720        1        4
2778        1720        1        4
2752        1720        1        4
2725        1720        1        4
PEN_UP                  0
END_CHARACTER: SSTH
