CHARACTER_NAME: TRU
STROKE_COUNT: 3
  X           Y   STYLUS_STATE STROKE
PEN_DOWN
1164        1561        1        1
1191        1561        1        1
1244        1561        1        1
1323        1561        1        1
1429        1561        1        1
1535        1561        1        1
1693        1588        1        1
1852        1588        1        1
1984        1588        1        1
2143        1588        1        1
2302        1588        1        1
2461        1588        1        1
2566        1614        1        1
2699        1614        1        1
2805        1614        1        1
2884        1614        1        1
2937        1614        1        1
2990        1614        1        1
3043        1614        1        1
3069        1614        1        1
3096        1614        1        1
3122        1614        1        1
3096        1614        1        1
3069        1614        1        1
3016        1614        1        1
2963        1614        1        1
2884        1614        1        1
PEN_UP                  0
PEN_DOWN
2037        1799        1        2
2064        1799        1        2
2090        1799        1        2
2090        1826        1        2
2090        1852        1        2
2064        1879        1        2
2037        1905        1        2
2037        1931        1        2
2011        1931        1        2
2011        1958        1        2
1984        1958        1        2
1958        1984        1        2
1958        1958        1        2
1931        1958        1        2
1931        1931        1        2
1905        1931        1        2
1905        1905        1        2
1879        1905        1        2
1879        1879        1        2
1879        1852        1        2
1879        1826        1        2
1905        1799        1        2
1905        1773        1        2
1931        1773        1        2
1931        1746        1        2
1958        1746        1        2
1958        1720        1        2
1984        1720        1        2
1984        1693        1        2
2011        1693        1        2
2011        1667        1        2
2037        1640        1        2
2064        1640        1        2
2090        1614        1        2
2117        1614        1        2
2143        1614        1        2
2170        1614        1        2
2196        1640        1        2
2223        1667        1        2
2223        1693        1        2
2249        1693        1        2
2249        1720        1        2
2249        1746        1        2
2249        1773        1        2
2249        1799        1        2
2249        1852        1        2
2249        1879        1        2
2249        1931        1        2
2223        1984        1        2
2223        2037        1        2
2223        2064        1        2
2223        2117        1        2
2223        2170        1        2
2223        2223        1        2
2223        2275        1        2
2223        2328        1        2
2223        2381        1        2
2223        2408        1        2
2223        2461        1        2
2223        2487        1        2
2223        2514        1        2
2223        2540        1        2
2223        2566        1        2
2223        2540        1        2
2223        2514        1        2
2196        2487        1        2
2196        2461        1        2
2170        2434        1        2
2170        2408        1        2
2170        2381        1        2
2143        2381        1        2
2117        2381        1        2
2090        2381        1        2
2064        2408        1        2
2037        2434        1        2
2011        2461        1        2
1984        2461        1        2
1958        2487        1        2
1931        2514        1        2
1905        2540        1        2
1905        2566        1        2
1879        2593        1        2
1852        2593        1        2
1826        2619        1        2
1799        2646        1        2
1773        2672        1        2
1746        2672        1        2
1720        2699        1        2
1693        2725        1        2
1667        2725        1        2
1640        2752        1        2
1614        2752        1        2
1588        2752        1        2
1561        2778        1        2
1535        2778        1        2
1508        2778        1        2
1482        2805        1        2
1455        2805        1        2
1429        2778        1        2
1402        2778        1        2
1349        2778        1        2
1323        2778        1        2
1296        2752        1        2
1270        2752        1        2
1244        2725        1        2
1217        2699        1        2
1191        2672        1        2
1164        2646        1        2
1138        2593        1        2
1111        2540        1        2
1085        2514        1        2
1085        2461        1        2
1058        2408        1        2
1058        2381        1        2
1032        2328        1        2
1032        2302        1        2
1032        2275        1        2
1032        2249        1        2
1058        2249        1        2
1058        2223        1        2
1085        2223        1        2
PEN_UP                  0
PEN_DOWN
2249        2249        1        3
2275        2223        1        3
2275        2196        1        3
2275        2170        1        3
2275        2143        1        3
2275        2170        1        3
2275        2196        1        3
2275        2223        1        3
2302        2249        1        3
2302        2275        1        3
2328        2302        1        3
2328        2328        1        3
2355        2328        1        3
2381        2355        1        3
2408        2381        1        3
2434        2381        1        3
2487        2381        1        3
2514        2408        1        3
2540        2408        1        3
2566        2381        1        3
2619        2381        1        3
2646        2381        1        3
2672        2381        1        3
2699        2355        1        3
2725        2355        1        3
2752        2328        1        3
2752        2302        1        3
2778        2249        1        3
2805        2223        1        3
2805        2170        1        3
2805        2143        1        3
2831        2090        1        3
2831        2064        1        3
2805        2011        1        3
2805        1984        1        3
2778        1958        1        3
2778        1931        1        3
2752        1905        1        3
2725        1905        1        3
2699        1879        1        3
2672        1879        1        3
2646        1905        1        3
2619        1931        1        3
2619        1958        1        3
2619        1984        1        3
2619        2011        1        3
2646        2037        1        3
2646        2064        1        3
2672        2064        1        3
2672        2090        1        3
2699        2117        1        3
2725        2117        1        3
2752        2143        1        3
2778        2143        1        3
2805        2143        1        3
2831        2143        1        3
2831        2117        1        3
PEN_UP                  0
END_CHARACTER: TRU
