CHARACTER_NAME: THB
STROKE_COUNT: 3
  X           Y   STYLUS_STATE STROKE
PEN_DOWN
1376        1561        1        1
1402        1561        1        1
1402        1588        1        1
1402        1614        1        1
1376        1640        1        1
1376        1667        1        1
1349        1667        1        1
1349        1693        1        1
1323        1693        1        1
1296        1693        1        1
1296        1667        1        1
1270        1667        1        1
1270        1640        1        1
1270        1614        1        1
1244        1588        1        1
1244        1561        1        1
1244        1535        1        1
1244        1508        1        1
1270        1482        1        1
1270        1455        1        1
1296        1429        1        1
1323        1402        1        1
1349        1402        1        1
1402        1376        1        1
1429        1376        1        1
1455        1402        1        1
1508        1402        1        1
1535        1402        1        1
1561        1429        1        1
1588        1429        1        1
1614        1455        1        1
1640        1482        1        1
1667        1508        1        1
1667        1535        1        1
1667        1561        1        1
1667        1588        1        1
1640        1614        1        1
1640        1640        1        1
1614        1667        1        1
1588        1720        1        1
1561        1746        1        1
1535        1773        1        1
1508        1799        1        1
1482        1852        1        1
1455        1879        1        1
1402        1905        1        1
1376        1931        1        1
1349        1958        1        1
1323        1984        1        1
1296        1984        1        1
1270        2011        1        1
1244        2011        1        1
1244        2037        1        1
1217        2037        1        1
1217        2011        1        1
1217        1984        1        1
1244        1984        1        1
1270        1958        1        1
1296        1958        1        1
1323        1958        1        1
1349        1984        1        1
1376        1984        1        1
1402        1984        1        1
1429        2011        1        1
1455        2011        1        1
1482        2037        1        1
1508        2064        1        1
1535        2090        1        1
1561        2090        1        1
1588        2117        1        1
1588        2143        1        1
1614        2170        1        1
1640        2196        1        1
1667        2223        1        1
1667        2249        1        1
1693        2275        1        1
1720        2302        1        1
1720        2355        1        1
1746        2381        1        1
1773        2408        1        1
1799        2434        1        1
1826        2461        1        1
1826        2487        1        1
1852        2514        1        1
1852        2540        1        1
1879        2566        1        1
1905        2566        1        1
1905        2540        1        1
1905        2514        1        1
1931        2461        1        1
1931        2434        1        1
1931        2381        1        1
1958        2302        1        1
1958        2223        1        1
1984        2143        1        1
1984        2064        1        1
1984        1984        1        1
1984        1905        1        1
2011        1826        1        1
2011        1746        1        1
2011        1667        1        1
2037        1588        1        1
2037        1535        1        1
2064        1482        1        1
2064        1455        1        1
2064        1429        1        1
2064        1402        1        1
2090        1402        1        1
2064        1402        1        1
2064        1429        1        1
2064        1455        1        1
2064        1482        1        1
2037        1508        1        1
2037        1535        1        1
PEN_UP                  0
PEN_DOWN
1905        2487        1        2
1905        2461        1        2
1931        2461        1        2
1905        2461        1        2
1879        2487        1        2
1826        2487        1        2
1799        2514        1        2
1746        2514        1        2
1693        2540        1        2
1614        2566        1        2
1561        2593        1        2
1482        2619        1        2
1429        2646        1        2
1376        2672        1        2
1349        2699        1        2
1296        2725        1        2
1270        2725        1        2
1244        2752        1        2
1217        2752        1        2
1217        2778        1        2
1191        2778        1        2
1217        2805        1        2
1244        2805        1        2
1270        2805        1        2
1296        2805        1        2
1323        2805        1        2
1349        2831        1        2
1376        2831        1        2
1429        2831        1        2
1455        2858        1        2
1482        2884        1        2
1535        2884        1        2
1561        2910        1        2
1588        2937        1        2
1614        2963        1        2
1640        2990        1        2
1667        3016        1        2
1693        3043        1        2
1720        3069        1        2
1720        3096        1        2
1746        3096        1        2
1746        3122        1        2
1773        3122        1        2
1773        3149        1        2
1799        3122        1        2
1799        3096        1        2
1826        3069        1        2
1826        3043        1        2
1826        3016        1        2
1852        2990        1        2
1852        2963        1        2
1852        2910        1        2
1852        2884        1        2
1852        2831        1        2
1826        2805        1        2
1826        2752        1        2
1826        2699        1        2
1799        2646        1        2
1799        2619        1        2
1799        2566        1        2
1799        2540        1        2
1799        2514        1        2
1799        2487        1        2
1826        2461        1        2
1826        2434        1        2
1826        2408        1        2
1852        2381        1        2
PEN_UP                  0
PEN_DOWN
1958        1455        1        3
1984        1455        1        3
1958        1455        1        3
1931        1455        1        3
1931        1482        1        3
1984        1482        1        3
2037        1482        1        3
2117        1482        1        3
2196        1455        1        3
2328        1455        1        3
2461        1455        1        3
2593        1455        1        3
2699        1455        1        3
2831        1455        1        3
2937        1455        1        3
3016        1455        1        3
3069        1455        1        3
3096        1455        1        3
3149        1455        1        3
3175        1455        1        3
PEN_UP                  0
END_CHARACTER: THB
