CHARACTER_NAME: DSR
STROKE_COUNT: 2
  X           Y   STYLUS_STATE STROKE
PEN_DOWN
1905        1429        1        1
1905        1402        1        1
1931        1402        1        1
1931        1429        1        1
1905        1455        1        1
1905        1482        1        1
1879        1508        1        1
1826        1561        1        1
1799        1588        1        1
1746        1640        1        1
1720        1667        1        1
1693        1693        1        1
1640        1720        1        1
1614        1746        1        1
1588        1773        1        1
1561        1799        1        1
1588        1773        1        1
1614        1773        1        1
1640        1746        1        1
1667        1746        1        1
1693        1720        1        1
1720        1720        1        1
1746        1720        1        1
1773        1693        1        1
1799        1693        1        1
1826        1693        1        1
1852        1693        1        1
1879        1693        1        1
1905        1693        1        1
1931        1693        1        1
1958        1720        1        1
1984        1720        1        1
2011        1746        1        1
2011        1773        1        1
2037        1799        1        1
2064        1826        1        1
2090        1852        1        1
2090        1879        1        1
2117        1931        1        1
2117        1958        1        1
2117        1984        1        1
2117        2011        1        1
2117        2064        1        1
2090        2090        1        1
2064        2117        1        1
2064        2143        1        1
2011        2170        1        1
1984        2196        1        1
1958        2249        1        1
1905        2275        1        1
1879        2302        1        1
1826        2328        1        1
1799        2328        1        1
1746        2355        1        1
1720        2355        1        1
1693        2381        1        1
1667        2381        1        1
1640        2355        1        1
1614        2355        1        1
1588        2355        1        1
1588        2328        1        1
1561        2328        1        1
1561        2302        1        1
1535        2302        1        1
1535        2275        1        1
1535        2249        1        1
1561        2249        1        1
1588        2249        1        1
1614        2275        1        1
1640        2275        1        1
1640        2302        1        1
1667        2302        1        1
1693        2302        1        1
1720        2328        1        1
1746        2328        1        1
1773        2355        1        1
1799        2355        1        1
1826        2355        1        1
1852        2355        1        1
1879        2355        1        1
1905        2355        1        1
1931        2328        1        1
1958        2328        1        1
1958        2302        1        1
1984        2275        1        1
1984        2249        1        1
2011        2223        1        1
2011        2196        1        1
2011        2170        1        1
2037        2143        1        1
2037        2117        1        1
2037        2090        1        1
2037        2064        1        1
2064        2037        1        1
2064        1984        1        1
2064        1958        1        1
2090        1931        1        1
2117        1905        1        1
2117        1879        1        1
2143        1852        1        1
2170        1852        1        1
2170        1826        1        1
2196        1826        1        1
2196        1799        1        1
2223        1826        1        1
2249        1826        1        1
2249        1852        1        1
2275        1879        1        1
2302        1905        1        1
2328        1931        1        1
2328        1958        1        1
2355        1984        1        1
2381        2011        1        1
2381        2037        1        1
2408        2064        1        1
2434        2090        1        1
2461        2064        1        1
2487        2037        1        1
2487        2011        1        1
2514        1958        1        1
2514        1931        1        1
2540        1879        1        1
2540        1852        1        1
2540        1799        1        1
2540        1746        1        1
2540        1693        1        1
2540        1667        1        1
2540        1614        1        1
2540        1588        1        1
2514        1561        1        1
2514        1508        1        1
2514        1482        1        1
2514        1455        1        1
2514        1429        1        1
2514        1402        1        1
2514        1429        1        1
2514        1455        1        1
2514        1482        1        1
2514        1508        1        1
2514        1535        1        1
2514        1561        1        1
2514        1588        1        1
2540        1614        1        1
2540        1667        1        1
2540        1693        1        1
2514        1720        1        1
2540        1773        1        1
2540        1799        1        1
2540        1852        1        1
2540        1879        1        1
2540        1931        1        1
2540        1984        1        1
2540        2011        1        1
2540        2064        1        1
2540        2117        1        1
2540        2170        1        1
2540        2223        1        1
2540        2249        1        1
2540        2302        1        1
2540        2355        1        1
2540        2381        1        1
2540        2434        1        1
2540        2461        1        1
2540        2487        1        1
2540        2514        1        1
2540        2540        1        1
2540        2566        1        1
2540        2593        1        1
2514        2593        1        1
2514        2566        1        1
2514        2540        1        1
2487        2540        1        1
2487        2514        1        1
2461        2514        1        1
2461        2487        1        1
2434        2487        1        1
2434        2514        1        1
2408        2514        1        1
2381        2514        1        1
2381        2540        1        1
2355        2540        1        1
2328        2566        1        1
2302        2593        1        1
2275        2593        1        1
2275        2619        1        1
2249        2646        1        1
2223        2646        1        1
2223        2672        1        1
2196        2699        1        1
2170        2699        1        1
2170        2725        1        1
2143        2752        1        1
2117        2778        1        1
2090        2805        1        1
2064        2805        1        1
2064        2831        1        1
2037        2831        1        1
2011        2858        1        1
1984        2858        1        1
1958        2884        1        1
1931        2884        1        1
1905        2884        1        1
1879        2884        1        1
1852        2884        1        1
1826        2858        1        1
1799        2858        1        1
1773        2858        1        1
1720        2831        1        1
1693        2831        1        1
1667        2805        1        1
1640        2778        1        1
1588        2752        1        1
1561        2725        1        1
1535        2699        1        1
1508        2672        1        1
1508        2646        1        1
1482        2593        1        1
1455        2593        1        1
1455        2566        1        1
1429        2540        1        1
1402        2514        1        1
1402        2487        1        1
PEN_UP                  0
PEN_DOWN
1535        1402        1        2
1508        1402        1        2
1482        1402        1        2
1508        1402        1        2
1535        1402        1        2
1561        1402        1        2
1588        1402        1        2
1640        1402        1        2
1720        1402        1        2
1773        1429        1        2
1826        1429        1        2
1905        1429        1        2
1984        1429        1        2
2064        1429        1        2
2143        1429        1        2
2223        1429        1        2
2302        1429        1        2
2381        1402        1        2
2461        1402        1        2
2540        1402        1        2
2619        1402        1        2
2699        1402        1        2
2778        1402        1        2
2858        1402        1        2
2937        1402        1        2
2990        1402        1        2
3043        1402        1        2
3069        1402        1        2
3122        1402        1        2
3149        1402        1        2
3175        1402        1        2
3201        1402        1        2
3175        1402        1        2
3149        1402        1        2
3122        1402        1        2
PEN_UP                  0
END_CHARACTER: DSR
