CHARACTER_NAME: CAY
STROKE_COUNT: 1
  X           Y   STYLUS_STATE STROKE
PEN_DOWN
2011        1640        1        1
2037        1640        1        1
2037        1614        1        1
2064        1614        1        1
2064        1588        1        1
2064        1561        1        1
2090        1561        1        1
2064        1588        1        1
2064        1614        1        1
2064        1640        1        1
2037        1667        1        1
2037        1693        1        1
2011        1720        1        1
1984        1773        1        1
1958        1826        1        1
1958        1852        1        1
1931        1931        1        1
1905        1984        1        1
1879        2037        1        1
1879        2090        1        1
1852        2117        1        1
1852        2170        1        1
1826        2223        1        1
1826        2249        1        1
1826        2275        1        1
1799        2302        1        1
1799        2328        1        1
1826        2328        1        1
1826        2302        1        1
1852        2302        1        1
1852        2275        1        1
1879        2249        1        1
1879        2223        1        1
1905        2223        1        1
1931        2196        1        1
1958        2170        1        1
1984        2170        1        1
2011        2143        1        1
2037        2143        1        1
2064        2143        1        1
2090        2117        1        1
2117        2117        1        1
2143        2143        1        1
2170        2143        1        1
2196        2143        1        1
2223        2170        1        1
2275        2170        1        1
2302        2196        1        1
2328        2223        1        1
2355        2249        1        1
2381        2275        1        1
2408        2302        1        1
2434        2328        1        1
2434        2355        1        1
2461        2381        1        1
2461        2434        1        1
2487        2461        1        1
2487        2487        1        1
2461        2514        1        1
2461        2540        1        1
2461        2593        1        1
2434        2619        1        1
2434        2646        1        1
2434        2672        1        1
2408        2699        1        1
2381        2725        1        1
2355        2725        1        1
2328        2752        1        1
2328        2778        1        1
2302        2805        1        1
2275        2805        1        1
2249        2831        1        1
2223        2831        1        1
2196        2831        1        1
2170        2858        1        1
2143        2858        1        1
2117        2858        1        1
2090        2858        1        1
2064        2858        1        1
2037        2858        1        1
2011        2831        1        1
1984        2831        1        1
1931        2831        1        1
1905        2805        1        1
1852        2778        1        1
1826        2752        1        1
1773        2725        1        1
1720        2699        1        1
1667        2646        1        1
1614        2619        1        1
1561        2566        1        1
1508        2487        1        1
1455        2434        1        1
1429        2381        1        1
1376        2328        1        1
1349        2275        1        1
1323        2223        1        1
1270        2170        1        1
1244        2143        1        1
1244        2117        1        1
1217        2090        1        1
PEN_UP                  0
END_CHARACTER: CAY
