CHARACTER_NAME: AA
STROKE_COUNT: 3
  X           Y   STYLUS_STATE STROKE
PEN_DOWN
1879        1614        1        1
1905        1614        1        1
1879        1614        1        1
1879        1640        1        1
1852        1667        1        1
1852        1693        1        1
1826        1693        1        1
1826        1720        1        1
1799        1746        1        1
1773        1746        1        1
1746        1746        1        1
1720        1773        1        1
1693        1773        1        1
1693        1746        1        1
1667        1746        1        1
1640        1746        1        1
1640        1720        1        1
1614        1720        1        1
1614        1693        1        1
1588        1667        1        1
1588        1640        1        1
1588        1614        1        1
1588        1588        1        1
1614        1588        1        1
1614        1561        1        1
1614        1535        1        1
1640        1508        1        1
1667        1482        1        1
1693        1455        1        1
1720        1455        1        1
1746        1429        1        1
1773        1402        1        1
1799        1402        1        1
1852        1402        1        1
1879        1376        1        1
1931        1402        1        1
1984        1402        1        1
2011        1402        1        1
2064        1429        1        1
2090        1455        1        1
2117        1455        1        1
2143        1482        1        1
2170        1508        1        1
2196        1535        1        1
2223        1561        1        1
2249        1614        1        1
2275        1640        1        1
2275        1667        1        1
2302        1693        1        1
2302        1746        1        1
2328        1773        1        1
2328        1826        1        1
2355        1852        1        1
2355        1905        1        1
2355        1931        1        1
2355        1984        1        1
2355        2011        1        1
2355        2064        1        1
2355        2090        1        1
2328        2143        1        1
2328        2170        1        1
2328        2223        1        1
2302        2249        1        1
2275        2275        1        1
2249        2302        1        1
2223        2328        1        1
2196        2355        1        1
2170        2381        1        1
2143        2381        1        1
2117        2408        1        1
2064        2434        1        1
2037        2434        1        1
2011        2434        1        1
1958        2434        1        1
1931        2434        1        1
1905        2434        1        1
1852        2434        1        1
1826        2408        1        1
1773        2408        1        1
1720        2381        1        1
1693        2355        1        1
1640        2328        1        1
1588        2302        1        1
1535        2275        1        1
1508        2249        1        1
1455        2196        1        1
1402        2170        1        1
1376        2117        1        1
1323        2064        1        1
1296        2011        1        1
1270        1958        1        1
1244        1879        1        1
1191        1826        1        1
1164        1746        1        1
1138        1693        1        1
1138        1614        1        1
1111        1561        1        1
1111        1508        1        1
1085        1482        1        1
1085        1455        1        1
1085        1429        1        1
1085        1402        1        1
PEN_UP                  0
PEN_DOWN
2328        2170        1        2
2328        2143        1        2
2328        2170        1        2
2355        2170        1        2
2355        2196        1        2
2355        2223        1        2
2381        2249        1        2
2381        2275        1        2
2408        2302        1        2
2434        2328        1        2
2461        2355        1        2
2461        2381        1        2
2487        2408        1        2
2514        2434        1        2
2540        2461        1        2
2566        2461        1        2
2566        2487        1        2
2593        2514        1        2
2593        2540        1        2
2619        2540        1        2
2646        2540        1        2
2646        2514        1        2
2646        2487        1        2
2646        2461        1        2
2672        2434        1        2
2646        2408        1        2
2646        2355        1        2
2646        2302        1        2
2646        2249        1        2
2646        2170        1        2
2619        2117        1        2
2619        2037        1        2
2593        1984        1        2
2593        1905        1        2
2566        1852        1        2
2566        1799        1        2
2566        1746        1        2
2540        1693        1        2
2540        1640        1        2
2540        1614        1        2
2514        1588        1        2
2514        1561        1        2
2514        1535        1        2
2514        1508        1        2
2487        1508        1        2
2487        1482        1        2
2487        1455        1        2
2487        1429        1        2
2461        1402        1        2
2461        1376        1        2
2461        1349        1        2
2461        1376        1        2
2487        1376        1        2
2487        1402        1        2
2514        1402        1        2
2540        1429        1        2
2540        1455        1        2
2566        1455        1        2
2619        1455        1        2
2646        1482        1        2
2699        1482        1        2
2725        1482        1        2
2778        1482        1        2
2831        1455        1        2
2884        1455        1        2
2937        1455        1        2
2963        1455        1        2
2990        1429        1        2
3016        1429        1        2
3043        1429        1        2
3043        1402        1        2
3016        1402        1        2
3016        1429        1        2
3016        1455        1        2
2990        1508        1        2
2990        1535        1        2
2990        1588        1        2
2990        1640        1        2
2990        1693        1        2
2990        1773        1        2
3016        1852        1        2
3016        1905        1        2
3016        1984        1        2
3016        2037        1        2
3016        2117        1        2
3016        2170        1        2
3016        2196        1        2
3016        2249        1        2
3016        2275        1        2
3016        2302        1        2
3016        2275        1        2
2990        2249        1        2
PEN_UP                  0
PEN_DOWN
 926        1402        1        3
 953        1402        1        3
 979        1402        1        3
1005        1402        1        3
1032        1402        1        3
1058        1402        1        3
1111        1376        1        3
1164        1376        1        3
1191        1376        1        3
1244        1376        1        3
1296        1376        1        3
1323        1376        1        3
1376        1376        1        3
1429        1349        1        3
1482        1349        1        3
1535        1349        1        3
1561        1349        1        3
1614        1349        1        3
1667        1349        1        3
1720        1349        1        3
1773        1349        1        3
1826        1349        1        3
1852        1349        1        3
1905        1349        1        3
1958        1349        1        3
1984        1349        1        3
2037        1349        1        3
2064        1349        1        3
2117        1323        1        3
2143        1323        1        3
2196        1323        1        3
2223        1323        1        3
2275        1323        1        3
2302        1349        1        3
2328        1349        1        3
2381        1349        1        3
2408        1349        1        3
2434        1349        1        3
2461        1349        1        3
2514        1349        1        3
2540        1349        1        3
2566        1349        1        3
2593        1349        1        3
2646        1349        1        3
2672        1349        1        3
2699        1349        1        3
2725        1349        1        3
2778        1349        1        3
2805        1349        1        3
2831        1349        1        3
2858        1349        1        3
2910        1349        1        3
2937        1349        1        3
2963        1349        1        3
2990        1349        1        3
3016        1349        1        3
3043        1349        1        3
3069        1349        1        3
3122        1349        1        3
3149        1349        1        3
3175        1349        1        3
3228        1349        1        3
3254        1349        1        3
3281        1323        1        3
3334        1323        1        3
3360        1323        1        3
3387        1323        1        3
3413        1323        1        3
3440        1323        1        3
3466        1323        1        3
3493        1323        1        3
3466        1323        1        3
3440        1323        1        3
PEN_UP                  0
END_CHARACTER: AA
