CHARACTER_NAME: DXA
STROKE_COUNT: 2
  X           Y   STYLUS_STATE STROKE
PEN_DOWN
 794        1376        1        1
 767        1376        1        1
 767        1349        1        1
 794        1349        1        1
 820        1349        1        1
 847        1349        1        1
 900        1349        1        1
 979        1349        1        1
1058        1349        1        1
1164        1349        1        1
1296        1376        1        1
1429        1376        1        1
1588        1376        1        1
1746        1376        1        1
1879        1376        1        1
2037        1376        1        1
2170        1376        1        1
2302        1402        1        1
2461        1402        1        1
2566        1402        1        1
2699        1402        1        1
2778        1402        1        1
2858        1376        1        1
2910        1376        1        1
2963        1376        1        1
2990        1376        1        1
3016        1376        1        1
3016        1349        1        1
2990        1349        1        1
2963        1349        1        1
2937        1349        1        1
2884        1349        1        1
2805        1349        1        1
PEN_UP                  0
PEN_DOWN
1508        1455        1        2
1482        1455        1        2
1482        1482        1        2
1455        1508        1        2
1429        1535        1        2
1402        1561        1        2
1376        1588        1        2
1349        1614        1        2
1349        1640        1        2
1323        1667        1        2
1296        1693        1        2
1296        1746        1        2
1270        1773        1        2
1244        1799        1        2
1217        1826        1        2
1191        1852        1        2
1191        1905        1        2
1164        1931        1        2
1138        1958        1        2
1111        1984        1        2
1111        2011        1        2
1085        2011        1        2
1111        2011        1        2
1111        1984        1        2
1138        1984        1        2
1138        1958        1        2
1164        1958        1        2
1191        1931        1        2
1217        1931        1        2
1217        1905        1        2
1244        1905        1        2
1270        1905        1        2
1296        1905        1        2
1323        1879        1        2
1349        1879        1        2
1376        1879        1        2
1402        1879        1        2
1429        1879        1        2
1455        1879        1        2
1482        1879        1        2
1535        1879        1        2
1561        1879        1        2
1614        1879        1        2
1640        1879        1        2
1693        1905        1        2
1720        1905        1        2
1746        1931        1        2
1799        1958        1        2
1826        1984        1        2
1852        2011        1        2
1879        2037        1        2
1905        2064        1        2
1905        2090        1        2
1931        2143        1        2
1931        2170        1        2
1958        2223        1        2
1958        2249        1        2
1958        2302        1        2
1958        2328        1        2
1931        2381        1        2
1931        2434        1        2
1905        2461        1        2
1879        2487        1        2
1852        2540        1        2
1799        2566        1        2
1773        2593        1        2
1746        2619        1        2
1693        2646        1        2
1667        2672        1        2
1614        2672        1        2
1588        2699        1        2
1535        2699        1        2
1508        2699        1        2
1482        2725        1        2
1429        2725        1        2
1402        2725        1        2
1376        2725        1        2
1349        2699        1        2
1323        2699        1        2
1296        2699        1        2
1270        2699        1        2
1270        2672        1        2
1244        2672        1        2
1217        2646        1        2
1217        2619        1        2
1217        2646        1        2
1244        2646        1        2
1270        2672        1        2
1296        2672        1        2
1323        2699        1        2
1349        2699        1        2
1376        2699        1        2
1402        2725        1        2
1429        2725        1        2
1455        2725        1        2
1482        2725        1        2
1508        2725        1        2
1508        2699        1        2
1535        2699        1        2
1561        2699        1        2
1588        2672        1        2
1614        2672        1        2
1640        2646        1        2
1667        2619        1        2
1693        2619        1        2
1720        2593        1        2
1720        2566        1        2
1746        2566        1        2
1773        2540        1        2
1799        2514        1        2
1826        2514        1        2
1826        2487        1        2
1852        2487        1        2
1879        2461        1        2
1905        2434        1        2
1931        2408        1        2
1958        2381        1        2
1984        2355        1        2
1984        2328        1        2
2011        2328        1        2
2011        2302        1        2
2037        2275        1        2
2037        2249        1        2
2064        2223        1        2
2064        2196        1        2
2064        2170        1        2
2090        2143        1        2
2090        2117        1        2
2117        2117        1        2
2143        2117        1        2
2170        2117        1        2
2196        2143        1        2
2223        2143        1        2
2249        2170        1        2
2275        2223        1        2
2275        2249        1        2
2302        2275        1        2
2328        2302        1        2
2328        2355        1        2
2355        2381        1        2
2355        2408        1        2
2381        2434        1        2
2381        2461        1        2
2408        2461        1        2
2434        2487        1        2
2461        2487        1        2
2487        2487        1        2
2514        2487        1        2
2540        2461        1        2
2566        2434        1        2
2593        2434        1        2
2593        2381        1        2
2619        2355        1        2
2619        2302        1        2
2646        2223        1        2
2646        2170        1        2
2646        2090        1        2
2646        2037        1        2
2646        1958        1        2
2646        1905        1        2
2646        1852        1        2
2646        1799        1        2
2672        1746        1        2
2672        1693        1        2
2672        1667        1        2
2672        1640        1        2
2699        1614        1        2
2699        1588        1        2
2725        1561        1        2
2725        1535        1        2
2725        1508        1        2
2725        1482        1        2
2725        1455        1        2
2725        1429        1        2
2699        1429        1        2
2699        1455        1        2
2699        1482        1        2
2699        1508        1        2
2672        1535        1        2
2672        1561        1        2
2646        1614        1        2
2646        1667        1        2
2646        1720        1        2
2646        1773        1        2
2619        1826        1        2
2619        1905        1        2
2593        1958        1        2
2593        2037        1        2
2566        2117        1        2
2566        2196        1        2
2540        2249        1        2
2540        2328        1        2
2514        2381        1        2
2514        2434        1        2
2487        2514        1        2
2487        2566        1        2
2461        2593        1        2
2461        2646        1        2
2434        2699        1        2
2434        2725        1        2
2434        2778        1        2
2408        2805        1        2
2408        2831        1        2
2408        2858        1        2
2408        2884        1        2
2408        2910        1        2
2408        2937        1        2
2408        2963        1        2
2408        2990        1        2
2408        2963        1        2
2434        2937        1        2
2434        2910        1        2
2408        2884        1        2
PEN_UP                  0
END_CHARACTER: DXA
