CHARACTER_NAME: TB
STROKE_COUNT: 3
  X           Y   STYLUS_STATE STROKE
PEN_DOWN
1270        1588        1        1
1296        1588        1        1
1323        1588        1        1
1349        1588        1        1
1429        1561        1        1
1482        1561        1        1
1588        1561        1        1
1667        1561        1        1
1799        1561        1        1
1905        1561        1        1
2011        1561        1        1
2117        1561        1        1
2249        1561        1        1
2355        1561        1        1
2461        1535        1        1
2540        1535        1        1
2646        1535        1        1
2725        1535        1        1
2805        1535        1        1
2884        1535        1        1
2937        1508        1        1
2990        1508        1        1
3016        1508        1        1
3043        1508        1        1
3016        1535        1        1
2990        1535        1        1
2937        1535        1        1
2884        1535        1        1
PEN_UP                  0
PEN_DOWN
2170        1588        1        2
2196        1588        1        2
2196        1614        1        2
2196        1640        1        2
2170        1640        1        2
2170        1667        1        2
2143        1693        1        2
2143        1720        1        2
2117        1720        1        2
2090        1746        1        2
2064        1746        1        2
2037        1746        1        2
2011        1746        1        2
2011        1720        1        2
2011        1693        1        2
2037        1667        1        2
2037        1640        1        2
2064        1614        1        2
2090        1614        1        2
2117        1588        1        2
2143        1588        1        2
2170        1588        1        2
2196        1561        1        2
2249        1588        1        2
2275        1588        1        2
2302        1588        1        2
2328        1588        1        2
2355        1614        1        2
2381        1640        1        2
2408        1640        1        2
2408        1667        1        2
2434        1693        1        2
2461        1720        1        2
2461        1773        1        2
2487        1799        1        2
2487        1826        1        2
2487        1879        1        2
2487        1905        1        2
2487        1958        1        2
2487        1984        1        2
2487        2037        1        2
2461        2064        1        2
2461        2117        1        2
2434        2143        1        2
2434        2170        1        2
2408        2223        1        2
2381        2249        1        2
2355        2275        1        2
2328        2302        1        2
2302        2302        1        2
2275        2328        1        2
2249        2328        1        2
2223        2328        1        2
2196        2355        1        2
2143        2355        1        2
2117        2328        1        2
2090        2328        1        2
2037        2328        1        2
1984        2302        1        2
1931        2275        1        2
1905        2249        1        2
1852        2223        1        2
1799        2196        1        2
1746        2143        1        2
1693        2117        1        2
1640        2064        1        2
1588        2011        1        2
1561        1958        1        2
1508        1931        1        2
1482        1879        1        2
1429        1852        1        2
1402        1826        1        2
1376        1799        1        2
1376        1773        1        2
1349        1746        1        2
1376        1746        1        2
PEN_UP                  0
PEN_DOWN
2249        2408        1        3
2249        2381        1        3
2223        2381        1        3
2196        2381        1        3
2170        2381        1        3
2143        2408        1        3
2117        2434        1        3
2090        2434        1        3
2064        2461        1        3
2011        2487        1        3
1984        2514        1        3
1931        2566        1        3
1879        2593        1        3
1852        2619        1        3
1799        2646        1        3
1746        2672        1        3
1720        2699        1        3
1693        2725        1        3
1640        2752        1        3
1614        2778        1        3
1588        2778        1        3
1614        2778        1        3
1640        2778        1        3
1667        2778        1        3
1693        2778        1        3
1720        2778        1        3
1746        2778        1        3
1799        2778        1        3
1826        2805        1        3
1852        2805        1        3
1905        2805        1        3
1931        2831        1        3
1984        2831        1        3
2011        2858        1        3
2064        2884        1        3
2090        2884        1        3
2117        2910        1        3
2170        2937        1        3
2196        2937        1        3
2223        2963        1        3
2249        2990        1        3
2275        3016        1        3
2302        3043        1        3
2302        3069        1        3
2328        3069        1        3
2328        3096        1        3
2328        3069        1        3
2328        3043        1        3
2328        3016        1        3
2328        2990        1        3
2355        2990        1        3
2355        2963        1        3
2355        2937        1        3
2355        2910        1        3
2355        2884        1        3
2355        2858        1        3
2381        2831        1        3
2381        2805        1        3
2381        2778        1        3
2381        2752        1        3
2381        2725        1        3
2381        2699        1        3
2381        2672        1        3
2381        2646        1        3
2381        2619        1        3
2381        2593        1        3
2381        2566        1        3
2381        2540        1        3
2381        2514        1        3
2381        2487        1        3
2381        2461        1        3
2381        2434        1        3
2381        2408        1        3
2355        2381        1        3
2381        2355        1        3
2355        2328        1        3
2355        2302        1        3
2355        2275        1        3
2381        2275        1        3
2381        2249        1        3
2381        2223        1        3
2381        2196        1        3
2355        2223        1        3
2328        2249        1        3
PEN_UP                  0
END_CHARACTER: TB
