CHARACTER_NAME: LK
STROKE_COUNT: 3
  X           Y   STYLUS_STATE STROKE
PEN_DOWN
 212        1164        1        1
 238        1164        1        1
 238        1138        1        1
 238        1164        1        1
 265        1164        1        1
 265        1138        1        1
 291        1138        1        1
 318        1138        1        1
 318        1111        1        1
 344        1111        1        1
 370        1111        1        1
 397        1111        1        1
 423        1111        1        1
 450        1085        1        1
 476        1085        1        1
 529        1085        1        1
 556        1085        1        1
 609        1085        1        1
 661        1085        1        1
 714        1085        1        1
 767        1058        1        1
 820        1058        1        1
 873        1058        1        1
 953        1058        1        1
1005        1058        1        1
1058        1058        1        1
1111        1032        1        1
1164        1032        1        1
1217        1032        1        1
1270        1032        1        1
1323        1032        1        1
1349        1032        1        1
1402        1032        1        1
1429        1032        1        1
1455        1032        1        1
1508        1032        1        1
1535        1032        1        1
1561        1032        1        1
1588        1032        1        1
1614        1032        1        1
1640        1032        1        1
1667        1032        1        1
1693        1032        1        1
1720        1032        1        1
1746        1005        1        1
1773        1005        1        1
1799        1005        1        1
1826        1005        1        1
1852        1005        1        1
1879        1005        1        1
1905        1005        1        1
1931        1005        1        1
1958        1005        1        1
1984        1005        1        1
2011        1005        1        1
2037        1005        1        1
2064        1005        1        1
2090        1005        1        1
2117        1005        1        1
2143        1005        1        1
2170        1005        1        1
2196        1005        1        1
2223        1005        1        1
2249        1005        1        1
2275        1005        1        1
2302        1005        1        1
2328        1005        1        1
2302        1005        1        1
PEN_UP                  0
PEN_DOWN
 476        1720        1        2
 503        1720        1        2
 529        1720        1        2
 529        1746        1        2
 556        1746        1        2
 556        1773        1        2
 556        1746        1        2
 556        1720        1        2
 582        1720        1        2
 582        1693        1        2
 609        1693        1        2
 609        1720        1        2
 609        1746        1        2
 582        1746        1        2
 582        1773        1        2
 556        1773        1        2
 556        1746        1        2
 529        1746        1        2
 556        1746        1        2
 582        1746        1        2
 582        1773        1        2
 556        1773        1        2
 529        1773        1        2
 529        1746        1        2
 503        1746        1        2
 503        1720        1        2
 503        1693        1        2
 503        1667        1        2
 503        1640        1        2
 503        1614        1        2
 503        1588        1        2
 529        1588        1        2
 529        1561        1        2
 529        1535        1        2
 556        1508        1        2
 582        1482        1        2
 609        1482        1        2
 635        1455        1        2
 661        1455        1        2
 688        1455        1        2
 714        1429        1        2
 741        1429        1        2
 794        1429        1        2
 820        1429        1        2
 847        1429        1        2
 873        1429        1        2
 900        1455        1        2
 926        1455        1        2
 953        1482        1        2
 979        1508        1        2
1005        1535        1        2
1005        1561        1        2
1032        1588        1        2
1032        1614        1        2
1032        1640        1        2
1032        1667        1        2
1032        1693        1        2
1032        1720        1        2
1032        1693        1        2
1005        1693        1        2
1005        1667        1        2
1005        1640        1        2
1005        1614        1        2
1005        1588        1        2
1005        1561        1        2
1005        1535        1        2
1005        1508        1        2
1032        1482        1        2
1032        1455        1        2
1032        1429        1        2
1058        1429        1        2
1058        1402        1        2
1085        1402        1        2
1085        1376        1        2
1111        1376        1        2
1138        1376        1        2
1164        1376        1        2
1191        1376        1        2
1217        1376        1        2
1217        1402        1        2
1244        1402        1        2
1270        1429        1        2
1296        1455        1        2
1296        1482        1        2
1323        1482        1        2
1349        1508        1        2
1349        1535        1        2
1376        1561        1        2
1376        1588        1        2
1402        1614        1        2
1402        1640        1        2
1429        1640        1        2
1429        1667        1        2
1455        1667        1        2
1455        1693        1        2
1455        1720        1        2
1482        1720        1        2
1482        1693        1        2
1482        1667        1        2
1482        1640        1        2
1455        1588        1        2
1455        1561        1        2
1455        1508        1        2
1455        1482        1        2
1429        1429        1        2
1429        1376        1        2
1429        1323        1        2
1429        1270        1        2
1429        1244        1        2
1402        1191        1        2
1402        1164        1        2
1402        1138        1        2
1402        1111        1        2
1402        1085        1        2
1402        1058        1        2
PEN_UP                  0
PEN_DOWN
1376        1746        1        3
1376        1773        1        3
1376        1799        1        3
1349        1799        1        3
1349        1826        1        3
1323        1852        1        3
1296        1879        1        3
1270        1905        1        3
1217        1905        1        3
1191        1931        1        3
1138        1958        1        3
1111        1984        1        3
1085        2011        1        3
1058        2037        1        3
1032        2064        1        3
1005        2064        1        3
 979        2090        1        3
 953        2090        1        3
 979        2090        1        3
1005        2090        1        3
1032        2090        1        3
1058        2090        1        3
1085        2090        1        3
1138        2090        1        3
1164        2090        1        3
1217        2090        1        3
1244        2090        1        3
1296        2090        1        3
1323        2090        1        3
1349        2090        1        3
1376        2090        1        3
1402        2117        1        3
1429        2117        1        3
1455        2117        1        3
1482        2143        1        3
1482        2117        1        3
1455        2090        1        3
1455        2064        1        3
1429        2037        1        3
1429        2011        1        3
1429        1984        1        3
1429        1931        1        3
1429        1905        1        3
1429        1852        1        3
1402        1826        1        3
1402        1773        1        3
1402        1746        1        3
1402        1720        1        3
1402        1693        1        3
1402        1667        1        3
1402        1640        1        3
1402        1614        1        3
1429        1640        1        3
1455        1667        1        3
1482        1693        1        3
1508        1693        1        3
1535        1693        1        3
1588        1693        1        3
1614        1720        1        3
1667        1720        1        3
1693        1720        1        3
1746        1720        1        3
1799        1720        1        3
1826        1720        1        3
1879        1746        1        3
1905        1746        1        3
1931        1746        1        3
1958        1746        1        3
1984        1773        1        3
2011        1773        1        3
2011        1799        1        3
2037        1799        1        3
2037        1826        1        3
2037        1852        1        3
2037        1879        1        3
2037        1905        1        3
2011        1905        1        3
2011        1931        1        3
1984        1931        1        3
1958        1958        1        3
1931        1958        1        3
1905        1958        1        3
1879        1958        1        3
1879        1931        1        3
1879        1905        1        3
1879        1879        1        3
END_CHARACTER: LK
