CHARACTER_NAME: LL
STROKE_COUNT: 3
  X           Y   STYLUS_STATE STROKE
PEN_DOWN
1508        2143        1        1
1508        2117        1        1
1535        2117        1        1
1561        2117        1        1
1588        2090        1        1
1640        2090        1        1
1693        2090        1        1
1773        2090        1        1
1852        2064        1        1
1958        2064        1        1
2090        2064        1        1
2196        2037        1        1
2302        2037        1        1
2434        2037        1        1
2540        2037        1        1
2619        2037        1        1
2699        2011        1        1
2778        2011        1        1
2831        2011        1        1
2884        2011        1        1
2910        2011        1        1
2937        2011        1        1
2963        2011        1        1
2990        2011        1        1
2963        2011        1        1
PEN_UP                  0
PEN_DOWN
2090        2699        1        2
2090        2725        1        2
2064        2725        1        2
2064        2752        1        2
2064        2725        1        2
2064        2699        1        2
2090        2699        1        2
2117        2699        1        2
2117        2725        1        2
2090        2725        1        2
2090        2752        1        2
2064        2752        1        2
2037        2752        1        2
2011        2752        1        2
1984        2752        1        2
1958        2725        1        2
1958        2699        1        2
1931        2672        1        2
1931        2646        1        2
1958        2619        1        2
1958        2593        1        2
1984        2566        1        2
1984        2540        1        2
2011        2487        1        2
2037        2487        1        2
2064        2461        1        2
2090        2434        1        2
2117        2434        1        2
2143        2408        1        2
2170        2408        1        2
2196        2408        1        2
2223        2408        1        2
2275        2408        1        2
2302        2434        1        2
2328        2434        1        2
2355        2434        1        2
2381        2461        1        2
2408        2487        1        2
2434        2514        1        2
2434        2540        1        2
2461        2540        1        2
2461        2566        1        2
2461        2593        1        2
2487        2619        1        2
2487        2646        1        2
2487        2672        1        2
2461        2699        1        2
2461        2725        1        2
2434        2725        1        2
2408        2725        1        2
2408        2699        1        2
2408        2672        1        2
2408        2646        1        2
2408        2619        1        2
2408        2593        1        2
2434        2566        1        2
2434        2540        1        2
2461        2514        1        2
2487        2514        1        2
2487        2487        1        2
2514        2487        1        2
2540        2487        1        2
2566        2461        1        2
2593        2461        1        2
2619        2487        1        2
2646        2487        1        2
2672        2487        1        2
2699        2514        1        2
2725        2540        1        2
2752        2566        1        2
2778        2593        1        2
2778        2619        1        2
2805        2646        1        2
2805        2672        1        2
2831        2672        1        2
2831        2699        1        2
2831        2725        1        2
2858        2725        1        2
2858        2752        1        2
2858        2725        1        2
2831        2672        1        2
2831        2646        1        2
2831        2619        1        2
2831        2566        1        2
2805        2514        1        2
2805        2487        1        2
2805        2434        1        2
2805        2381        1        2
2778        2328        1        2
2778        2275        1        2
2778        2223        1        2
2752        2196        1        2
2752        2143        1        2
2752        2117        1        2
2752        2090        1        2
2752        2064        1        2
2752        2037        1        2
2752        2011        1        2
2752        1984        1        2
PEN_UP                  0
PEN_DOWN
2170        3149        1        3
2170        3175        1        3
2143        3175        1        3
2170        3175        1        3
2170        3201        1        3
2170        3228        1        3
2143        3228        1        3
2170        3228        1        3
2170        3201        1        3
2170        3228        1        3
2143        3254        1        3
2117        3254        1        3
2117        3228        1        3
2090        3228        1        3
2090        3201        1        3
2064        3201        1        3
2064        3175        1        3
2064        3149        1        3
2090        3122        1        3
2090        3096        1        3
2117        3069        1        3
2117        3043        1        3
2143        3043        1        3
2170        3016        1        3
2196        2990        1        3
2223        2990        1        3
2249        2963        1        3
2275        2963        1        3
2302        2963        1        3
2355        2963        1        3
2381        2963        1        3
2408        2963        1        3
2434        2963        1        3
2461        2990        1        3
2487        2990        1        3
2514        2990        1        3
2540        3016        1        3
2566        3016        1        3
2593        3043        1        3
2619        3069        1        3
2619        3096        1        3
2646        3122        1        3
2646        3149        1        3
2619        3175        1        3
2593        3175        1        3
2593        3149        1        3
2593        3122        1        3
2593        3096        1        3
2593        3069        1        3
2593        3043        1        3
2619        3043        1        3
2619        3016        1        3
2646        2990        1        3
2672        2990        1        3
2672        2963        1        3
2699        2963        1        3
2725        2963        1        3
2752        2963        1        3
2778        2990        1        3
2805        2990        1        3
2831        2990        1        3
2831        3016        1        3
2858        3016        1        3
2884        3016        1        3
2884        3043        1        3
2910        3069        1        3
2937        3096        1        3
2937        3122        1        3
2937        3149        1        3
2937        3122        1        3
2937        3096        1        3
2910        3096        1        3
2910        3069        1        3
2910        3043        1        3
2910        3016        1        3
2910        2990        1        3
2910        2937        1        3
2910        2910        1        3
2910        2884        1        3
2910        2858        1        3
2910        2805        1        3
2910        2778        1        3
2910        2752        1        3
2910        2725        1        3
2910        2699        1        3
2910        2672        1        3
2910        2646        1        3
2910        2619        1        3
PEN_UP                  0
END_CHARACTER: LL
