CHARACTER_NAME: SM
STROKE_COUNT: 2
  X           Y   STYLUS_STATE STROKE
PEN_DOWN
1111        1746        1        1
1111        1720        1        1
1111        1693        1        1
1111        1667        1        1
1138        1667        1        1
1164        1640        1        1
1191        1640        1        1
1217        1640        1        1
1270        1640        1        1
1296        1640        1        1
1323        1640        1        1
1349        1667        1        1
1402        1667        1        1
1429        1667        1        1
1455        1693        1        1
1482        1720        1        1
1508        1746        1        1
1535        1746        1        1
1561        1773        1        1
1588        1799        1        1
1588        1826        1        1
1614        1852        1        1
1614        1879        1        1
1614        1905        1        1
1614        1931        1        1
1614        1958        1        1
1588        1984        1        1
1561        2011        1        1
1535        2011        1        1
1508        2037        1        1
1482        2037        1        1
1455        2011        1        1
1429        2011        1        1
1402        2011        1        1
1402        1984        1        1
1376        1984        1        1
1402        1958        1        1
1402        1931        1        1
1429        1931        1        1
1429        1905        1        1
1455        1905        1        1
1482        1905        1        1
1508        1905        1        1
1535        1879        1        1
1561        1879        1        1
1588        1879        1        1
1640        1879        1        1
1667        1879        1        1
1693        1879        1        1
1720        1905        1        1
1773        1905        1        1
1799        1905        1        1
1826        1931        1        1
1852        1931        1        1
1852        1958        1        1
1879        1958        1        1
1879        1984        1        1
1879        2011        1        1
1879        2037        1        1
1852        2037        1        1
1852        2064        1        1
1826        2064        1        1
1799        2064        1        1
1773        2064        1        1
1746        2064        1        1
1720        2064        1        1
1693        2064        1        1
1667        2064        1        1
1640        2037        1        1
1614        2037        1        1
1614        2011        1        1
1588        2011        1        1
1614        1984        1        1
1614        1958        1        1
1614        1931        1        1
1614        1905        1        1
1640        1905        1        1
1667        1879        1        1
1667        1852        1        1
1693        1826        1        1
1720        1799        1        1
1746        1799        1        1
1746        1773        1        1
1773        1773        1        1
1799        1773        1        1
1826        1773        1        1
1852        1773        1        1
1879        1799        1        1
1905        1826        1        1
1931        1826        1        1
1958        1852        1        1
1984        1852        1        1
1984        1826        1        1
2011        1826        1        1
2011        1799        1        1
2037        1773        1        1
2064        1746        1        1
2064        1720        1        1
2090        1693        1        1
2090        1720        1        1
2064        1720        1        1
2064        1746        1        1
2064        1773        1        1
2064        1799        1        1
2064        1826        1        1
2064        1852        1        1
2064        1879        1        1
2064        1931        1        1
2064        1958        1        1
2037        2011        1        1
2037        2037        1        1
2037        2090        1        1
2037        2143        1        1
2037        2196        1        1
2037        2249        1        1
2037        2302        1        1
2037        2355        1        1
2011        2408        1        1
2011        2461        1        1
2011        2487        1        1
2011        2540        1        1
2011        2593        1        1
2011        2619        1        1
2011        2646        1        1
2011        2672        1        1
2011        2699        1        1
2011        2725        1        1
2011        2752        1        1
1984        2752        1        1
1958        2752        1        1
1931        2752        1        1
1905        2778        1        1
1879        2778        1        1
1852        2778        1        1
1799        2778        1        1
1773        2805        1        1
1720        2805        1        1
1693        2805        1        1
1640        2805        1        1
1614        2805        1        1
1588        2805        1        1
1561        2805        1        1
1535        2778        1        1
1508        2778        1        1
1508        2752        1        1
1508        2725        1        1
1508        2699        1        1
1535        2672        1        1
1535        2646        1        1
1561        2619        1        1
1561        2593        1        1
1588        2593        1        1
1614        2593        1        1
1640        2566        1        1
1693        2566        1        1
1720        2566        1        1
1773        2566        1        1
1826        2566        1        1
1879        2593        1        1
1931        2593        1        1
1984        2593        1        1
2037        2619        1        1
2064        2619        1        1
2117        2646        1        1
2143        2646        1        1
2196        2646        1        1
2223        2672        1        1
2249        2672        1        1
2275        2699        1        1
2302        2699        1        1
2328        2725        1        1
2355        2752        1        1
2381        2752        1        1
2381        2778        1        1
2408        2778        1        1
2408        2805        1        1
2434        2805        1        1
2461        2805        1        1
2461        2778        1        1
2461        2752        1        1
2461        2725        1        1
2461        2699        1        1
2434        2646        1        1
2434        2619        1        1
2434        2566        1        1
2408        2514        1        1
2408        2461        1        1
2408        2381        1        1
2381        2328        1        1
2381        2275        1        1
2355        2223        1        1
2355        2196        1        1
2355        2143        1        1
2328        2090        1        1
2328        2064        1        1
2328        2037        1        1
2328        2011        1        1
2328        1984        1        1
2328        1958        1        1
2328        1931        1        1
2328        1905        1        1
2328        1879        1        1
2328        1852        1        1
2328        1826        1        1
2355        1826        1        1
2355        1799        1        1
2355        1773        1        1
PEN_UP                  0
PEN_DOWN
1931        1720        1        2
1958        1720        1        2
1984        1746        1        2
2037        1746        1        2
2064        1746        1        2
2117        1746        1        2
2170        1746        1        2
2249        1746        1        2
2302        1773        1        2
2381        1773        1        2
2434        1773        1        2
2514        1773        1        2
2566        1773        1        2
2646        1799        1        2
2699        1799        1        2
2778        1799        1        2
2831        1799        1        2
2884        1799        1        2
2937        1799        1        2
2990        1826        1        2
3016        1826        1        2
3043        1826        1        2
3069        1826        1        2
3096        1826        1        2
3122        1826        1        2
3149        1826        1        2
3175        1826        1        2
3201        1826        1        2
3228        1826        1        2
PEN_UP                  0
END_CHARACTER: SM
