CHARACTER_NAME: NGG
STROKE_COUNT: 5
  X           Y   STYLUS_STATE STROKE
PEN_DOWN
1058        1561        1        1
1085        1561        1        1
1085        1535        1        1
1111        1535        1        1
1138        1535        1        1
1164        1535        1        1
1217        1535        1        1
1270        1535        1        1
1323        1535        1        1
1402        1535        1        1
1508        1508        1        1
1588        1508        1        1
1720        1535        1        1
1826        1535        1        1
1931        1535        1        1
2037        1535        1        1
2143        1535        1        1
2223        1535        1        1
2302        1561        1        1
2381        1561        1        1
2408        1561        1        1
2461        1561        1        1
2487        1561        1        1
2514        1561        1        1
2540        1561        1        1
2566        1561        1        1
PEN_UP                  0
PEN_DOWN
1720        1640        1        2
1720        1667        1        2
1746        1693        1        2
1746        1720        1        2
1746        1746        1        2
1746        1773        1        2
1746        1799        1        2
1720        1799        1        2
1720        1826        1        2
1693        1826        1        2
1693        1852        1        2
1667        1852        1        2
1640        1879        1        2
1614        1879        1        2
1588        1879        1        2
1561        1879        1        2
1535        1879        1        2
1535        1852        1        2
1561        1852        1        2
1588        1852        1        2
1614        1852        1        2
1640        1852        1        2
1667        1852        1        2
1667        1879        1        2
1693        1879        1        2
1720        1879        1        2
1746        1879        1        2
1773        1905        1        2
1799        1905        1        2
1826        1905        1        2
1852        1931        1        2
1879        1931        1        2
1879        1958        1        2
1905        1958        1        2
1905        1984        1        2
1905        2011        1        2
1931        2011        1        2
1931        2037        1        2
1931        2064        1        2
1905        2064        1        2
1905        2090        1        2
1905        2117        1        2
1879        2143        1        2
1852        2143        1        2
1852        2170        1        2
1826        2170        1        2
1826        2196        1        2
1799        2196        1        2
1773        2196        1        2
1746        2196        1        2
1746        2223        1        2
1720        2223        1        2
1693        2223        1        2
1667        2223        1        2
1640        2223        1        2
1614        2223        1        2
1588        2249        1        2
1561        2249        1        2
1535        2249        1        2
1508        2249        1        2
1482        2249        1        2
1455        2249        1        2
1455        2275        1        2
1429        2275        1        2
1402        2275        1        2
1376        2302        1        2
1349        2302        1        2
1349        2328        1        2
1323        2328        1        2
1323        2355        1        2
1323        2381        1        2
1349        2381        1        2
1349        2408        1        2
1376        2408        1        2
1402        2408        1        2
1429        2408        1        2
1455        2408        1        2
1482        2408        1        2
1508        2408        1        2
1535        2408        1        2
1561        2408        1        2
1588        2408        1        2
1588        2381        1        2
1614        2381        1        2
1640        2381        1        2
1640        2355        1        2
1667        2355        1        2
1693        2355        1        2
1693        2328        1        2
1720        2328        1        2
1746        2302        1        2
1773        2302        1        2
1799        2275        1        2
1826        2249        1        2
1852        2249        1        2
1879        2223        1        2
1905        2223        1        2
1931        2196        1        2
1958        2196        1        2
1958        2170        1        2
1984        2170        1        2
2011        2170        1        2
2037        2143        1        2
2064        2143        1        2
2090        2143        1        2
2117        2143        1        2
2143        2143        1        2
2170        2143        1        2
2196        2143        1        2
2223        2143        1        2
2249        2143        1        2
2275        2143        1        2
2302        2143        1        2
2328        2143        1        2
2355        2143        1        2
2381        2170        1        2
2408        2170        1        2
2434        2196        1        2
2461        2196        1        2
2461        2223        1        2
2487        2223        1        2
2461        2196        1        2
2434        2196        1        2
2408        2196        1        2
2381        2196        1        2
2355        2196        1        2
2328        2196        1        2
2302        2196        1        2
2275        2196        1        2
2249        2196        1        2
2223        2196        1        2
2196        2196        1        2
2170        2196        1        2
2143        2196        1        2
2117        2223        1        2
2090        2223        1        2
2064        2223        1        2
2037        2249        1        2
2011        2249        1        2
1984        2249        1        2
1958        2275        1        2
1931        2275        1        2
1905        2302        1        2
1905        2328        1        2
1879        2328        1        2
1879        2355        1        2
1852        2381        1        2
1852        2408        1        2
1826        2434        1        2
1826        2461        1        2
1826        2487        1        2
1826        2514        1        2
1826        2540        1        2
1852        2566        1        2
1879        2593        1        2
1931        2619        1        2
1958        2619        1        2
1984        2646        1        2
2037        2646        1        2
2064        2672        1        2
2117        2672        1        2
2143        2699        1        2
2170        2699        1        2
2196        2699        1        2
2223        2699        1        2
2249        2699        1        2
2275        2699        1        2
2302        2672        1        2
PEN_UP                  0
PEN_DOWN
2064        1614        1        3
2064        1588        1        3
2064        1614        1        3
2064        1640        1        3
2064        1667        1        3
2064        1693        1        3
2064        1720        1        3
2090        1746        1        3
2090        1773        1        3
2117        1773        1        3
2143        1799        1        3
2170        1799        1        3
2196        1826        1        3
2223        1826        1        3
2249        1826        1        3
2275        1852        1        3
2302        1852        1        3
2328        1852        1        3
2355        1852        1        3
2381        1852        1        3
2408        1852        1        3
2434        1852        1        3
2461        1826        1        3
2487        1826        1        3
2487        1799        1        3
2514        1799        1        3
2540        1799        1        3
2540        1773        1        3
2566        1773        1        3
2593        1746        1        3
2593        1720        1        3
2619        1720        1        3
2619        1693        1        3
2619        1667        1        3
2619        1640        1        3
2619        1614        1        3
2619        1588        1        3
2593        1588        1        3
2566        1614        1        3
PEN_UP                  0
PEN_DOWN
1720        1720        1        4
1693        1746        1        4
1693        1773        1        4
1693        1799        1        4
1667        1826        1        4
1667        1852        1        4
1640        1852        1        4
1640        1879        1        4
1614        1879        1        4
1614        1905        1        4
1588        1905        1        4
1588        1931        1        4
1561        1931        1        4
1535        1931        1        4
1535        1905        1        4
1535        1879        1        4
1535        1852        1        4
1535        1826        1        4
1561        1826        1        4
1561        1799        1        4
1588        1799        1        4
1588        1773        1        4
1614        1773        1        4
1614        1799        1        4
1640        1799        1        4
1667        1826        1        4
1667        1852        1        4
1693        1852        1        4
1667        1852        1        4
1667        1879        1        4
PEN_UP                  0
PEN_DOWN
1720        1561        1        5
1720        1535        1        5
1693        1535        1        5
1720        1535        1        5
1720        1508        1        5
1693        1508        1        5
1720        1482        1        5
1720        1508        1        5
1720        1535        1        5
1746        1535        1        5
1746        1561        1        5
1746        1588        1        5
1773        1588        1        5
1773        1614        1        5
1773        1640        1        5
1773        1667        1        5
1799        1667        1        5
1799        1693        1        5
PEN_UP                  0
END_CHARACTER: NGG
