CHARACTER_NAME: NG
STROKE_COUNT: 1
  X           Y   STYLUS_STATE STROKE
PEN_DOWN
1482        1323        1        1
1508        1349        1        1
1508        1376        1        1
1535        1402        1        1
1561        1429        1        1
1588        1455        1        1
1614        1482        1        1
1640        1508        1        1
1667        1535        1        1
1693        1561        1        1
1720        1588        1        1
1773        1614        1        1
1799        1614        1        1
1852        1640        1        1
1879        1667        1        1
1931        1667        1        1
1984        1693        1        1
2011        1693        1        1
2064        1720        1        1
2090        1720        1        1
2117        1720        1        1
2143        1720        1        1
2196        1720        1        1
2223        1720        1        1
2223        1693        1        1
2249        1693        1        1
2275        1693        1        1
2302        1667        1        1
2328        1667        1        1
2355        1640        1        1
2381        1614        1        1
2381        1588        1        1
2408        1561        1        1
2408        1535        1        1
2408        1508        1        1
2381        1508        1        1
2381        1482        1        1
2355        1455        1        1
2355        1429        1        1
2328        1429        1        1
2302        1402        1        1
2275        1402        1        1
2249        1402        1        1
2249        1376        1        1
2223        1376        1        1
2196        1376        1        1
2196        1402        1        1
2170        1402        1        1
2143        1402        1        1
2143        1429        1        1
2117        1455        1        1
2090        1455        1        1
2090        1482        1        1
2064        1508        1        1
2064        1535        1        1
2037        1561        1        1
2011        1588        1        1
2011        1614        1        1
1984        1640        1        1
1984        1667        1        1
1958        1720        1        1
1958        1746        1        1
1931        1773        1        1
1931        1799        1        1
1931        1826        1        1
1905        1879        1        1
1905        1905        1        1
1905        1931        1        1
1905        1958        1        1
1905        1984        1        1
1931        1984        1        1
1931        2011        1        1
1931        2037        1        1
1958        2037        1        1
1958        2064        1        1
1984        2064        1        1
2011        2090        1        1
2037        2090        1        1
2037        2064        1        1
2064        2064        1        1
2090        2064        1        1
2117        2037        1        1
2143        2037        1        1
2170        2037        1        1
2196        2011        1        1
2223        2011        1        1
2249        2011        1        1
2275        2011        1        1
2275        1984        1        1
2302        1984        1        1
2328        1984        1        1
2355        1984        1        1
2381        1984        1        1
2408        1984        1        1
2408        2011        1        1
2434        2011        1        1
2434        2037        1        1
2461        2037        1        1
2461        2064        1        1
2461        2090        1        1
2461        2117        1        1
2461        2143        1        1
2434        2170        1        1
2434        2196        1        1
2408        2223        1        1
2408        2249        1        1
2381        2275        1        1
2355        2302        1        1
2328        2302        1        1
2328        2328        1        1
2275        2355        1        1
2249        2355        1        1
2223        2381        1        1
2170        2381        1        1
2143        2381        1        1
2090        2408        1        1
2037        2408        1        1
2011        2408        1        1
1958        2408        1        1
1905        2381        1        1
1852        2381        1        1
1799        2381        1        1
1746        2355        1        1
1693        2355        1        1
1640        2328        1        1
1614        2302        1        1
1561        2275        1        1
1535        2249        1        1
1482        2223        1        1
1455        2170        1        1
1402        2143        1        1
1376        2090        1        1
1349        2064        1        1
1349        2011        1        1
1323        1984        1        1
1323        1931        1        1
1296        1905        1        1
1296        1879        1        1
1296        1852        1        1
1296        1826        1        1
PEN_UP                  0
END_CHARACTER: NG
