CHARACTER_NAME: MDHA
STROKE_COUNT: 2
  X           Y   STYLUS_STATE STROKE
PEN_DOWN
1085        1879        1        1
1085        1852        1        1
1111        1852        1        1
1138        1852        1        1
1164        1852        1        1
1191        1826        1        1
1217        1826        1        1
1270        1826        1        1
1296        1826        1        1
1376        1826        1        1
1429        1826        1        1
1508        1852        1        1
1588        1852        1        1
1693        1852        1        1
1773        1852        1        1
1879        1852        1        1
1958        1852        1        1
2037        1852        1        1
2117        1852        1        1
2170        1852        1        1
2223        1852        1        1
2275        1852        1        1
2328        1879        1        1
2381        1879        1        1
2408        1879        1        1
2434        1879        1        1
2487        1879        1        1
2514        1879        1        1
2540        1879        1        1
2566        1879        1        1
PEN_UP                  0
PEN_DOWN
1376        1852        1        2
1376        1879        1        2
1349        1879        1        2
1349        1905        1        2
1323        1905        1        2
1323        1931        1        2
1323        1958        1        2
1323        1984        1        2
1296        2011        1        2
1296        2037        1        2
1296        2064        1        2
1270        2090        1        2
1270        2117        1        2
1270        2143        1        2
1270        2170        1        2
1270        2196        1        2
1270        2223        1        2
1244        2249        1        2
1244        2275        1        2
1244        2302        1        2
1244        2328        1        2
1244        2355        1        2
1244        2381        1        2
1217        2408        1        2
1217        2434        1        2
1217        2461        1        2
1217        2487        1        2
1217        2514        1        2
1191        2514        1        2
1191        2540        1        2
1191        2566        1        2
1191        2593        1        2
1191        2619        1        2
1191        2646        1        2
1191        2672        1        2
1191        2699        1        2
1191        2725        1        2
1191        2752        1        2
1191        2778        1        2
1164        2778        1        2
1164        2805        1        2
1164        2831        1        2
1164        2858        1        2
1164        2884        1        2
1191        2884        1        2
1191        2910        1        2
1191        2937        1        2
1191        2963        1        2
1191        2990        1        2
1217        2990        1        2
1217        3016        1        2
1217        3043        1        2
1244        3043        1        2
1244        3069        1        2
1270        3069        1        2
1270        3096        1        2
1296        3096        1        2
1323        3096        1        2
1323        3122        1        2
1349        3122        1        2
1376        3149        1        2
1402        3149        1        2
1429        3149        1        2
1429        3175        1        2
1455        3175        1        2
1482        3175        1        2
1508        3175        1        2
1535        3175        1        2
1561        3201        1        2
1588        3201        1        2
1614        3201        1        2
1640        3201        1        2
1667        3201        1        2
1693        3175        1        2
1720        3175        1        2
1746        3175        1        2
1773        3175        1        2
1799        3175        1        2
1826        3175        1        2
1852        3175        1        2
1879        3149        1        2
1905        3149        1        2
1931        3149        1        2
1931        3122        1        2
1958        3122        1        2
1984        3096        1        2
2011        3096        1        2
2011        3069        1        2
2037        3069        1        2
2064        3043        1        2
2090        3016        1        2
2117        2990        1        2
2143        2963        1        2
2143        2937        1        2
2170        2937        1        2
2170        2910        1        2
2196        2884        1        2
2196        2858        1        2
2196        2831        1        2
2223        2831        1        2
2223        2805        1        2
2223        2778        1        2
2223        2752        1        2
2223        2725        1        2
2223        2699        1        2
2196        2699        1        2
2196        2672        1        2
2170        2646        1        2
2143        2619        1        2
2117        2619        1        2
2117        2593        1        2
2090        2593        1        2
2064        2566        1        2
2037        2566        1        2
2037        2540        1        2
2011        2540        1        2
2011        2514        1        2
1984        2514        1        2
1958        2514        1        2
1958        2487        1        2
1931        2487        1        2
1931        2461        1        2
1905        2461        1        2
1879        2461        1        2
1852        2461        1        2
1852        2487        1        2
1826        2487        1        2
1826        2514        1        2
1799        2514        1        2
1799        2540        1        2
1799        2566        1        2
1799        2593        1        2
1826        2619        1        2
1826        2646        1        2
1852        2646        1        2
1852        2672        1        2
1879        2672        1        2
1905        2672        1        2
1905        2699        1        2
1931        2699        1        2
1958        2699        1        2
1984        2699        1        2
1984        2672        1        2
2011        2672        1        2
2011        2646        1        2
2037        2646        1        2
2037        2619        1        2
2064        2619        1        2
2064        2593        1        2
2037        2593        1        2
PEN_UP                  0
END_CHARACTER: MDHA
