CHARACTER_NAME: KM
STROKE_COUNT: 4
  X           Y   STYLUS_STATE STROKE
PEN_DOWN
1005        1879        1        1
1005        1852        1        1
1032        1852        1        1
1085        1852        1        1
1138        1852        1        1
1191        1852        1        1
1270        1852        1        1
1349        1852        1        1
1429        1826        1        1
1535        1826        1        1
1640        1826        1        1
1746        1826        1        1
1852        1826        1        1
1931        1826        1        1
1984        1826        1        1
2064        1799        1        1
2117        1799        1        1
2143        1799        1        1
2170        1799        1        1
2196        1799        1        1
2223        1799        1        1
2223        1826        1        1
2196        1826        1        1
2170        1852        1        1
2143        1852        1        1
2117        1879        1        1
2064        1905        1        1
2011        1931        1        1
1958        1958        1        1
1879        1984        1        1
1826        2037        1        1
1773        2064        1        1
1693        2090        1        1
1640        2143        1        1
1588        2170        1        1
1561        2196        1        1
1508        2223        1        1
1508        2249        1        1
1482        2275        1        1
1455        2275        1        1
1455        2302        1        1
1482        2328        1        1
1508        2328        1        1
1535        2328        1        1
1561        2328        1        1
1614        2328        1        1
1667        2328        1        1
1720        2328        1        1
1746        2328        1        1
1799        2355        1        1
1852        2355        1        1
1905        2355        1        1
1958        2355        1        1
2011        2381        1        1
2037        2381        1        1
2064        2408        1        1
2117        2408        1        1
2143        2434        1        1
2170        2461        1        1
2196        2461        1        1
2196        2487        1        1
2223        2514        1        1
2249        2540        1        1
2275        2566        1        1
2275        2593        1        1
2302        2593        1        1
2275        2593        1        1
2275        2566        1        1
2249        2540        1        1
2249        2514        1        1
2223        2487        1        1
2223        2434        1        1
2196        2408        1        1
2196        2355        1        1
2170        2302        1        1
2170        2275        1        1
2143        2223        1        1
2143        2196        1        1
2143        2170        1        1
2117        2143        1        1
2117        2117        1        1
2117        2090        1        1
2117        2064        1        1
2117        2037        1        1
2143        2037        1        1
2143        2011        1        1
2170        2011        1        1
2196        2011        1        1
2223        2011        1        1
2249        2011        1        1
2275        2011        1        1
2302        2011        1        1
2328        2037        1        1
2381        2037        1        1
2408        2037        1        1
2434        2064        1        1
2461        2064        1        1
2487        2090        1        1
2514        2090        1        1
2540        2117        1        1
2566        2143        1        1
2566        2170        1        1
2593        2170        1        1
2593        2196        1        1
2593        2223        1        1
2593        2249        1        1
2566        2249        1        1
2540        2249        1        1
2514        2249        1        1
2487        2223        1        1
2487        2196        1        1
2461        2196        1        1
2461        2170        1        1
2434        2143        1        1
2434        2117        1        1
PEN_UP                  0
PEN_DOWN
2196        1879        1        2
2170        1879        1        2
2196        1879        1        2
2223        1879        1        2
2249        1879        1        2
2275        1879        1        2
2328        1879        1        2
2381        1879        1        2
2434        1879        1        2
2487        1905        1        2
2540        1905        1        2
2593        1905        1        2
2646        1905        1        2
2699        1905        1        2
2752        1905        1        2
2778        1905        1        2
2831        1905        1        2
2858        1905        1        2
2884        1905        1        2
2910        1905        1        2
2937        1905        1        2
PEN_UP                  0
PEN_DOWN
2249        2646        1        3
2275        2646        1        3
2302        2646        1        3
2302        2672        1        3
2302        2699        1        3
2302        2725        1        3
2302        2752        1        3
2275        2752        1        3
2275        2778        1        3
2249        2778        1        3
2223        2778        1        3
2196        2805        1        3
2170        2805        1        3
2143        2805        1        3
2143        2778        1        3
2117        2778        1        3
2090        2778        1        3
2090        2752        1        3
2064        2752        1        3
2064        2725        1        3
2064        2699        1        3
2037        2672        1        3
2037        2646        1        3
2064        2619        1        3
2064        2593        1        3
2090        2566        1        3
2117        2540        1        3
2143        2540        1        3
2170        2540        1        3
2196        2540        1        3
2223        2540        1        3
2249        2540        1        3
2302        2540        1        3
2328        2540        1        3
2355        2540        1        3
2408        2540        1        3
2434        2540        1        3
2461        2566        1        3
2514        2566        1        3
2540        2566        1        3
2566        2566        1        3
2593        2593        1        3
2619        2593        1        3
2646        2593        1        3
2672        2593        1        3
2699        2619        1        3
2725        2619        1        3
2752        2646        1        3
2778        2646        1        3
2805        2672        1        3
2831        2672        1        3
2858        2672        1        3
2884        2699        1        3
2910        2699        1        3
2910        2725        1        3
2937        2725        1        3
2963        2752        1        3
2990        2752        1        3
3016        2778        1        3
3016        2752        1        3
2990        2725        1        3
2990        2699        1        3
2990        2672        1        3
2990        2646        1        3
2963        2593        1        3
2963        2566        1        3
2963        2514        1        3
2963        2487        1        3
2937        2434        1        3
2937        2408        1        3
2937        2355        1        3
2937        2302        1        3
2910        2275        1        3
2910        2223        1        3
2910        2196        1        3
2910        2170        1        3
2910        2143        1        3
2910        2117        1        3
2937        2090        1        3
2937        2064        1        3
2937        2037        1        3
2937        2011        1        3
2937        1984        1        3
2937        1958        1        3
2937        1931        1        3
2937        1905        1        3
2937        1879        1        3
2937        1905        1        3
PEN_UP                  0
PEN_DOWN
2831        1984        1        4
2831        1958        1        4
2858        1958        1        4
2884        1958        1        4
2910        1958        1        4
2937        1958        1        4
2990        1958        1        4
3043        1958        1        4
3096        1958        1        4
3149        1958        1        4
3201        1958        1        4
3254        1984        1        4
3307        1984        1        4
3360        1984        1        4
3387        1984        1        4
3440        1984        1        4
3466        1984        1        4
3493        1984        1        4
PEN_UP                  0
END_CHARACTER: KM
