CHARACTER_NAME: CC
STROKE_COUNT: 3
  X           Y   STYLUS_STATE STROKE
PEN_DOWN
1058        1799        1        1
1085        1799        1        1
1111        1799        1        1
1138        1799        1        1
1191        1799        1        1
1270        1799        1        1
1349        1799        1        1
1455        1799        1        1
1561        1799        1        1
1693        1799        1        1
1826        1773        1        1
1931        1773        1        1
2037        1773        1        1
2143        1773        1        1
2249        1773        1        1
2302        1773        1        1
2381        1773        1        1
2408        1773        1        1
2434        1773        1        1
2461        1773        1        1
2487        1773        1        1
2461        1773        1        1
PEN_UP                  0
PEN_DOWN
1588        1826        1        2
1561        1826        1        2
1561        1852        1        2
1561        1879        1        2
1561        1905        1        2
1561        1931        1        2
1561        1958        1        2
1535        1984        1        2
1535        2011        1        2
1535        2064        1        2
1535        2090        1        2
1508        2143        1        2
1508        2170        1        2
1508        2223        1        2
1508        2275        1        2
1508        2328        1        2
1508        2355        1        2
1508        2408        1        2
1482        2461        1        2
1508        2487        1        2
1508        2514        1        2
1508        2566        1        2
1508        2593        1        2
1535        2619        1        2
1535        2646        1        2
1535        2672        1        2
1561        2672        1        2
1561        2699        1        2
1588        2725        1        2
1614        2725        1        2
1640        2725        1        2
1667        2725        1        2
1693        2725        1        2
1720        2725        1        2
1746        2725        1        2
1773        2699        1        2
1799        2699        1        2
1826        2699        1        2
1852        2672        1        2
1879        2646        1        2
1905        2646        1        2
1905        2619        1        2
1931        2593        1        2
1958        2566        1        2
1958        2540        1        2
1958        2514        1        2
1984        2514        1        2
1984        2487        1        2
1958        2461        1        2
1958        2434        1        2
1958        2408        1        2
1931        2408        1        2
1931        2381        1        2
1905        2355        1        2
1905        2328        1        2
1879        2328        1        2
1879        2302        1        2
1852        2302        1        2
1826        2302        1        2
1826        2275        1        2
1799        2275        1        2
1773        2275        1        2
1746        2249        1        2
1720        2249        1        2
1693        2249        1        2
1640        2249        1        2
1614        2249        1        2
1588        2249        1        2
1561        2275        1        2
1535        2275        1        2
1508        2275        1        2
1482        2302        1        2
PEN_UP                  0
PEN_DOWN
2143        1826        1        3
2117        1826        1        3
2090        1826        1        3
2064        1826        1        3
2064        1799        1        3
2037        1799        1        3
2037        1826        1        3
2037        1852        1        3
2037        1879        1        3
2011        1879        1        3
2011        1905        1        3
2011        1931        1        3
2011        1958        1        3
1984        1984        1        3
1984        2011        1        3
1984        2037        1        3
1984        2064        1        3
1984        2090        1        3
1984        2117        1        3
1984        2143        1        3
1984        2170        1        3
1984        2196        1        3
1984        2223        1        3
1958        2249        1        3
1958        2275        1        3
1958        2302        1        3
1958        2328        1        3
1958        2355        1        3
1958        2381        1        3
1958        2408        1        3
1958        2434        1        3
1958        2461        1        3
1958        2487        1        3
1958        2514        1        3
1958        2540        1        3
1958        2566        1        3
1958        2593        1        3
1958        2619        1        3
1958        2646        1        3
1958        2672        1        3
1958        2699        1        3
1958        2725        1        3
1958        2752        1        3
1958        2778        1        3
1958        2805        1        3
1958        2831        1        3
1984        2858        1        3
1984        2884        1        3
1984        2910        1        3
2011        2910        1        3
2037        2910        1        3
2037        2937        1        3
2064        2937        1        3
2090        2937        1        3
2117        2937        1        3
2143        2937        1        3
2170        2937        1        3
2196        2937        1        3
2196        2910        1        3
2223        2910        1        3
2249        2910        1        3
2249        2884        1        3
2275        2884        1        3
2275        2858        1        3
2302        2858        1        3
2302        2831        1        3
2328        2805        1        3
2328        2778        1        3
2328        2752        1        3
2328        2725        1        3
2328        2699        1        3
2328        2672        1        3
2302        2672        1        3
2302        2646        1        3
2275        2646        1        3
2275        2619        1        3
2275        2593        1        3
2249        2593        1        3
2249        2566        1        3
2223        2566        1        3
2223        2540        1        3
2196        2540        1        3
2196        2514        1        3
2170        2514        1        3
2170        2487        1        3
2143        2487        1        3
2143        2461        1        3
2117        2461        1        3
2090        2461        1        3
2064        2461        1        3
2037        2461        1        3
2011        2461        1        3
2011        2434        1        3
1984        2408        1        3
1984        2381        1        3
1958        2355        1        3
1958        2328        1        3
1958        2302        1        3
1958        2275        1        3
1958        2249        1        3
1958        2223        1        3
1958        2196        1        3
PEN_UP                  0
END_CHARACTER: CC
