CHARACTER_NAME: GM
STROKE_COUNT: 1
  X           Y   STYLUS_STATE STROKE
PEN_DOWN
1402        2858        1        1
1429        2858        1        1
1429        2831        1        1
1455        2831        1        1
1482        2831        1        1
1482        2805        1        1
1508        2778        1        1
1535        2778        1        1
1561        2752        1        1
1614        2725        1        1
1640        2699        1        1
1667        2646        1        1
1693        2619        1        1
1746        2593        1        1
1773        2540        1        1
1799        2514        1        1
1799        2461        1        1
1826        2408        1        1
1826        2381        1        1
1852        2355        1        1
1826        2302        1        1
1826        2275        1        1
1799        2249        1        1
1773        2223        1        1
1746        2196        1        1
1693        2196        1        1
1640        2170        1        1
1614        2170        1        1
1561        2170        1        1
1508        2143        1        1
1482        2143        1        1
1429        2143        1        1
1402        2143        1        1
1376        2143        1        1
1376        2117        1        1
1402        2090        1        1
1429        2064        1        1
1455        2064        1        1
1482        2037        1        1
1508        2037        1        1
1561        2011        1        1
1614        2011        1        1
1640        1984        1        1
1667        1984        1        1
1693        1984        1        1
1746        1984        1        1
1773        1984        1        1
1799        2011        1        1
1826        2011        1        1
1852        2037        1        1
1905        2064        1        1
1931        2090        1        1
1984        2117        1        1
2011        2143        1        1
2064        2196        1        1
2090        2223        1        1
2117        2249        1        1
2143        2275        1        1
2170        2302        1        1
2196        2302        1        1
2196        2328        1        1
2223        2328        1        1
2223        2355        1        1
2223        2328        1        1
2249        2328        1        1
2249        2302        1        1
2249        2275        1        1
2249        2249        1        1
2249        2223        1        1
2249        2196        1        1
2223        2143        1        1
2223        2117        1        1
2223        2090        1        1
2223        2064        1        1
2223        2037        1        1
2196        2037        1        1
2196        2011        1        1
2196        1984        1        1
2196        2011        1        1
2196        2037        1        1
2196        2064        1        1
2196        2090        1        1
2196        2117        1        1
2196        2170        1        1
2196        2196        1        1
2196        2249        1        1
2196        2275        1        1
2196        2328        1        1
2170        2381        1        1
2170        2434        1        1
2170        2487        1        1
2170        2540        1        1
2170        2593        1        1
2170        2619        1        1
2170        2672        1        1
2170        2725        1        1
2170        2752        1        1
2170        2805        1        1
2170        2831        1        1
2170        2858        1        1
2170        2884        1        1
2170        2910        1        1
2170        2937        1        1
2170        2963        1        1
2170        2990        1        1
2170        3016        1        1
2170        3043        1        1
2143        3069        1        1
2143        3096        1        1
2117        3096        1        1
2117        3122        1        1
2090        3122        1        1
2064        3149        1        1
2037        3149        1        1
2011        3175        1        1
1984        3175        1        1
1958        3175        1        1
1931        3175        1        1
1905        3175        1        1
1879        3175        1        1
1852        3175        1        1
1826        3149        1        1
1799        3149        1        1
1773        3149        1        1
1773        3122        1        1
1746        3122        1        1
1746        3096        1        1
1746        3069        1        1
1773        3069        1        1
1773        3043        1        1
1799        3043        1        1
1826        3016        1        1
1852        3016        1        1
1879        3016        1        1
1905        2990        1        1
1958        2990        1        1
1984        2990        1        1
2011        2990        1        1
2064        2990        1        1
2090        2990        1        1
2143        2990        1        1
2170        2990        1        1
2196        2990        1        1
2223        3016        1        1
2249        3016        1        1
2275        3016        1        1
2328        3043        1        1
2355        3043        1        1
2355        3069        1        1
2381        3069        1        1
2408        3096        1        1
2434        3122        1        1
2461        3122        1        1
2461        3149        1        1
2487        3175        1        1
2514        3201        1        1
2540        3201        1        1
2540        3228        1        1
2566        3228        1        1
2566        3201        1        1
2566        3175        1        1
2593        3149        1        1
2566        3122        1        1
2566        3096        1        1
2566        3043        1        1
2566        2990        1        1
2540        2937        1        1
2540        2884        1        1
2540        2831        1        1
2514        2778        1        1
2514        2699        1        1
2487        2646        1        1
2487        2566        1        1
2487        2514        1        1
2461        2461        1        1
2461        2408        1        1
2461        2355        1        1
2461        2328        1        1
2461        2302        1        1
2461        2275        1        1
2434        2275        1        1
2434        2249        1        1
2461        2249        1        1
2434        2249        1        1
2434        2223        1        1
2434        2196        1        1
2434        2170        1        1
2408        2170        1        1
2408        2143        1        1
2408        2117        1        1
2381        2117        1        1
2381        2090        1        1
2355        2064        1        1
2328        2064        1        1
2302        2064        1        1
2275        2064        1        1
2249        2064        1        1
2223        2064        1        1
2196        2037        1        1
2170        2037        1        1
2143        2037        1        1
2143        2064        1        1
2117        2064        1        1
2090        2064        1        1
2117        2064        1        1
2143        2064        1        1
2170        2064        1        1
2196        2064        1        1
2249        2064        1        1
2302        2064        1        1
2381        2064        1        1
2461        2090        1        1
2540        2090        1        1
2619        2090        1        1
2725        2090        1        1
2805        2090        1        1
2858        2090        1        1
2937        2117        1        1
2990        2117        1        1
3016        2117        1        1
3069        2117        1        1
3096        2117        1        1
3122        2117        1        1
3149        2117        1        1
PEN_UP                  0
END_CHARACTER: GM
