CHARACTER_NAME: TTT
STROKE_COUNT: 2
  X           Y   STYLUS_STATE STROKE
PEN_DOWN
1270        1879        1        1
1349        1879        1        1
1429        1879        1        1
1535        1879        1        1
1640        1879        1        1
1773        1879        1        1
1905        1879        1        1
2064        1879        1        1
2196        1879        1        1
2302        1879        1        1
2408        1879        1        1
2514        1879        1        1
2593        1879        1        1
2646        1879        1        1
2699        1879        1        1
2752        1879        1        1
2778        1879        1        1
2805        1879        1        1
PEN_UP                  0
PEN_DOWN
2011        2408        1        2
1984        2408        1        2
1958        2408        1        2
1958        2381        1        2
1931        2381        1        2
1931        2355        1        2
1931        2328        1        2
1958        2328        1        2
1984        2355        1        2
2011        2355        1        2
2037        2381        1        2
2037        2408        1        2
2037        2434        1        2
2011        2434        1        2
1984        2434        1        2
1958        2408        1        2
1931        2408        1        2
1905        2381        1        2
1879        2355        1        2
1879        2328        1        2
1879        2302        1        2
1852        2275        1        2
1852        2249        1        2
1879        2223        1        2
1879        2196        1        2
1905        2170        1        2
1905        2143        1        2
1931        2143        1        2
1958        2117        1        2
1984        2117        1        2
2011        2090        1        2
2064        2090        1        2
2090        2090        1        2
2143        2090        1        2
2196        2090        1        2
2249        2117        1        2
2302        2117        1        2
2328        2143        1        2
2381        2143        1        2
2408        2170        1        2
2434        2196        1        2
2461        2223        1        2
2487        2249        1        2
2514        2275        1        2
2514        2302        1        2
2514        2328        1        2
2540        2355        1        2
2514        2408        1        2
2514        2434        1        2
2487        2461        1        2
2487        2514        1        2
2461        2540        1        2
2434        2566        1        2
2434        2593        1        2
2408        2619        1        2
2381        2646        1        2
2355        2646        1        2
2328        2672        1        2
2302        2672        1        2
2302        2699        1        2
2275        2699        1        2
2249        2699        1        2
2249        2672        1        2
2223        2672        1        2
2249        2646        1        2
2249        2619        1        2
2275        2619        1        2
2302        2619        1        2
2328        2619        1        2
2355        2619        1        2
2408        2619        1        2
2434        2646        1        2
2461        2646        1        2
2487        2672        1        2
2514        2699        1        2
2540        2699        1        2
2566        2725        1        2
2593        2752        1        2
2593        2778        1        2
2619        2805        1        2
2619        2831        1        2
2619        2858        1        2
2593        2858        1        2
2593        2884        1        2
2566        2910        1        2
2540        2937        1        2
2487        2963        1        2
2461        2963        1        2
2408        2990        1        2
2328        2990        1        2
2275        2990        1        2
2223        2990        1        2
2143        2963        1        2
2090        2963        1        2
2037        2963        1        2
1984        2937        1        2
1931        2937        1        2
1879        2910        1        2
1852        2884        1        2
1826        2858        1        2
1799        2831        1        2
1773        2805        1        2
1773        2778        1        2
1746        2778        1        2
1746        2752        1        2
1773        2752        1        2
PEN_UP                  0
END_CHARACTER: TTT
