CHARACTER_NAME: NDH
STROKE_COUNT: 3
  X           Y   STYLUS_STATE STROKE
PEN_DOWN
1984        2884        1        1
1958        2884        1        1
1931        2884        1        1
1931        2858        1        1
1958        2858        1        1
1931        2884        1        1
1905        2884        1        1
1879        2910        1        1
1852        2910        1        1
1826        2910        1        1
1826        2884        1        1
1799        2884        1        1
1799        2858        1        1
1799        2831        1        1
1826        2805        1        1
1826        2778        1        1
1852        2778        1        1
1879        2752        1        1
1905        2752        1        1
1931        2725        1        1
1958        2725        1        1
1984        2725        1        1
2037        2725        1        1
2064        2725        1        1
2090        2725        1        1
2143        2725        1        1
2170        2752        1        1
2223        2752        1        1
2249        2778        1        1
2275        2805        1        1
2328        2805        1        1
2355        2831        1        1
2381        2858        1        1
2408        2884        1        1
2434        2910        1        1
2461        2937        1        1
2487        2963        1        1
2514        2990        1        1
2540        3016        1        1
2566        3043        1        1
2593        3043        1        1
2593        3016        1        1
2593        2990        1        1
2593        2937        1        1
2593        2910        1        1
2593        2858        1        1
2619        2805        1        1
2619        2752        1        1
2619        2672        1        1
2619        2619        1        1
2646        2540        1        1
2646        2487        1        1
2646        2434        1        1
2646        2381        1        1
2672        2355        1        1
2672        2328        1        1
2672        2302        1        1
2646        2302        1        1
2646        2328        1        1
PEN_UP                  0
PEN_DOWN
2725        3016        1        2
2699        3016        1        2
2672        3016        1        2
2646        3016        1        2
2619        3043        1        2
2593        3043        1        2
2540        3043        1        2
2514        3069        1        2
2461        3096        1        2
2408        3096        1        2
2328        3122        1        2
2275        3149        1        2
2223        3175        1        2
2170        3201        1        2
2143        3201        1        2
2090        3228        1        2
2064        3254        1        2
2037        3281        1        2
2011        3281        1        2
2011        3307        1        2
2037        3334        1        2
2090        3334        1        2
2117        3360        1        2
2170        3360        1        2
2223        3387        1        2
2275        3387        1        2
2355        3413        1        2
2408        3413        1        2
2461        3440        1        2
2514        3440        1        2
2566        3466        1        2
2619        3493        1        2
2646        3493        1        2
2672        3519        1        2
2699        3519        1        2
2725        3545        1        2
2752        3545        1        2
2752        3572        1        2
2778        3572        1        2
2752        3545        1        2
2752        3519        1        2
2778        3493        1        2
2752        3466        1        2
2752        3413        1        2
2752        3387        1        2
2752        3334        1        2
2752        3281        1        2
2752        3254        1        2
2752        3201        1        2
2725        3175        1        2
2725        3122        1        2
2725        3096        1        2
2725        3069        1        2
2725        3043        1        2
2699        3016        1        2
2699        2990        1        2
2672        2990        1        2
2646        2990        1        2
2646        3016        1        2
2672        3016        1        2
2699        3016        1        2
2725        3016        1        2
2778        3043        1        2
2831        3043        1        2
2884        3069        1        2
2937        3069        1        2
2990        3096        1        2
3043        3122        1        2
3096        3122        1        2
3122        3149        1        2
3175        3149        1        2
3175        3175        1        2
3201        3175        1        2
3228        3175        1        2
3254        3175        1        2
3228        3149        1        2
3201        3149        1        2
3175        3175        1        2
3149        3201        1        2
3122        3228        1        2
3096        3281        1        2
3069        3307        1        2
3069        3360        1        2
3043        3387        1        2
3043        3413        1        2
3043        3466        1        2
PEN_UP                  0
PEN_DOWN
1535        2328        1        3
1535        2355        1        3
1561        2355        1        3
1588        2355        1        3
1614        2381        1        3
1640        2381        1        3
1720        2381        1        3
1773        2408        1        3
1879        2408        1        3
1984        2408        1        3
2090        2434        1        3
2223        2434        1        3
2328        2461        1        3
2461        2461        1        3
2593        2487        1        3
2699        2487        1        3
2805        2514        1        3
2884        2514        1        3
2963        2514        1        3
3043        2514        1        3
3096        2540        1        3
3122        2540        1        3
3149        2540        1        3
3175        2540        1        3
3201        2540        1        3
3201        2566        1        3
3201        2593        1        3
PEN_UP                  0
END_CHARACTER: NDH
