CHARACTER_NAME: DV
STROKE_COUNT: 2
  X           Y   STYLUS_STATE STROKE
PEN_DOWN
1349        2117        1        1
1376        2117        1        1
1402        2090        1        1
1455        2090        1        1
1482        2090        1        1
1508        2090        1        1
1561        2090        1        1
1588        2090        1        1
1640        2064        1        1
1667        2064        1        1
1720        2064        1        1
1746        2064        1        1
1799        2064        1        1
1852        2064        1        1
1879        2064        1        1
1931        2090        1        1
1958        2090        1        1
1984        2090        1        1
2011        2090        1        1
2037        2090        1        1
PEN_UP                  0
PEN_DOWN
1614        2143        1        2
1614        2170        1        2
1614        2223        1        2
1614        2249        1        2
1614        2275        1        2
1588        2328        1        2
1588        2355        1        2
1588        2408        1        2
1561        2434        1        2
1561        2461        1        2
1561        2514        1        2
1535        2540        1        2
1535        2566        1        2
1535        2593        1        2
1535        2619        1        2
1508        2646        1        2
1508        2672        1        2
1535        2672        1        2
1535        2646        1        2
1561        2646        1        2
1588        2646        1        2
1614        2646        1        2
1640        2619        1        2
1693        2593        1        2
1720        2593        1        2
1746        2566        1        2
1773        2566        1        2
1799        2566        1        2
1826        2540        1        2
1852        2540        1        2
1879        2540        1        2
1905        2540        1        2
1931        2540        1        2
1958        2540        1        2
1984        2540        1        2
2011        2566        1        2
2037        2566        1        2
2064        2593        1        2
2090        2593        1        2
2090        2619        1        2
2090        2646        1        2
2117        2646        1        2
2090        2672        1        2
2090        2699        1        2
2064        2699        1        2
2037        2699        1        2
2037        2725        1        2
2011        2725        1        2
1984        2725        1        2
1958        2752        1        2
1931        2752        1        2
1905        2752        1        2
1905        2778        1        2
1879        2778        1        2
1852        2805        1        2
1826        2805        1        2
1826        2831        1        2
1826        2858        1        2
1826        2884        1        2
1826        2910        1        2
1852        2910        1        2
1852        2937        1        2
1879        2937        1        2
1905        2963        1        2
1931        2963        1        2
1958        2990        1        2
1984        2990        1        2
2011        2990        1        2
2037        2990        1        2
2064        2990        1        2
2090        2990        1        2
2117        2990        1        2
2143        2990        1        2
2170        2990        1        2
2196        2990        1        2
2170        2990        1        2
2143        2990        1        2
2143        3016        1        2
2117        3016        1        2
2143        3016        1        2
2170        3016        1        2
2170        2990        1        2
2143        3016        1        2
2170        3016        1        2
2170        2990        1        2
2170        3016        1        2
2170        2990        1        2
2196        2990        1        2
2196        2963        1        2
2170        2963        1        2
2143        2963        1        2
2117        2937        1        2
2090        2937        1        2
2064        2937        1        2
2037        2963        1        2
2011        2963        1        2
1984        2963        1        2
1958        2963        1        2
1931        2990        1        2
1958        3016        1        2
1984        3016        1        2
1984        3043        1        2
2011        3043        1        2
2037        3069        1        2
2090        3069        1        2
2117        3069        1        2
2143        3069        1        2
2170        3096        1        2
2196        3096        1        2
2249        3069        1        2
2275        3069        1        2
2302        3069        1        2
2328        3069        1        2
2355        3043        1        2
2381        3043        1        2
2408        3043        1        2
2434        3043        1        2
2434        3016        1        2
2461        3016        1        2
2487        2990        1        2
2514        2990        1        2
2540        2990        1        2
2540        3016        1        2
2566        3016        1        2
2593        3043        1        2
2619        3069        1        2
2619        3096        1        2
2619        3122        1        2
2619        3149        1        2
2593        3149        1        2
2593        3175        1        2
2566        3201        1        2
2540        3228        1        2
2514        3228        1        2
2487        3228        1        2
2461        3254        1        2
2408        3254        1        2
2355        3254        1        2
2302        3254        1        2
2249        3254        1        2
2196        3228        1        2
2143        3228        1        2
2117        3228        1        2
2064        3201        1        2
2011        3201        1        2
1958        3175        1        2
1931        3149        1        2
1879        3122        1        2
1826        3096        1        2
1773        3043        1        2
1746        3016        1        2
1693        2963        1        2
1640        2910        1        2
1588        2858        1        2
1561        2805        1        2
1508        2752        1        2
1482        2725        1        2
1455        2672        1        2
1455        2646        1        2
1429        2619        1        2
PEN_UP                  0
END_CHARACTER: DV
