CHARACTER_NAME: BL
STROKE_COUNT: 3
  X           Y   STYLUS_STATE STROKE
PEN_DOWN
1191        1773        1        1
1217        1773        1        1
1244        1773        1        1
1270        1746        1        1
1323        1746        1        1
1402        1746        1        1
1482        1746        1        1
1561        1746        1        1
1667        1746        1        1
1773        1746        1        1
1879        1746        1        1
1984        1746        1        1
2064        1746        1        1
2143        1746        1        1
2196        1746        1        1
2249        1746        1        1
2275        1746        1        1
2302        1746        1        1
2328        1746        1        1
2355        1746        1        1
2381        1746        1        1
2355        1746        1        1
2355        1773        1        1
2328        1773        1        1
2275        1773        1        1
2249        1799        1        1
2196        1799        1        1
2143        1826        1        1
2064        1852        1        1
2011        1879        1        1
1931        1905        1        1
1879        1931        1        1
1799        1958        1        1
1746        1984        1        1
1693        2037        1        1
1640        2064        1        1
1588        2117        1        1
1561        2143        1        1
1535        2196        1        1
1535        2223        1        1
1508        2249        1        1
1508        2275        1        1
1535        2302        1        1
1535        2328        1        1
1561        2328        1        1
1614        2355        1        1
1667        2355        1        1
1720        2355        1        1
1799        2355        1        1
1852        2355        1        1
1931        2381        1        1
1984        2381        1        1
2037        2381        1        1
2090        2381        1        1
2143        2381        1        1
2170        2408        1        1
2196        2408        1        1
2223        2434        1        1
2249        2434        1        1
2249        2461        1        1
2275        2487        1        1
2275        2514        1        1
2275        2540        1        1
2302        2540        1        1
2302        2514        1        1
2302        2487        1        1
2302        2461        1        1
2302        2434        1        1
2302        2381        1        1
2302        2328        1        1
2275        2275        1        1
2275        2223        1        1
2275        2170        1        1
2275        2117        1        1
2275        2090        1        1
2275        2037        1        1
2275        2011        1        1
2302        1984        1        1
2302        1958        1        1
2302        1931        1        1
2302        1905        1        1
2302        1879        1        1
2302        1852        1        1
2328        1826        1        1
2302        1826        1        1
PEN_UP                  0
PEN_DOWN
1508        2884        1        2
1508        2858        1        2
1508        2884        1        2
1508        2910        1        2
1482        2910        1        2
1482        2884        1        2
1455        2884        1        2
1455        2858        1        2
1455        2831        1        2
1455        2805        1        2
1455        2778        1        2
1455        2752        1        2
1482        2725        1        2
1508        2725        1        2
1535        2699        1        2
1561        2699        1        2
1614        2699        1        2
1640        2699        1        2
1693        2699        1        2
1720        2699        1        2
1746        2725        1        2
1799        2725        1        2
1826        2725        1        2
1852        2752        1        2
1879        2778        1        2
1879        2805        1        2
1905        2805        1        2
1905        2831        1        2
1905        2858        1        2
1905        2884        1        2
1905        2910        1        2
1905        2937        1        2
1905        2910        1        2
1905        2884        1        2
1931        2858        1        2
1931        2831        1        2
1958        2831        1        2
1958        2805        1        2
1984        2805        1        2
2011        2778        1        2
2037        2778        1        2
2064        2752        1        2
2090        2752        1        2
2117        2752        1        2
2143        2752        1        2
2170        2752        1        2
2196        2752        1        2
2223        2752        1        2
2223        2778        1        2
2249        2778        1        2
2275        2778        1        2
2275        2805        1        2
2302        2805        1        2
2328        2831        1        2
2328        2858        1        2
2355        2858        1        2
2355        2884        1        2
2381        2910        1        2
2408        2910        1        2
2408        2937        1        2
2434        2937        1        2
2434        2963        1        2
2434        2937        1        2
2434        2910        1        2
2434        2884        1        2
2434        2858        1        2
2434        2805        1        2
2434        2778        1        2
2434        2752        1        2
2461        2699        1        2
2461        2672        1        2
2461        2646        1        2
2461        2619        1        2
2461        2593        1        2
2434        2593        1        2
PEN_UP                  0
PEN_DOWN
2434        2566        1        3
2434        2540        1        3
2434        2514        1        3
2434        2487        1        3
2434        2461        1        3
2408        2461        1        3
2408        2434        1        3
2381        2434        1        3
2355        2434        1        3
2328        2434        1        3
2302        2408        1        3
2275        2408        1        3
2275        2434        1        3
PEN_UP                  0
END_CHARACTER: BL
